ASV1488	98.881	447	5	0	1	447	284	730	0.0	798	tax=d:Bacteria,p:Planctomycetes,c:Planctomycetia,o:Planctomycetales,f:Planctomycetaceae,g:CP011270_g,s:CP011270_s
ASV1488	91.091	449	36	4	1	447	282	728	2.93e-172	604	tax=d:Bacteria,p:Planctomycetes,c:Planctomycetia,o:Planctomycetales,f:Planctomycetaceae,g:HQ828012_g,s:EU332801_s
ASV1488	90.646	449	38	4	1	447	287	733	6.34e-169	593	tax=d:Bacteria,p:Planctomycetes,c:Planctomycetia,o:Planctomycetales,f:Planctomycetaceae,g:HQ828012_g,s:JN391828_s
ASV1488	89.755	449	44	2	1	447	290	738	8.26e-163	573	tax=d:Bacteria,p:Planctomycetes,c:Planctomycetia,o:Planctomycetales,f:Planctomycetaceae,g:AB630617_g,s:AB630617_s
ASV1488	89.755	449	42	4	1	447	284	730	2.97e-162	571	tax=d:Bacteria,p:Planctomycetes,c:Planctomycetia,o:Planctomycetales,f:Planctomycetaceae,g:HQ828012_g,s:HQ828012_s
ASV1488	89.755	449	42	3	1	447	309	755	2.97e-162	571	tax=d:Bacteria,p:Planctomycetes,c:Planctomycetia,o:Planctomycetales,f:Planctomycetaceae,g:Planctomicrobium,s:HM630175_s
ASV1488	89.709	447	46	0	1	447	291	737	2.97e-162	571	tax=d:Bacteria,p:Planctomycetes,c:Planctomycetia,o:Planctomycetales,f:Planctomycetaceae,g:GQ488008_g,s:FJ660498_s
ASV1488	89.709	447	46	0	1	447	290	736	2.97e-162	571	tax=d:Bacteria,p:Planctomycetes,c:Planctomycetia,o:Planctomycetales,f:Planctomycetaceae,g:AB630617_g,s:AM935300_s
ASV1488	89.532	449	45	2	1	447	310	758	3.84e-161	568	tax=d:Bacteria,p:Planctomycetes,c:Planctomycetia,o:Planctomycetales,f:Planctomycetaceae,g:JQ800942_g,s:JQ800942_s
ASV1488	89.509	448	45	2	1	447	293	739	1.38e-160	566	tax=d:Bacteria,p:Planctomycetes,c:Planctomycetia,o:Planctomycetales,f:Planctomycetaceae,g:Planctomicrobium,s:JN981914_s
ASV1488	89.333	450	42	4	1	447	308	754	6.43e-159	560	tax=d:Bacteria,p:Planctomycetes,c:Planctomycetia,o:Planctomycetales,f:Planctomycetaceae,g:Planctomicrobium,s:HF558609_s
ASV1488	89.087	449	45	4	1	447	293	739	2.99e-157	555	tax=d:Bacteria,p:Planctomycetes,c:Planctomycetia,o:Planctomycetales,f:Planctomycetaceae,g:Planctomicrobium,s:GQ487907_s
ASV1488	89.038	447	49	0	1	447	273	719	2.99e-157	555	tax=d:Bacteria,p:Planctomycetes,c:Planctomycetia,o:Planctomycetales,f:Planctomycetaceae,g:GQ488008_g,s:AM902622_s
ASV1488	88.745	462	36	7	1	447	291	751	3.87e-156	551	tax=d:Bacteria,p:Planctomycetes,c:Planctomycetia,o:Planctomycetales,f:Planctomycetaceae,g:X81954_g,s:AB257645_s
ASV1488	88.864	449	46	4	1	447	291	737	1.39e-155	549	tax=d:Bacteria,p:Planctomycetes,c:Planctomycetia,o:Planctomycetales,f:Planctomycetaceae,g:GQ488008_g,s:GQ488008_s
ASV1488	88.641	449	49	2	1	447	295	743	1.80e-154	545	tax=d:Bacteria,p:Planctomycetes,c:Planctomycetia,o:Planctomycetales,f:Planctomycetaceae,g:JQ800942_g,s:JQ347346_s
ASV1488	88.616	448	49	2	1	447	290	736	6.48e-154	544	tax=d:Bacteria,p:Planctomycetes,c:Planctomycetia,o:Planctomycetales,f:Planctomycetaceae,g:PAC000075_g,s:AM902615_s
ASV1488	88.591	447	51	0	1	447	293	739	6.48e-154	544	tax=d:Bacteria,p:Planctomycetes,c:Planctomycetia,o:Planctomycetales,f:Planctomycetaceae,g:Rubinisphaera,s:AF513967_s
ASV1488	88.337	463	37	9	1	447	290	751	8.38e-153	540	tax=d:Bacteria,p:Planctomycetes,c:Planctomycetia,o:Planctomycetales,f:Planctomycetaceae,g:X81954_g,s:X81954_s
ASV1488	88.367	447	52	0	1	447	259	705	3.01e-152	538	tax=d:Bacteria,p:Planctomycetes,c:Planctomycetia,o:Planctomycetales,f:Planctomycetaceae,g:Rubinisphaera,s:JN825607_s
ASV1488	88.069	461	41	5	1	447	290	750	3.90e-151	534	tax=d:Bacteria,p:Planctomycetes,c:Planctomycetia,o:Planctomycetales,f:Planctomycetaceae,g:X81954_g,s:EU135201_s
ASV1488	88.170	448	49	3	1	447	292	736	5.04e-150	531	tax=d:Bacteria,p:Planctomycetes,c:Planctomycetia,o:Planctomycetales,f:Planctomycetaceae,g:Rubinisphaera,s:Rubinisphaera brasiliensis
ASV1488	87.852	461	42	7	1	447	289	749	1.81e-149	529	tax=d:Bacteria,p:Planctomycetes,c:Planctomycetia,o:Planctomycetales,f:Planctomycetaceae,g:X81954_g,s:GU455023_s
ASV1488	87.973	449	50	4	1	447	291	737	6.52e-149	527	tax=d:Bacteria,p:Planctomycetes,c:Planctomycetia,o:Planctomycetales,f:Planctomycetaceae,g:Planctomicrobium,s:X81956_s
ASV1488	87.919	447	54	0	1	447	292	738	6.52e-149	527	tax=d:Bacteria,p:Planctomycetes,c:Planctomycetia,o:Planctomycetales,f:Planctomycetaceae,g:Planctomicrobium,s:FR675951_s
ASV1488	87.919	447	54	0	1	447	293	739	6.52e-149	527	tax=d:Bacteria,p:Planctomycetes,c:Planctomycetia,o:Planctomycetales,f:Planctomycetaceae,g:Planctomicrobium,s:FJ543006_s
ASV1488	87.946	448	52	2	1	447	292	738	6.52e-149	527	tax=d:Bacteria,p:Planctomycetes,c:Planctomycetia,o:Planctomycetales,f:Planctomycetaceae,g:Rubinisphaera,s:DQ015774_s
ASV1488	87.946	448	50	4	1	447	291	735	2.35e-148	525	tax=d:Bacteria,p:Planctomycetes,c:Planctomycetia,o:Planctomycetales,f:Planctomycetaceae,g:AJ231186_g,s:AJ231186_s
ASV1488	87.662	462	41	8	1	447	291	751	8.44e-148	523	tax=d:Bacteria,p:Planctomycetes,c:Planctomycetia,o:Planctomycetales,f:Planctomycetaceae,g:X81954_g,s:PAC002508_s
ASV1488	87.636	461	43	6	1	447	291	751	8.44e-148	523	tax=d:Bacteria,p:Planctomycetes,c:Planctomycetia,o:Planctomycetales,f:Planctomycetaceae,g:X81954_g,s:LSTH_s
ASV1488	87.636	461	43	6	1	447	291	751	8.44e-148	523	tax=d:Bacteria,p:Planctomycetes,c:Planctomycetia,o:Planctomycetales,f:Planctomycetaceae,g:X81954_g,s:JX280094_s
ASV1488	87.946	448	48	6	3	447	293	737	8.44e-148	523	tax=d:Bacteria,p:Planctomycetes,c:Planctomycetia,o:Planctomycetales,f:Planctomycetaceae,g:Planctomicrobium,s:FJ542879_s
ASV1488	87.751	449	51	4	1	447	289	735	3.04e-147	521	tax=d:Bacteria,p:Planctomycetes,c:Planctomycetia,o:Planctomycetales,f:Planctomycetaceae,g:Planctomicrobium,s:X81955_s
ASV1488	87.419	461	44	7	1	447	291	751	3.93e-146	518	tax=d:Bacteria,p:Planctomycetes,c:Planctomycetia,o:Planctomycetales,f:Planctomycetaceae,g:X81954_g,s:FJ478560_s
ASV1488	87.472	447	56	0	1	447	308	754	1.41e-145	516	tax=d:Bacteria,p:Planctomycetes,c:Planctomycetia,o:Planctomycetales,f:Planctomycetaceae,g:Rubinisphaera,s:JN860365_s
ASV1488	87.528	449	52	4	1	447	293	739	1.41e-145	516	tax=d:Bacteria,p:Planctomycetes,c:Planctomycetia,o:Planctomycetales,f:Planctomycetaceae,g:Planctomicrobium,s:Planctomicrobium piriforme
ASV1488	87.583	451	49	7	1	447	291	738	1.41e-145	516	tax=d:Bacteria,p:Planctomycetes,c:Planctomycetia,o:Planctomycetales,f:Planctomycetaceae,g:Planctomicrobium,s:GQ264049_s
ASV1488	87.472	447	56	0	1	447	304	750	1.41e-145	516	tax=d:Bacteria,p:Planctomycetes,c:Planctomycetia,o:Planctomycetales,f:Planctomycetaceae,g:Planctomicrobium,s:FJ542938_s
ASV1488	87.444	446	54	2	3	447	306	750	1.83e-144	512	tax=d:Bacteria,p:Planctomycetes,c:Planctomycetia,o:Planctomycetales,f:Planctomycetaceae,g:Planctomicrobium,s:FJ542835_s
ASV1488	87.361	451	48	9	1	447	304	749	6.57e-144	510	tax=d:Bacteria,p:Planctomycetes,c:Planctomycetia,o:Planctomycetales,f:Planctomycetaceae,g:Planctomicrobium,s:JN178219_s
ASV1488	87.305	449	53	4	1	447	291	737	6.57e-144	510	tax=d:Bacteria,p:Planctomycetes,c:Planctomycetia,o:Planctomycetales,f:Planctomycetaceae,g:Planctomicrobium,s:GQ009454_s
ASV1488	86.825	463	44	7	1	447	264	725	3.95e-141	501	tax=d:Bacteria,p:Planctomycetes,c:Planctomycetia,o:Planctomycetales,f:Planctomycetaceae,g:HQ190380_g,s:EU491483_s
ASV1488	87.025	447	52	1	1	447	289	729	1.42e-140	499	tax=d:Bacteria,p:Planctomycetes,c:Planctomycetia,o:Planctomycetales,f:Planctomycetaceae,g:Rubinisphaera,s:JN453935_s
ASV1488	86.889	450	53	5	1	447	295	741	1.42e-140	499	tax=d:Bacteria,p:Planctomycetes,c:Planctomycetia,o:Planctomycetales,f:Planctomycetaceae,g:Planctomicrobium,s:JF272065_s
ASV1488	86.609	463	45	6	1	447	293	754	1.84e-139	496	tax=d:Bacteria,p:Planctomycetes,c:Planctomycetia,o:Planctomycetales,f:Planctomycetaceae,g:Fuerstia,s:GQ487926_s
ASV1488	86.609	463	44	9	1	447	305	765	1.84e-139	496	tax=d:Bacteria,p:Planctomycetes,c:Planctomycetia,o:Planctomycetales,f:Planctomycetaceae,g:EU881226_g,s:GQ340346_s
ASV1488	86.609	463	45	8	1	447	269	730	1.84e-139	496	tax=d:Bacteria,p:Planctomycetes,c:Planctomycetia,o:Planctomycetales,f:Planctomycetaceae,g:FJ232628_g,s:FJ232628_s
ASV1488	86.667	465	41	10	1	447	289	750	1.84e-139	496	tax=d:Bacteria,p:Planctomycetes,c:Planctomycetia,o:Planctomycetales,f:Planctomycetaceae,g:Fuerstia,s:EU234160_s
ASV1488	86.393	463	46	8	1	447	289	750	8.56e-138	490	tax=d:Bacteria,p:Planctomycetes,c:Planctomycetia,o:Planctomycetales,f:Planctomycetaceae,g:HQ190380_g,s:GU362985_s
ASV1488	86.393	463	46	6	1	447	289	750	8.56e-138	490	tax=d:Bacteria,p:Planctomycetes,c:Planctomycetia,o:Planctomycetales,f:Planctomycetaceae,g:Fuerstia,s:GQ500873_s
ASV1488	86.422	464	44	11	1	447	305	766	8.56e-138	490	tax=d:Bacteria,p:Planctomycetes,c:Planctomycetia,o:Planctomycetales,f:Planctomycetaceae,g:EU881226_g,s:GQ487909_s
ASV1488	86.422	464	44	5	1	447	297	758	8.56e-138	490	tax=d:Bacteria,p:Planctomycetes,c:Planctomycetia,o:Planctomycetales,f:Planctomycetaceae,g:EU753676_g,s:EU753676_s
ASV1488	86.364	462	48	5	1	447	309	770	8.56e-138	490	tax=d:Bacteria,p:Planctomycetes,c:Planctomycetia,o:Planctomycetales,f:Planctomycetaceae,g:PAC000075_g,s:EF157243_s
ASV1488	86.364	462	47	10	1	447	306	766	8.56e-138	490	tax=d:Bacteria,p:Planctomycetes,c:Planctomycetia,o:Planctomycetales,f:Planctomycetaceae,g:EU881226_g,s:AF316776_s
ASV1488	86.564	454	47	11	1	447	312	758	3.08e-137	488	tax=d:Bacteria,p:Planctomycetes,c:Planctomycetia,o:Planctomycetales,f:Planctomycetaceae,g:FJ543064_g,s:JQ287305_s
ASV1488	86.207	464	45	11	1	447	302	763	1.11e-136	486	tax=d:Bacteria,p:Planctomycetes,c:Planctomycetia,o:Planctomycetales,f:Planctomycetaceae,g:HQ190380_g,s:GQ994843_s
ASV1488	86.147	462	48	5	1	447	307	767	3.98e-136	484	tax=d:Bacteria,p:Planctomycetes,c:Planctomycetia,o:Planctomycetales,f:Planctomycetaceae,g:PAC000075_g,s:PAC000075_s
ASV1488	86.207	464	45	8	1	447	289	750	3.98e-136	484	tax=d:Bacteria,p:Planctomycetes,c:Planctomycetia,o:Planctomycetales,f:Planctomycetaceae,g:Fuerstia,s:JN869237_s
ASV1488	86.207	464	44	9	1	447	307	767	3.98e-136	484	tax=d:Bacteria,p:Planctomycetes,c:Planctomycetia,o:Planctomycetales,f:Planctomycetaceae,g:EU881226_g,s:EF580936_s
ASV1488	85.961	463	48	5	1	447	307	768	1.85e-134	479	tax=d:Bacteria,p:Planctomycetes,c:Planctomycetia,o:Planctomycetales,f:Planctomycetaceae,g:PAC000075_g,s:HQ592589_s
ASV1488	85.991	464	46	9	1	447	293	754	1.85e-134	479	tax=d:Bacteria,p:Planctomycetes,c:Planctomycetia,o:Planctomycetales,f:Planctomycetaceae,g:Fuerstia,s:HM780279_s
ASV1488	85.961	463	48	6	1	447	289	750	1.85e-134	479	tax=d:Bacteria,p:Planctomycetes,c:Planctomycetia,o:Planctomycetales,f:Planctomycetaceae,g:Fuerstia,s:GQ500806_s
ASV1488	85.961	463	48	7	1	447	289	750	1.85e-134	479	tax=d:Bacteria,p:Planctomycetes,c:Planctomycetia,o:Planctomycetales,f:Planctomycetaceae,g:Fuerstia,s:EF632949_s
ASV1488	85.931	462	50	7	1	447	311	772	1.85e-134	479	tax=d:Bacteria,p:Planctomycetes,c:Planctomycetia,o:Planctomycetales,f:Planctomycetaceae,g:PAC000075_g,s:AM935439_s
ASV1488	86.052	466	42	11	1	447	294	755	1.85e-134	479	tax=d:Bacteria,p:Planctomycetes,c:Planctomycetia,o:Planctomycetales,f:Planctomycetaceae,g:EU881226_g,s:AM902618_s
ASV1488	86.093	453	51	9	1	447	291	737	6.66e-134	477	tax=d:Bacteria,p:Planctomycetes,c:Planctomycetia,o:Planctomycetales,f:Planctomycetaceae,g:EU589320_g,s:EU589320_s
ASV1488	85.969	449	59	3	1	447	280	726	6.66e-134	477	tax=d:Bacteria,p:Planctomycetes,c:Planctomycetia,o:Planctomycetales,f:Planctomycetaceae,g:AB189347_g,s:AB189347_s
ASV1488	85.776	464	47	8	1	447	289	750	8.62e-133	473	tax=d:Bacteria,p:Planctomycetes,c:Planctomycetia,o:Planctomycetales,f:Planctomycetaceae,g:Fuerstia,s:JN032904_s
ASV1488	85.745	463	49	7	1	447	315	776	8.62e-133	473	tax=d:Bacteria,p:Planctomycetes,c:Planctomycetia,o:Planctomycetales,f:Planctomycetaceae,g:DQ811897_g,s:HQ727662_s
ASV1488	85.806	465	45	13	1	447	307	768	8.62e-133	473	tax=d:Bacteria,p:Planctomycetes,c:Planctomycetia,o:Planctomycetales,f:Planctomycetaceae,g:EU881226_g,s:GU454939_s
ASV1488	85.745	463	49	7	1	447	289	750	8.62e-133	473	tax=d:Bacteria,p:Planctomycetes,c:Planctomycetia,o:Planctomycetales,f:Planctomycetaceae,g:Fuerstia,s:GQ397017_s
ASV1488	85.745	463	49	6	1	447	299	760	8.62e-133	473	tax=d:Bacteria,p:Planctomycetes,c:Planctomycetia,o:Planctomycetales,f:Planctomycetaceae,g:EU735024_g,s:EU735024_s
ASV1488	85.714	462	51	5	1	447	285	746	8.62e-133	473	tax=d:Bacteria,p:Planctomycetes,c:Planctomycetia,o:Planctomycetales,f:Planctomycetaceae,g:EU881226_g,s:AB286452_s
ASV1488	85.778	450	58	5	1	447	304	750	3.10e-132	472	tax=d:Bacteria,p:Planctomycetes,c:Planctomycetia,o:Planctomycetales,f:Planctomycetaceae,g:FJ543064_g,s:FJ543064_s
ASV1488	85.652	460	51	9	1	447	270	727	1.12e-131	470	tax=d:Bacteria,p:Planctomycetes,c:Planctomycetia,o:Planctomycetales,f:Planctomycetaceae,g:JF443790_g,s:JF443790_s
ASV1488	85.591	465	46	14	1	447	306	767	1.12e-131	470	tax=d:Bacteria,p:Planctomycetes,c:Planctomycetia,o:Planctomycetales,f:Planctomycetaceae,g:GQ263992_g,s:CU919129_s
ASV1488	85.529	463	50	7	1	447	290	751	4.01e-131	468	tax=d:Bacteria,p:Planctomycetes,c:Planctomycetia,o:Planctomycetales,f:Planctomycetaceae,g:EU881226_g,s:JF049009_s
ASV1488	85.529	463	50	8	1	447	307	768	4.01e-131	468	tax=d:Bacteria,p:Planctomycetes,c:Planctomycetia,o:Planctomycetales,f:Planctomycetaceae,g:EU881226_g,s:JF032463_s
ASV1488	85.529	463	50	9	1	447	299	760	4.01e-131	468	tax=d:Bacteria,p:Planctomycetes,c:Planctomycetia,o:Planctomycetales,f:Planctomycetaceae,g:HQ190380_g,s:FJ205304_s
ASV1488	85.529	463	50	6	1	447	276	737	4.01e-131	468	tax=d:Bacteria,p:Planctomycetes,c:Planctomycetia,o:Planctomycetales,f:Planctomycetaceae,g:Fuerstia,s:EU236333_s
ASV1488	85.523	449	61	3	1	447	312	758	1.44e-130	466	tax=d:Bacteria,p:Planctomycetes,c:Planctomycetia,o:Planctomycetales,f:Planctomycetaceae,g:HQ674349_g,s:HQ674349_s
ASV1488	85.556	450	59	6	2	447	307	754	1.44e-130	466	tax=d:Bacteria,p:Planctomycetes,c:Planctomycetia,o:Planctomycetales,f:Planctomycetaceae,g:EU979015_g,s:EU979015_s
ASV1488	85.313	463	51	7	1	447	308	769	1.87e-129	462	tax=d:Bacteria,p:Planctomycetes,c:Planctomycetia,o:Planctomycetales,f:Planctomycetaceae,g:PAC000075_g,s:PAC000138_s
ASV1488	85.313	463	51	11	1	447	315	776	1.87e-129	462	tax=d:Bacteria,p:Planctomycetes,c:Planctomycetia,o:Planctomycetales,f:Planctomycetaceae,g:HQ190380_g,s:JN869162_s
ASV1488	85.281	462	53	4	1	447	320	781	1.87e-129	462	tax=d:Bacteria,p:Planctomycetes,c:Planctomycetia,o:Planctomycetales,f:Planctomycetaceae,g:EU881226_g,s:JN869073_s
ASV1488	85.313	463	51	7	1	447	289	750	1.87e-129	462	tax=d:Bacteria,p:Planctomycetes,c:Planctomycetia,o:Planctomycetales,f:Planctomycetaceae,g:Fuerstia,s:JN656824_s
ASV1488	85.408	466	45	12	1	447	309	770	1.87e-129	462	tax=d:Bacteria,p:Planctomycetes,c:Planctomycetia,o:Planctomycetales,f:Planctomycetaceae,g:PAC000075_g,s:GQ339161_s
ASV1488	85.281	462	53	6	1	447	311	772	1.87e-129	462	tax=d:Bacteria,p:Planctomycetes,c:Planctomycetia,o:Planctomycetales,f:Planctomycetaceae,g:EU881226_g,s:GQ262933_s
ASV1488	85.435	460	50	8	1	444	311	769	1.87e-129	462	tax=d:Bacteria,p:Planctomycetes,c:Planctomycetia,o:Planctomycetales,f:Planctomycetaceae,g:Planctopirus,s:GQ093884_s
ASV1488	85.313	463	51	8	1	447	314	775	1.87e-129	462	tax=d:Bacteria,p:Planctomycetes,c:Planctomycetia,o:Planctomycetales,f:Planctomycetaceae,g:HQ190380_g,s:FN553495_s
ASV1488	85.313	463	51	8	1	447	306	767	1.87e-129	462	tax=d:Bacteria,p:Planctomycetes,c:Planctomycetia,o:Planctomycetales,f:Planctomycetaceae,g:Planctopirus,s:FJ542858_s
ASV1488	85.281	462	53	4	1	447	312	773	1.87e-129	462	tax=d:Bacteria,p:Planctomycetes,c:Planctomycetia,o:Planctomycetales,f:Planctomycetaceae,g:EU979014_g,s:EU979014_s
ASV1488	85.281	462	53	7	1	447	306	767	1.87e-129	462	tax=d:Bacteria,p:Planctomycetes,c:Planctomycetia,o:Planctomycetales,f:Planctomycetaceae,g:EU881226_g,s:EU881226_s
ASV1488	85.439	467	43	12	1	447	291	752	1.87e-129	462	tax=d:Bacteria,p:Planctomycetes,c:Planctomycetia,o:Planctomycetales,f:Planctomycetaceae,g:EU881226_g,s:EU786121_s
ASV1488	85.313	463	51	5	1	447	315	776	1.87e-129	462	tax=d:Bacteria,p:Planctomycetes,c:Planctomycetia,o:Planctomycetales,f:Planctomycetaceae,g:HQ190380_g,s:EU491565_s
ASV1488	85.281	462	53	7	1	447	275	736	1.87e-129	462	tax=d:Bacteria,p:Planctomycetes,c:Planctomycetia,o:Planctomycetales,f:Planctomycetaceae,g:EU881226_g,s:EU344930_s
ASV1488	85.313	463	51	6	1	447	313	774	1.87e-129	462	tax=d:Bacteria,p:Planctomycetes,c:Planctomycetia,o:Planctomycetales,f:Planctomycetaceae,g:Fuerstia,s:EF591889_s
ASV1488	85.281	462	53	8	1	447	308	769	1.87e-129	462	tax=d:Bacteria,p:Planctomycetes,c:Planctomycetia,o:Planctomycetales,f:Planctomycetaceae,g:EU881226_g,s:EF492920_s
ASV1488	85.403	459	52	6	1	444	305	763	1.87e-129	462	tax=d:Bacteria,p:Planctomycetes,c:Planctomycetia,o:Planctomycetales,f:Planctomycetaceae,g:Planctopirus,s:AJ231189_s
ASV1488	85.345	464	49	9	1	447	289	750	1.87e-129	462	tax=d:Bacteria,p:Planctomycetes,c:Planctomycetia,o:Planctomycetales,f:Planctomycetaceae,g:Fuerstia,s:AB630609_s
ASV1488	85.333	450	60	5	1	447	304	750	6.71e-129	460	tax=d:Bacteria,p:Planctomycetes,c:Planctomycetia,o:Planctomycetales,f:Planctomycetaceae,g:FJ543064_g,s:HM598175_s
ASV1488	85.333	450	60	6	1	447	294	740	6.71e-129	460	tax=d:Bacteria,p:Planctomycetes,c:Planctomycetia,o:Planctomycetales,f:Gemmataceae,g:EU669599_g,s:GU208295_s
ASV1488	85.065	462	53	3	1	447	307	767	2.41e-128	459	tax=d:Bacteria,p:Planctomycetes,c:Planctomycetia,o:Planctomycetales,f:Planctomycetaceae,g:AY328798_g,s:AY625135_s
ASV1488	85.065	462	54	5	1	447	265	726	8.68e-128	457	tax=d:Bacteria,p:Planctomycetes,c:Planctomycetia,o:Planctomycetales,f:Planctomycetaceae,g:HQ697724_g,s:JN825608_s
ASV1488	85.097	463	52	7	1	447	308	769	8.68e-128	457	tax=d:Bacteria,p:Planctomycetes,c:Planctomycetia,o:Planctomycetales,f:Planctomycetaceae,g:Fuerstia,s:JN442137_s
ASV1488	85.129	464	50	8	1	447	287	748	8.68e-128	457	tax=d:Bacteria,p:Planctomycetes,c:Planctomycetia,o:Planctomycetales,f:Planctomycetaceae,g:Fuerstia,s:JN391888_s
ASV1488	85.333	450	57	8	1	447	295	738	8.68e-128	457	tax=d:Bacteria,p:Planctomycetes,c:Planctomycetia,o:Planctomycetales,f:Planctomycetaceae,g:Planctomicrobium,s:HQ326328_s
ASV1488	85.161	465	47	16	1	447	307	767	8.68e-128	457	tax=d:Bacteria,p:Planctomycetes,c:Planctomycetia,o:Planctomycetales,f:Planctomycetaceae,g:EU881226_g,s:GQ472373_s
ASV1488	85.097	463	52	6	1	447	307	768	8.68e-128	457	tax=d:Bacteria,p:Planctomycetes,c:Planctomycetia,o:Planctomycetales,f:Planctomycetaceae,g:PAC000303_g,s:FJ624888_s
ASV1488	85.217	460	51	7	1	444	312	770	8.68e-128	457	tax=d:Bacteria,p:Planctomycetes,c:Planctomycetia,o:Planctomycetales,f:Planctomycetaceae,g:Planctopirus,s:EU834793_s
ASV1488	85.078	449	65	2	1	447	320	768	8.68e-128	457	tax=d:Bacteria,p:Planctomycetes,c:Planctomycetia,o:Planctomycetales,f:Gemmataceae,g:EU669599_g,s:EU135086_s
ASV1488	85.097	463	52	6	1	447	305	766	8.68e-128	457	tax=d:Bacteria,p:Planctomycetes,c:Planctomycetia,o:Planctomycetales,f:Planctomycetaceae,g:Planctopirus,s:CU927823_s
ASV1488	85.097	463	52	13	1	447	305	766	8.68e-128	457	tax=d:Bacteria,p:Planctomycetes,c:Planctomycetia,o:Planctomycetales,f:Planctomycetaceae,g:EU881226_g,s:AY604054_s
ASV1488	85.129	464	49	7	1	447	268	728	8.68e-128	457	tax=d:Bacteria,p:Planctomycetes,c:Planctomycetia,o:Planctomycetales,f:Planctomycetaceae,g:AY328798_g,s:AY328798_s
ASV1488	85.045	448	65	2	1	447	305	751	3.12e-127	455	tax=d:Bacteria,p:Planctomycetes,c:Planctomycetia,o:Planctomycetales,f:Gemmataceae,g:PAC002023_g,s:JQ923548_s
ASV1488	85.078	449	63	4	1	447	295	741	3.12e-127	455	tax=d:Bacteria,p:Planctomycetes,c:Planctomycetia,o:Planctomycetales,f:Planctomycetaceae,g:Planctomicrobium,s:HM598174_s
ASV1488	85.045	448	65	2	1	447	319	765	3.12e-127	455	tax=d:Bacteria,p:Planctomycetes,c:Planctomycetia,o:Planctomycetales,f:Gemmataceae,g:EU669599_g,s:HM187203_s
ASV1488	85.045	448	65	2	1	447	319	765	3.12e-127	455	tax=d:Bacteria,p:Planctomycetes,c:Planctomycetia,o:Planctomycetales,f:Gemmataceae,g:PAC000483_g,s:GU172177_s
ASV1488	84.914	464	51	8	1	447	313	774	4.04e-126	451	tax=d:Bacteria,p:Planctomycetes,c:Planctomycetia,o:Planctomycetales,f:Planctomycetaceae,g:JF268341_g,s:JQ580484_s
ASV1488	84.914	464	51	7	1	447	302	763	4.04e-126	451	tax=d:Bacteria,p:Planctomycetes,c:Planctomycetia,o:Planctomycetales,f:Planctomycetaceae,g:JN672615_g,s:JN672615_s
ASV1488	84.914	464	50	9	1	447	289	749	4.04e-126	451	tax=d:Bacteria,p:Planctomycetes,c:Planctomycetia,o:Planctomycetales,f:Planctomycetaceae,g:EU881226_g,s:JN408972_s
ASV1488	84.914	464	51	13	1	447	314	775	4.04e-126	451	tax=d:Bacteria,p:Planctomycetes,c:Planctomycetia,o:Planctomycetales,f:Planctomycetaceae,g:JF268341_g,s:JF272157_s
ASV1488	84.946	465	49	12	1	447	313	774	4.04e-126	451	tax=d:Bacteria,p:Planctomycetes,c:Planctomycetia,o:Planctomycetales,f:Planctomycetaceae,g:HQ190380_g,s:HQ190380_s
ASV1488	85.011	447	64	2	1	447	319	762	4.04e-126	451	tax=d:Bacteria,p:Planctomycetes,c:Planctomycetia,o:Planctomycetales,f:Gemmataceae,g:PAC000025_g,s:GQ264186_s
ASV1488	84.881	463	53	6	1	447	310	771	4.04e-126	451	tax=d:Bacteria,p:Planctomycetes,c:Planctomycetia,o:Planctomycetales,f:Planctomycetaceae,g:EU135155_g,s:EU135155_s
ASV1488	84.881	463	53	8	1	447	305	766	4.04e-126	451	tax=d:Bacteria,p:Planctomycetes,c:Planctomycetia,o:Planctomycetales,f:Planctomycetaceae,g:EU881226_g,s:EF019496_s
ASV1488	84.881	463	53	4	1	447	307	768	4.04e-126	451	tax=d:Bacteria,p:Planctomycetes,c:Planctomycetia,o:Planctomycetales,f:Planctomycetaceae,g:PAC000303_g,s:EF018464_s
ASV1488	84.848	462	55	4	1	447	307	768	4.04e-126	451	tax=d:Bacteria,p:Planctomycetes,c:Planctomycetia,o:Planctomycetales,f:Planctomycetaceae,g:EU881226_g,s:AY221048_s
ASV1488	84.848	462	52	14	1	447	305	763	1.45e-125	449	tax=d:Bacteria,p:Planctomycetes,c:Planctomycetia,o:Planctomycetales,f:Planctomycetaceae,g:EU881226_g,s:HQ828015_s
ASV1488	84.889	450	62	6	1	447	296	742	1.45e-125	449	tax=d:Bacteria,p:Planctomycetes,c:Planctomycetia,o:Planctomycetales,f:Gemmataceae,g:EF019625_g,s:EF019625_s
ASV1488	84.632	462	56	7	1	447	307	768	1.45e-125	449	tax=d:Bacteria,p:Planctomycetes,c:Planctomycetia,o:Planctomycetales,f:Planctomycetaceae,g:PAC000075_g,s:CU924977_s
ASV1488	84.698	464	53	8	1	447	289	751	5.23e-125	448	tax=d:Bacteria,p:Planctomycetes,c:Planctomycetia,o:Planctomycetales,f:Planctomycetaceae,g:Fuerstia,s:FJ745015_s
ASV1488	84.787	447	65	2	1	447	319	762	1.88e-124	446	tax=d:Bacteria,p:Planctomycetes,c:Planctomycetia,o:Planctomycetales,f:Gemmataceae,g:PAC000025_g,s:PAC000025_s
ASV1488	84.787	447	65	2	1	447	319	762	1.88e-124	446	tax=d:Bacteria,p:Planctomycetes,c:Planctomycetia,o:Planctomycetales,f:Gemmataceae,g:PAC000025_g,s:JQ825203_s
ASV1488	84.698	464	52	9	1	447	313	774	1.88e-124	446	tax=d:Bacteria,p:Planctomycetes,c:Planctomycetia,o:Planctomycetales,f:Planctomycetaceae,g:JF268341_g,s:JQ678489_s
ASV1488	84.667	450	65	4	1	447	311	759	1.88e-124	446	tax=d:Bacteria,p:Planctomycetes,c:Planctomycetia,o:Planctomycetales,f:Gemmataceae,g:PAC000017_g,s:JQ624948_s
ASV1488	84.783	460	53	8	1	444	312	770	1.88e-124	446	tax=d:Bacteria,p:Planctomycetes,c:Planctomycetia,o:Planctomycetales,f:Planctomycetaceae,g:Planctopirus,s:HQ827954_s
ASV1488	84.783	460	53	7	1	444	312	770	1.88e-124	446	tax=d:Bacteria,p:Planctomycetes,c:Planctomycetia,o:Planctomycetales,f:Planctomycetaceae,g:Planctopirus,s:HE614845_s
ASV1488	84.701	451	63	5	1	447	296	744	1.88e-124	446	tax=d:Bacteria,p:Planctomycetes,c:Planctomycetia,o:Planctomycetales,f:Gemmataceae,g:PAC000302_g,s:FM253565_s
ASV1488	84.632	462	56	4	1	447	335	796	1.88e-124	446	tax=d:Bacteria,p:Planctomycetes,c:Planctomycetia,o:Planctomycetales,f:Planctomycetaceae,g:EU795194_g,s:EU795194_s
ASV1488	84.698	464	52	11	1	447	314	775	1.88e-124	446	tax=d:Bacteria,p:Planctomycetes,c:Planctomycetia,o:Planctomycetales,f:Planctomycetaceae,g:HQ190380_g,s:EU491166_s
ASV1488	84.698	464	52	8	1	447	307	768	1.88e-124	446	tax=d:Bacteria,p:Planctomycetes,c:Planctomycetia,o:Planctomycetales,f:Planctomycetaceae,g:Schlesneria,s:AJ616287_s
ASV1488	84.632	462	54	5	2	447	315	775	6.76e-124	444	tax=d:Bacteria,p:Planctomycetes,c:Planctomycetia,o:Planctomycetales,f:Planctomycetaceae,g:Fuerstia,s:JQ579898_s
ASV1488	84.667	450	63	4	1	447	267	713	6.76e-124	444	tax=d:Bacteria,p:Planctomycetes,c:Planctomycetia,o:Planctomycetales,f:Planctomycetaceae,g:EU385884_g,s:JN532360_s
ASV1488	84.599	461	56	5	2	447	332	792	6.76e-124	444	tax=d:Bacteria,p:Planctomycetes,c:Planctomycetia,o:Planctomycetales,f:Planctomycetaceae,g:EU795194_g,s:HQ673131_s
ASV1488	84.632	462	54	4	2	447	315	775	6.76e-124	444	tax=d:Bacteria,p:Planctomycetes,c:Planctomycetia,o:Planctomycetales,f:Planctomycetaceae,g:Fuerstia,s:GU584513_s
ASV1488	84.633	449	65	4	1	447	320	766	6.76e-124	444	tax=d:Bacteria,p:Planctomycetes,c:Planctomycetia,o:Planctomycetales,f:Gemmataceae,g:EU669599_g,s:EU669599_s
ASV1488	84.787	447	62	4	1	447	299	739	6.76e-124	444	tax=d:Bacteria,p:Planctomycetes,c:Planctomycetia,o:Planctomycetales,f:Planctomycetaceae,g:Blastopirellula,s:Blastopirellula marina
ASV1488	84.516	465	53	9	1	447	330	793	2.43e-123	442	tax=d:Bacteria,p:Planctomycetes,c:Planctomycetia,o:Planctomycetales,f:Planctomycetaceae,g:HQ190380_g,s:HM186597_s
ASV1488	84.479	451	66	3	1	447	305	755	2.43e-123	442	tax=d:Bacteria,p:Planctomycetes,c:Planctomycetia,o:Planctomycetales,f:Gemmataceae,g:PAC002023_g,s:EU135292_s
ASV1488	84.598	448	65	4	1	447	313	757	2.43e-123	442	tax=d:Bacteria,p:Planctomycetes,c:Planctomycetia,o:Planctomycetales,f:Gemmataceae,g:PAC000302_g,s:AB630878_s
ASV1488	84.565	460	54	8	1	444	312	770	8.74e-123	440	tax=d:Bacteria,p:Planctomycetes,c:Planctomycetia,o:Planctomycetales,f:Planctomycetaceae,g:Planctopirus,s:PAC000636_s
ASV1488	84.449	463	55	6	1	447	307	768	8.74e-123	440	tax=d:Bacteria,p:Planctomycetes,c:Planctomycetia,o:Planctomycetales,f:Planctomycetaceae,g:PAC000303_g,s:PAC000303_s
ASV1488	84.479	451	65	5	1	447	294	743	8.74e-123	440	tax=d:Bacteria,p:Planctomycetes,c:Planctomycetia,o:Planctomycetales,f:Planctomycetaceae,g:GU083668_g,s:JF344534_s
ASV1488	84.483	464	53	8	1	447	298	759	8.74e-123	440	tax=d:Bacteria,p:Planctomycetes,c:Planctomycetia,o:Planctomycetales,f:Planctomycetaceae,g:JF272090_g,s:JF272090_s
ASV1488	84.479	451	64	6	1	447	313	761	8.74e-123	440	tax=d:Bacteria,p:Planctomycetes,c:Planctomycetia,o:Planctomycetales,f:Gemmataceae,g:PAC000302_g,s:JF108121_s
ASV1488	84.513	452	62	8	1	447	311	759	8.74e-123	440	tax=d:Bacteria,p:Planctomycetes,c:Planctomycetia,o:Planctomycetales,f:Gemmataceae,g:PAC000017_g,s:GQ402760_s
ASV1488	84.416	462	57	4	1	447	311	772	8.74e-123	440	tax=d:Bacteria,p:Planctomycetes,c:Planctomycetia,o:Planctomycetales,f:Planctomycetaceae,g:PAC000075_g,s:GQ264365_s
ASV1488	84.444	450	66	4	1	447	286	734	8.74e-123	440	tax=d:Bacteria,p:Planctomycetes,c:Planctomycetia,o:Planctomycetales,f:Gemmataceae,g:Gemmata,s:EU662598_s
ASV1488	84.513	452	62	6	1	447	312	760	8.74e-123	440	tax=d:Bacteria,p:Planctomycetes,c:Planctomycetia,o:Planctomycetales,f:Gemmataceae,g:PAC000302_g,s:EU135159_s
ASV1488	84.565	460	54	8	1	444	307	765	8.74e-123	440	tax=d:Bacteria,p:Planctomycetes,c:Planctomycetia,o:Planctomycetales,f:Planctomycetaceae,g:Planctopirus,s:EF540420_s
ASV1488	84.483	464	53	8	1	447	305	766	8.74e-123	440	tax=d:Bacteria,p:Planctomycetes,c:Planctomycetia,o:Planctomycetales,f:Planctomycetaceae,g:Planctopirus,s:Planctopirus limnophila
ASV1488	84.564	447	63	2	1	447	283	723	3.14e-122	438	tax=d:Bacteria,p:Planctomycetes,c:Planctomycetia,o:Planctomycetales,f:Planctomycetaceae,g:JN881628_g,s:HQ153897_s
ASV1488	84.340	447	70	0	1	447	311	757	3.14e-122	438	tax=d:Bacteria,p:Planctomycetes,c:Planctomycetia,o:Planctomycetales,f:Gemmataceae,g:EU234279_g,s:FJ612288_s
ASV1488	84.598	448	61	5	1	447	290	730	3.14e-122	438	tax=d:Bacteria,p:Planctomycetes,c:Planctomycetia,o:Planctomycetales,f:Planctomycetaceae,g:EU037330_g,s:EU037330_s
ASV1488	84.410	449	66	4	1	447	300	746	3.14e-122	438	tax=d:Bacteria,p:Planctomycetes,c:Planctomycetia,o:Planctomycetales,f:Gemmataceae,g:PAC002023_g,s:AF407717_s
ASV1488	84.382	461	54	9	1	444	312	771	1.13e-121	436	tax=d:Bacteria,p:Planctomycetes,c:Planctomycetia,o:Planctomycetales,f:Planctomycetaceae,g:Planctopirus,s:JX133477_s
ASV1488	84.257	451	67	3	1	447	318	768	1.13e-121	436	tax=d:Bacteria,p:Planctomycetes,c:Planctomycetia,o:Planctomycetales,f:Gemmataceae,g:EF580956_g,s:JN869163_s
ASV1488	84.449	463	51	10	3	447	317	776	1.13e-121	436	tax=d:Bacteria,p:Planctomycetes,c:Planctomycetia,o:Planctomycetales,f:Planctomycetaceae,g:HQ190380_g,s:HQ727661_s
ASV1488	84.327	453	63	7	1	447	291	741	1.13e-121	436	tax=d:Bacteria,p:Planctomycetes,c:Planctomycetia,o:Planctomycetales,f:Gemmataceae,g:PAC000017_g,s:AF391976_s
ASV1488	84.292	452	63	8	1	447	311	759	4.07e-121	435	tax=d:Bacteria,p:Planctomycetes,c:Planctomycetia,o:Planctomycetales,f:Gemmataceae,g:PAC000017_g,s:PAC002093_s
ASV1488	84.301	465	52	8	1	445	315	778	4.07e-121	435	tax=d:Bacteria,p:Planctomycetes,c:Planctomycetia,o:Planctomycetales,f:Planctomycetaceae,g:HQ190380_g,s:JN178313_s
ASV1488	84.382	461	53	8	1	444	311	769	4.07e-121	435	tax=d:Bacteria,p:Planctomycetes,c:Planctomycetia,o:Planctomycetales,f:Planctomycetaceae,g:Planctopirus,s:JF220680_s
ASV1488	84.222	450	67	3	1	447	313	761	4.07e-121	435	tax=d:Bacteria,p:Planctomycetes,c:Planctomycetia,o:Planctomycetales,f:Gemmataceae,g:PAC000302_g,s:JF086093_s
ASV1488	84.267	464	54	8	1	447	315	776	4.07e-121	435	tax=d:Bacteria,p:Planctomycetes,c:Planctomycetia,o:Planctomycetales,f:Planctomycetaceae,g:EF591886_g,s:EU491854_s
ASV1488	84.199	462	58	4	1	447	297	758	4.07e-121	435	tax=d:Bacteria,p:Planctomycetes,c:Planctomycetia,o:Planctomycetales,f:Planctomycetaceae,g:EU491629_g,s:EU491629_s
ASV1488	84.301	465	52	10	1	447	315	776	4.07e-121	435	tax=d:Bacteria,p:Planctomycetes,c:Planctomycetia,o:Planctomycetales,f:Planctomycetaceae,g:HQ190380_g,s:DQ513104_s
ASV1488	84.301	465	52	10	1	447	331	792	4.07e-121	435	tax=d:Bacteria,p:Planctomycetes,c:Planctomycetia,o:Planctomycetales,f:Planctomycetaceae,g:HQ190380_g,s:AM997822_s
ASV1488	84.314	459	57	6	1	444	312	770	4.07e-121	435	tax=d:Bacteria,p:Planctomycetes,c:Planctomycetia,o:Planctomycetales,f:Planctomycetaceae,g:Planctopirus,s:AM902606_s
ASV1488	84.292	452	61	7	1	447	319	765	1.46e-120	433	tax=d:Bacteria,p:Planctomycetes,c:Planctomycetia,o:Planctomycetales,f:Gemmataceae,g:PAC000017_g,s:PAC002415_s
ASV1488	84.222	450	65	6	1	447	311	757	1.46e-120	433	tax=d:Bacteria,p:Planctomycetes,c:Planctomycetia,o:Planctomycetales,f:Gemmataceae,g:PAC000017_g,s:PAC002098_s
ASV1488	84.187	449	67	4	1	447	319	765	1.46e-120	433	tax=d:Bacteria,p:Planctomycetes,c:Planctomycetia,o:Planctomycetales,f:Gemmataceae,g:PAC000483_g,s:PAC000483_s
ASV1488	84.116	447	71	0	1	447	313	759	1.46e-120	433	tax=d:Bacteria,p:Planctomycetes,c:Planctomycetia,o:Planctomycetales,f:Gemmataceae,g:PAC000302_g,s:PAC000302_s
ASV1488	84.211	456	60	10	1	447	311	763	1.46e-120	433	tax=d:Bacteria,p:Planctomycetes,c:Planctomycetia,o:Planctomycetales,f:Gemmataceae,g:EU135163_g,s:JX133456_s
ASV1488	84.187	449	68	3	1	447	313	760	1.46e-120	433	tax=d:Bacteria,p:Planctomycetes,c:Planctomycetia,o:Planctomycetales,f:Gemmataceae,g:JN860407_g,s:JN869039_s
ASV1488	84.222	450	65	6	1	447	311	757	1.46e-120	433	tax=d:Bacteria,p:Planctomycetes,c:Planctomycetia,o:Planctomycetales,f:Gemmataceae,g:PAC000017_g,s:GQ402824_s
ASV1488	84.257	451	63	8	1	447	313	759	1.46e-120	433	tax=d:Bacteria,p:Planctomycetes,c:Planctomycetia,o:Planctomycetales,f:Gemmataceae,g:PAC000136_g,s:FJ479158_s
ASV1488	84.410	449	60	7	1	447	310	750	1.46e-120	433	tax=d:Bacteria,p:Planctomycetes,c:Planctomycetia,o:Planctomycetales,f:Planctomycetaceae,g:Mariniblastus,s:AM997688_s
ASV1488	84.187	449	67	4	1	447	289	735	1.46e-120	433	tax=d:Bacteria,p:Planctomycetes,c:Planctomycetia,o:Planctomycetales,f:Gemmataceae,g:PAC002023_g,s:AM902593_s
ASV1488	84.071	452	66	5	1	447	313	763	5.26e-120	431	tax=d:Bacteria,p:Planctomycetes,c:Planctomycetia,o:Planctomycetales,f:Gemmataceae,g:PAC000017_g,s:PAC002416_s
ASV1488	84.152	448	67	4	1	447	319	763	5.26e-120	431	tax=d:Bacteria,p:Planctomycetes,c:Planctomycetia,o:Planctomycetales,f:Gemmataceae,g:PAC000559_g,s:PAC000645_s
ASV1488	84.096	459	60	6	1	447	288	745	5.26e-120	431	tax=d:Bacteria,p:Planctomycetes,c:Planctomycetia,o:Planctomycetales,f:Planctomycetaceae,g:JX489851_g,s:JX489851_s
ASV1488	84.233	463	52	10	3	447	311	770	5.26e-120	431	tax=d:Bacteria,p:Planctomycetes,c:Planctomycetia,o:Planctomycetales,f:Planctomycetaceae,g:JQ800985_g,s:JQ800985_s
ASV1488	84.120	466	52	10	1	447	315	777	5.26e-120	431	tax=d:Bacteria,p:Planctomycetes,c:Planctomycetia,o:Planctomycetales,f:Planctomycetaceae,g:HQ397414_g,s:HQ397415_s
ASV1488	84.176	455	61	9	1	447	320	771	5.26e-120	431	tax=d:Bacteria,p:Planctomycetes,c:Planctomycetia,o:Planctomycetales,f:Gemmataceae,g:EU669599_g,s:EU135122_s
ASV1488	84.152	448	65	4	3	447	321	765	1.89e-119	429	tax=d:Bacteria,p:Planctomycetes,c:Planctomycetia,o:Planctomycetales,f:Gemmataceae,g:PAC000017_g,s:PAC002317_s
ASV1488	84.035	451	66	6	1	447	313	761	1.89e-119	429	tax=d:Bacteria,p:Planctomycetes,c:Planctomycetia,o:Planctomycetales,f:Gemmataceae,g:PAC000302_g,s:PAC000358_s
ASV1488	84.035	451	66	6	1	447	313	761	1.89e-119	429	tax=d:Bacteria,p:Planctomycetes,c:Planctomycetia,o:Planctomycetales,f:Gemmataceae,g:PAC000302_g,s:JQ825218_s
ASV1488	84.052	464	55	12	1	447	330	791	1.89e-119	429	tax=d:Bacteria,p:Planctomycetes,c:Planctomycetia,o:Planctomycetales,f:Planctomycetaceae,g:HQ190380_g,s:JQ287193_s
ASV1488	83.948	461	60	4	1	447	331	791	1.89e-119	429	tax=d:Bacteria,p:Planctomycetes,c:Planctomycetia,o:Planctomycetales,f:Planctomycetaceae,g:EU795194_g,s:JN874222_s
ASV1488	84.052	464	55	12	1	447	313	774	1.89e-119	429	tax=d:Bacteria,p:Planctomycetes,c:Planctomycetia,o:Planctomycetales,f:Planctomycetaceae,g:JF268341_g,s:JF268341_s
ASV1488	84.086	465	53	14	1	447	314	775	1.89e-119	429	tax=d:Bacteria,p:Planctomycetes,c:Planctomycetia,o:Planctomycetales,f:Planctomycetaceae,g:HQ857729_g,s:HQ857700_s
ASV1488	83.983	462	59	3	1	447	305	766	1.89e-119	429	tax=d:Bacteria,p:Planctomycetes,c:Planctomycetia,o:Planctomycetales,f:Planctomycetaceae,g:EU881226_g,s:HQ827933_s
ASV1488	84.120	466	51	11	1	447	313	774	1.89e-119	429	tax=d:Bacteria,p:Planctomycetes,c:Planctomycetia,o:Planctomycetales,f:Planctomycetaceae,g:Fuerstia,s:HM799018_s
ASV1488	83.983	462	59	9	1	447	307	768	1.89e-119	429	tax=d:Bacteria,p:Planctomycetes,c:Planctomycetia,o:Planctomycetales,f:Planctomycetaceae,g:EU881226_g,s:GQ848424_s
ASV1488	83.983	462	59	4	1	447	312	773	1.89e-119	429	tax=d:Bacteria,p:Planctomycetes,c:Planctomycetia,o:Planctomycetales,f:Planctomycetaceae,g:Fuerstia,s:GQ346970_s
ASV1488	84.086	465	53	11	1	447	296	757	1.89e-119	429	tax=d:Bacteria,p:Planctomycetes,c:Planctomycetia,o:Planctomycetales,f:Planctomycetaceae,g:HQ857729_g,s:GQ202636_s
ASV1488	84.052	464	55	6	1	447	313	774	1.89e-119	429	tax=d:Bacteria,p:Planctomycetes,c:Planctomycetia,o:Planctomycetales,f:Planctomycetaceae,g:Fuerstia,s:FJ628269_s
ASV1488	83.983	462	59	8	1	447	297	758	1.89e-119	429	tax=d:Bacteria,p:Planctomycetes,c:Planctomycetia,o:Planctomycetales,f:Planctomycetaceae,g:HQ697724_g,s:FJ542987_s
ASV1488	84.188	468	47	17	1	447	314	775	1.89e-119	429	tax=d:Bacteria,p:Planctomycetes,c:Planctomycetia,o:Planctomycetales,f:Planctomycetaceae,g:HQ857729_g,s:EU330396_s
ASV1488	84.017	463	57	6	1	447	312	773	1.89e-119	429	tax=d:Bacteria,p:Planctomycetes,c:Planctomycetia,o:Planctomycetales,f:Planctomycetaceae,g:EF591886_g,s:EF591886_s
ASV1488	84.052	464	55	10	1	447	270	731	1.89e-119	429	tax=d:Bacteria,p:Planctomycetes,c:Planctomycetia,o:Planctomycetales,f:Planctomycetaceae,g:DQ811897_g,s:DQ832636_s
ASV1488	84.017	463	57	9	1	447	308	769	1.89e-119	429	tax=d:Bacteria,p:Planctomycetes,c:Planctomycetia,o:Planctomycetales,f:Planctomycetaceae,g:AM997615_g,s:AM997615_s
ASV1488	83.983	462	59	4	1	447	298	759	1.89e-119	429	tax=d:Bacteria,p:Planctomycetes,c:Planctomycetia,o:Planctomycetales,f:Planctomycetaceae,g:HQ697724_g,s:AJ576382_s
ASV1488	83.929	448	70	2	1	447	313	759	6.81e-119	427	tax=d:Bacteria,p:Planctomycetes,c:Planctomycetia,o:Planctomycetales,f:Gemmataceae,g:PAC002435_g,s:PAC002435_s
ASV1488	83.964	449	68	4	1	447	319	765	6.81e-119	427	tax=d:Bacteria,p:Planctomycetes,c:Planctomycetia,o:Planctomycetales,f:Gemmataceae,g:PAC002335_g,s:PAC002335_s
ASV1488	84.187	449	62	8	1	447	319	760	6.81e-119	427	tax=d:Bacteria,p:Planctomycetes,c:Planctomycetia,o:Planctomycetales,f:Gemmataceae,g:PAC000025_g,s:PAC000356_s
ASV1488	84.187	449	61	7	1	447	290	730	6.81e-119	427	tax=d:Bacteria,p:Planctomycetes,c:Planctomycetia,o:Planctomycetales,f:Planctomycetaceae,g:EU037330_g,s:HQ190400_s
ASV1488	83.893	447	72	0	1	447	318	764	6.81e-119	427	tax=d:Bacteria,p:Planctomycetes,c:Planctomycetia,o:Planctomycetales,f:Gemmataceae,g:EF580956_g,s:HQ118949_s
ASV1488	83.893	447	72	0	1	447	319	765	6.81e-119	427	tax=d:Bacteria,p:Planctomycetes,c:Planctomycetia,o:Planctomycetales,f:Gemmataceae,g:PAC000151_g,s:GQ402825_s
ASV1488	83.956	455	61	11	1	447	319	769	2.45e-118	425	tax=d:Bacteria,p:Planctomycetes,c:Planctomycetia,o:Planctomycetales,f:Gemmataceae,g:PAC000017_g,s:PAC002610_s
ASV1488	83.921	454	63	9	1	447	313	763	2.45e-118	425	tax=d:Bacteria,p:Planctomycetes,c:Planctomycetia,o:Planctomycetales,f:Gemmataceae,g:PAC000017_g,s:PAC001894_s
ASV1488	83.850	452	67	5	1	447	313	763	2.45e-118	425	tax=d:Bacteria,p:Planctomycetes,c:Planctomycetia,o:Planctomycetales,f:Gemmataceae,g:PAC000017_g,s:PAC000424_s
ASV1488	83.921	454	63	9	1	447	311	761	2.45e-118	425	tax=d:Bacteria,p:Planctomycetes,c:Planctomycetia,o:Planctomycetales,f:Gemmataceae,g:PAC000017_g,s:JF833869_s
ASV1488	83.893	447	70	2	1	447	311	755	2.45e-118	425	tax=d:Bacteria,p:Planctomycetes,c:Planctomycetia,o:Planctomycetales,f:Gemmataceae,g:JF500994_g,s:JF500994_s
ASV1488	83.906	466	53	11	1	447	309	771	2.45e-118	425	tax=d:Bacteria,p:Planctomycetes,c:Planctomycetia,o:Planctomycetales,f:Planctomycetaceae,g:JQ800985_g,s:HQ697832_s
ASV1488	83.893	447	71	1	1	447	313	758	2.45e-118	425	tax=d:Bacteria,p:Planctomycetes,c:Planctomycetia,o:Planctomycetales,f:Gemmataceae,g:PAC000302_g,s:HQ119021_s
ASV1488	84.052	464	51	12	1	447	312	769	2.45e-118	425	tax=d:Bacteria,p:Planctomycetes,c:Planctomycetia,o:Planctomycetales,f:Planctomycetaceae,g:DQ228417_g,s:DQ228417_s
ASV1488	83.742	449	71	2	1	447	307	755	8.81e-118	424	tax=d:Bacteria,p:Planctomycetes,c:Planctomycetia,o:Planctomycetales,f:Gemmataceae,g:PAC002023_g,s:PAC002083_s
ASV1488	83.906	466	52	12	1	447	306	767	8.81e-118	424	tax=d:Bacteria,p:Planctomycetes,c:Planctomycetia,o:Planctomycetales,f:Planctomycetaceae,g:GQ263992_g,s:JQ684262_s
ASV1488	83.893	447	69	2	1	447	318	761	8.81e-118	424	tax=d:Bacteria,p:Planctomycetes,c:Planctomycetia,o:Planctomycetales,f:Gemmataceae,g:PAC000025_g,s:JN869053_s
ASV1488	83.766	462	60	5	1	447	296	757	8.81e-118	424	tax=d:Bacteria,p:Planctomycetes,c:Planctomycetia,o:Planctomycetales,f:Planctomycetaceae,g:EF123574_g,s:JN537328_s
ASV1488	83.906	466	52	12	1	447	296	757	8.81e-118	424	tax=d:Bacteria,p:Planctomycetes,c:Planctomycetia,o:Planctomycetales,f:Planctomycetaceae,g:HQ857729_g,s:HQ857729_s
ASV1488	83.885	453	64	9	1	447	317	766	8.81e-118	424	tax=d:Bacteria,p:Planctomycetes,c:Planctomycetia,o:Planctomycetales,f:Gemmataceae,g:EU344925_g,s:HM187165_s
ASV1488	83.801	463	58	6	1	447	313	774	8.81e-118	424	tax=d:Bacteria,p:Planctomycetes,c:Planctomycetia,o:Planctomycetales,f:Planctomycetaceae,g:Fuerstia,s:Fuerstia marisgermanicae
ASV1488	83.836	464	56	5	1	447	314	775	8.81e-118	424	tax=d:Bacteria,p:Planctomycetes,c:Planctomycetia,o:Planctomycetales,f:Planctomycetaceae,g:JF268341_g,s:AM997879_s
ASV1488	83.913	460	57	11	1	444	307	765	8.81e-118	424	tax=d:Bacteria,p:Planctomycetes,c:Planctomycetia,o:Planctomycetales,f:Planctomycetaceae,g:Planctopirus,s:AB630594_s
ASV1488	83.778	450	67	6	1	447	311	757	3.17e-117	422	tax=d:Bacteria,p:Planctomycetes,c:Planctomycetia,o:Planctomycetales,f:Gemmataceae,g:PAC000017_g,s:PAC002121_s
ASV1488	83.705	448	71	2	1	447	319	765	3.17e-117	422	tax=d:Bacteria,p:Planctomycetes,c:Planctomycetia,o:Planctomycetales,f:Gemmataceae,g:PAC000017_g,s:PAC002033_s
ASV1488	83.814	451	65	6	1	447	307	753	3.17e-117	422	tax=d:Bacteria,p:Planctomycetes,c:Planctomycetia,o:Planctomycetales,f:Gemmataceae,g:PAC002023_g,s:PAC002023_s
ASV1488	83.705	448	71	2	1	447	321	767	3.17e-117	422	tax=d:Bacteria,p:Planctomycetes,c:Planctomycetia,o:Planctomycetales,f:Gemmataceae,g:HQ190559_g,s:JF319295_s
ASV1488	83.814	451	65	8	1	447	313	759	3.17e-117	422	tax=d:Bacteria,p:Planctomycetes,c:Planctomycetia,o:Planctomycetales,f:Gemmataceae,g:JF175051_g,s:JF175051_s
ASV1488	83.814	451	65	8	1	447	310	756	3.17e-117	422	tax=d:Bacteria,p:Planctomycetes,c:Planctomycetia,o:Planctomycetales,f:Gemmataceae,g:EU135259_g,s:EU135259_s
ASV1488	83.836	464	54	7	2	447	286	746	3.17e-117	422	tax=d:Bacteria,p:Planctomycetes,c:Planctomycetia,o:Planctomycetales,f:Planctomycetaceae,g:Fuerstia,s:DQ269048_s
ASV1488	83.742	449	69	4	1	447	313	759	3.17e-117	422	tax=d:Bacteria,p:Planctomycetes,c:Planctomycetia,o:Planctomycetales,f:Gemmataceae,g:PAC000302_g,s:AB672304_s
ASV1488	83.628	452	68	5	1	447	307	757	1.14e-116	420	tax=d:Bacteria,p:Planctomycetes,c:Planctomycetia,o:Planctomycetales,f:Gemmataceae,g:PAC002023_g,s:HM187229_s
ASV1488	83.705	448	70	3	1	447	285	730	1.14e-116	420	tax=d:Bacteria,p:Planctomycetes,c:Planctomycetia,o:Planctomycetales,f:Gemmataceae,g:PAC000483_g,s:EU044223_s
ASV1488	83.766	462	54	10	1	444	307	765	1.14e-116	420	tax=d:Bacteria,p:Planctomycetes,c:Planctomycetia,o:Planctomycetales,f:Planctomycetaceae,g:Schlesneria,s:AB179539_s
ASV1488	83.550	462	61	5	1	447	297	758	4.10e-116	418	tax=d:Bacteria,p:Planctomycetes,c:Planctomycetia,o:Planctomycetales,f:Planctomycetaceae,g:HQ697724_g,s:JQ978592_s
ASV1488	83.550	462	61	7	1	447	299	760	4.10e-116	418	tax=d:Bacteria,p:Planctomycetes,c:Planctomycetia,o:Planctomycetales,f:Planctomycetaceae,g:GQ487921_g,s:JQ580375_s
ASV1488	83.514	461	62	5	1	447	293	753	4.10e-116	418	tax=d:Bacteria,p:Planctomycetes,c:Planctomycetia,o:Planctomycetales,f:Planctomycetaceae,g:AJ306767_g,s:JN518535_s
ASV1488	83.585	463	58	8	2	447	306	767	4.10e-116	418	tax=d:Bacteria,p:Planctomycetes,c:Planctomycetia,o:Planctomycetales,f:Planctomycetaceae,g:EU881226_g,s:HQ828050_s
ASV1488	83.628	452	66	7	1	447	313	761	4.10e-116	418	tax=d:Bacteria,p:Planctomycetes,c:Planctomycetia,o:Planctomycetales,f:Gemmataceae,g:PAC000302_g,s:GQ500837_s
ASV1488	83.628	452	66	6	1	447	271	719	4.10e-116	418	tax=d:Bacteria,p:Planctomycetes,c:Planctomycetia,o:Planctomycetales,f:Gemmataceae,g:PAC000302_g,s:FJ824049_s
ASV1488	83.556	450	71	3	1	447	294	743	4.10e-116	418	tax=d:Bacteria,p:Planctomycetes,c:Planctomycetia,o:Planctomycetales,f:Planctomycetaceae,g:GU083668_g,s:FJ716471_s
ASV1488	83.628	452	66	6	1	447	311	759	4.10e-116	418	tax=d:Bacteria,p:Planctomycetes,c:Planctomycetia,o:Planctomycetales,f:Gemmataceae,g:PAC002023_g,s:EU881297_s
ASV1488	83.628	452	67	6	1	447	315	764	4.10e-116	418	tax=d:Bacteria,p:Planctomycetes,c:Planctomycetia,o:Planctomycetales,f:Gemmataceae,g:PAC000083_g,s:EU881120_s
ASV1488	83.592	451	68	6	1	447	314	762	4.10e-116	418	tax=d:Bacteria,p:Planctomycetes,c:Planctomycetia,o:Planctomycetales,f:Gemmataceae,g:PAC000017_g,s:EU135223_s
ASV1488	83.621	464	57	8	1	447	315	776	4.10e-116	418	tax=d:Bacteria,p:Planctomycetes,c:Planctomycetia,o:Planctomycetales,f:Planctomycetaceae,g:DQ811897_g,s:DQ811897_s
ASV1488	83.482	448	72	2	1	447	319	765	1.47e-115	416	tax=d:Bacteria,p:Planctomycetes,c:Planctomycetia,o:Planctomycetales,f:Gemmataceae,g:PAC000017_g,s:PAC002572_s
ASV1488	83.556	450	68	6	1	447	311	757	1.47e-115	416	tax=d:Bacteria,p:Planctomycetes,c:Planctomycetia,o:Planctomycetales,f:Gemmataceae,g:PAC000017_g,s:PAC001838_s
ASV1488	83.705	448	66	6	1	447	319	760	1.47e-115	416	tax=d:Bacteria,p:Planctomycetes,c:Planctomycetia,o:Planctomycetales,f:Gemmataceae,g:PAC000025_g,s:PAC000482_s
ASV1488	83.556	450	68	6	1	447	311	757	1.47e-115	416	tax=d:Bacteria,p:Planctomycetes,c:Planctomycetia,o:Planctomycetales,f:Gemmataceae,g:PAC000136_g,s:PAC000426_s
ASV1488	83.628	452	65	9	1	447	312	759	1.47e-115	416	tax=d:Bacteria,p:Planctomycetes,c:Planctomycetia,o:Planctomycetales,f:Gemmataceae,g:PAC000412_g,s:PAC000412_s
ASV1488	83.592	451	66	7	1	447	349	795	1.47e-115	416	tax=d:Bacteria,p:Planctomycetes,c:Planctomycetia,o:Planctomycetales,f:Gemmataceae,g:FJ479427_g,s:JQ769724_s
ASV1488	83.516	455	65	7	1	447	311	763	1.47e-115	416	tax=d:Bacteria,p:Planctomycetes,c:Planctomycetia,o:Planctomycetales,f:Gemmataceae,g:EU135163_g,s:JQ738899_s
ASV1488	83.482	448	72	2	1	447	318	764	1.47e-115	416	tax=d:Bacteria,p:Planctomycetes,c:Planctomycetia,o:Planctomycetales,f:Gemmataceae,g:EF580956_g,s:JF183965_s
ASV1488	83.519	449	70	4	1	447	311	757	1.47e-115	416	tax=d:Bacteria,p:Planctomycetes,c:Planctomycetia,o:Planctomycetales,f:Gemmataceae,g:PAC000083_g,s:HQ119044_s
ASV1488	83.482	448	72	2	1	447	311	757	1.47e-115	416	tax=d:Bacteria,p:Planctomycetes,c:Planctomycetia,o:Planctomycetales,f:Gemmataceae,g:PAC000425_g,s:HQ118961_s
ASV1488	83.519	449	70	2	1	447	313	759	1.47e-115	416	tax=d:Bacteria,p:Planctomycetes,c:Planctomycetia,o:Planctomycetales,f:Gemmataceae,g:PAC000017_g,s:FR687536_s
ASV1488	83.705	448	65	5	1	447	320	760	1.47e-115	416	tax=d:Bacteria,p:Planctomycetes,c:Planctomycetia,o:Planctomycetales,f:Gemmataceae,g:EU135148_g,s:EU589267_s
ASV1488	83.478	460	62	5	2	447	297	756	1.47e-115	416	tax=d:Bacteria,p:Planctomycetes,c:Planctomycetia,o:Planctomycetales,f:Planctomycetaceae,g:AJ306767_g,s:EU487954_s
ASV1488	83.445	447	74	0	1	447	283	729	1.47e-115	416	tax=d:Bacteria,p:Planctomycetes,c:Planctomycetia,o:Planctomycetales,f:Gemmataceae,g:EU043957_g,s:EU043957_s
ASV1488	83.482	448	72	2	1	447	319	765	1.47e-115	416	tax=d:Bacteria,p:Planctomycetes,c:Planctomycetia,o:Planctomycetales,f:Gemmataceae,g:PAC000017_g,s:AY963397_s
ASV1488	83.482	448	72	2	1	447	294	740	1.47e-115	416	tax=d:Bacteria,p:Planctomycetes,c:Planctomycetia,o:Planctomycetales,f:Gemmataceae,g:PAC000412_g,s:AM902599_s
ASV1488	83.370	451	71	3	1	447	313	763	5.30e-115	414	tax=d:Bacteria,p:Planctomycetes,c:Planctomycetia,o:Planctomycetales,f:Gemmataceae,g:PAC000017_g,s:PAC000485_s
ASV1488	83.592	451	65	9	1	447	311	756	5.30e-115	414	tax=d:Bacteria,p:Planctomycetes,c:Planctomycetia,o:Planctomycetales,f:Gemmataceae,g:PAC000136_g,s:PAC000136_s
ASV1488	83.480	454	65	9	1	447	311	761	5.30e-115	414	tax=d:Bacteria,p:Planctomycetes,c:Planctomycetia,o:Planctomycetales,f:Gemmataceae,g:PAC000017_g,s:JX133373_s
ASV1488	83.585	463	55	11	1	447	305	762	5.30e-115	414	tax=d:Bacteria,p:Planctomycetes,c:Planctomycetia,o:Planctomycetales,f:Planctomycetaceae,g:GQ340342_g,s:GQ340342_s
ASV1488	83.480	454	65	8	1	447	320	770	5.30e-115	414	tax=d:Bacteria,p:Planctomycetes,c:Planctomycetia,o:Planctomycetales,f:Gemmataceae,g:FJ479427_g,s:FJ478856_s
ASV1488	83.369	469	55	14	1	447	313	780	5.30e-115	414	tax=d:Bacteria,p:Planctomycetes,c:Planctomycetia,o:Planctomycetales,f:Planctomycetaceae,g:Fuerstia,s:EU617893_s
ASV1488	83.407	452	69	4	1	447	288	738	5.30e-115	414	tax=d:Bacteria,p:Planctomycetes,c:Planctomycetia,o:Planctomycetales,f:Gemmataceae,g:PAC002435_g,s:EU044249_s
ASV1488	83.333	462	62	6	1	447	299	760	1.91e-114	412	tax=d:Bacteria,p:Planctomycetes,c:Planctomycetia,o:Planctomycetales,f:Planctomycetaceae,g:HQ697724_g,s:HQ697724_s
ASV1488	83.405	464	57	9	1	447	315	775	1.91e-114	412	tax=d:Bacteria,p:Planctomycetes,c:Planctomycetia,o:Planctomycetales,f:Planctomycetaceae,g:Fuerstia,s:HQ397416_s
ASV1488	83.333	450	71	4	1	447	319	767	1.91e-114	412	tax=d:Bacteria,p:Planctomycetes,c:Planctomycetia,o:Planctomycetales,f:Gemmataceae,g:PAC000017_g,s:HM445419_s
ASV1488	83.370	451	70	5	1	447	308	757	1.91e-114	412	tax=d:Bacteria,p:Planctomycetes,c:Planctomycetia,o:Planctomycetales,f:Gemmataceae,g:PAC002023_g,s:HM186661_s
ASV1488	83.476	466	54	11	1	447	314	775	1.91e-114	412	tax=d:Bacteria,p:Planctomycetes,c:Planctomycetia,o:Planctomycetales,f:Planctomycetaceae,g:HQ857729_g,s:HF558633_s
ASV1488	83.333	450	72	3	1	447	297	746	1.91e-114	412	tax=d:Bacteria,p:Planctomycetes,c:Planctomycetia,o:Planctomycetales,f:Planctomycetaceae,g:GU083668_g,s:GU083668_s
ASV1488	83.442	459	61	6	1	444	305	763	1.91e-114	412	tax=d:Bacteria,p:Planctomycetes,c:Planctomycetia,o:Planctomycetales,f:Planctomycetaceae,g:Planctopirus,s:FJ542891_s
ASV1488	83.482	448	69	5	1	447	310	753	1.91e-114	412	tax=d:Bacteria,p:Planctomycetes,c:Planctomycetia,o:Planctomycetales,f:Gemmataceae,g:EF580956_g,s:EF580956_s
ASV1488	83.333	462	62	6	1	447	295	756	1.91e-114	412	tax=d:Bacteria,p:Planctomycetes,c:Planctomycetia,o:Planctomycetales,f:Planctomycetaceae,g:EF123574_g,s:EF123574_s
ASV1488	83.442	459	61	5	1	444	305	763	1.91e-114	412	tax=d:Bacteria,p:Planctomycetes,c:Planctomycetia,o:Planctomycetales,f:Planctomycetaceae,g:Planctopirus,s:AY328733_s
ASV1488	83.259	448	73	2	1	447	319	765	6.86e-114	411	tax=d:Bacteria,p:Planctomycetes,c:Planctomycetia,o:Planctomycetales,f:Gemmataceae,g:PAC000559_g,s:PAC000559_s
ASV1488	83.259	448	73	2	1	447	319	765	6.86e-114	411	tax=d:Bacteria,p:Planctomycetes,c:Planctomycetia,o:Planctomycetales,f:Gemmataceae,g:PAC000083_g,s:PAC000304_s
ASV1488	83.259	448	73	2	1	447	313	759	6.86e-114	411	tax=d:Bacteria,p:Planctomycetes,c:Planctomycetia,o:Planctomycetales,f:Gemmataceae,g:EF018875_g,s:EF018875_s
ASV1488	83.259	448	73	2	1	447	313	759	6.86e-114	411	tax=d:Bacteria,p:Planctomycetes,c:Planctomycetia,o:Planctomycetales,f:Gemmataceae,g:PAC000086_g,s:EF018393_s
ASV1488	83.404	470	50	18	1	447	296	760	6.86e-114	411	tax=d:Bacteria,p:Planctomycetes,c:Planctomycetia,o:Planctomycetales,f:Planctomycetaceae,g:DQ811897_g,s:DQ395526_s
ASV1488	83.149	451	72	3	1	447	313	763	2.47e-113	409	tax=d:Bacteria,p:Planctomycetes,c:Planctomycetia,o:Planctomycetales,f:Gemmataceae,g:PAC000017_g,s:PAC001837_s
ASV1488	83.149	451	72	3	1	447	312	762	2.47e-113	409	tax=d:Bacteria,p:Planctomycetes,c:Planctomycetia,o:Planctomycetales,f:Gemmataceae,g:PAC000017_g,s:PAC000423_s
ASV1488	83.186	452	70	5	1	447	313	763	2.47e-113	409	tax=d:Bacteria,p:Planctomycetes,c:Planctomycetia,o:Planctomycetales,f:Gemmataceae,g:PAC000017_g,s:JF429067_s
ASV1488	83.221	447	73	2	1	447	317	761	2.47e-113	409	tax=d:Bacteria,p:Planctomycetes,c:Planctomycetia,o:Planctomycetales,f:Gemmataceae,g:EF580956_g,s:JF027933_s
ASV1488	83.260	454	66	9	1	447	321	771	2.47e-113	409	tax=d:Bacteria,p:Planctomycetes,c:Planctomycetia,o:Planctomycetales,f:Gemmataceae,g:HQ190559_g,s:EU135238_s
ASV1488	83.223	453	68	7	1	447	313	763	2.47e-113	409	tax=d:Bacteria,p:Planctomycetes,c:Planctomycetia,o:Planctomycetales,f:Gemmataceae,g:EU135163_g,s:EU135163_s
ASV1488	83.223	453	67	7	1	447	313	762	8.87e-113	407	tax=d:Bacteria,p:Planctomycetes,c:Planctomycetia,o:Planctomycetales,f:Gemmataceae,g:PAC000481_g,s:PAC000484_s
ASV1488	83.153	463	61	10	1	447	298	759	8.87e-113	407	tax=d:Bacteria,p:Planctomycetes,c:Planctomycetia,o:Planctomycetales,f:Planctomycetaceae,g:JX489895_g,s:JX489895_s
ASV1488	83.117	462	63	8	1	447	299	760	8.87e-113	407	tax=d:Bacteria,p:Planctomycetes,c:Planctomycetia,o:Planctomycetales,f:Planctomycetaceae,g:GQ487921_g,s:JQ580331_s
ASV1488	83.149	451	70	6	1	447	309	757	8.87e-113	407	tax=d:Bacteria,p:Planctomycetes,c:Planctomycetia,o:Planctomycetales,f:Gemmataceae,g:PAC000302_g,s:JF016543_s
ASV1488	83.260	454	64	12	1	447	319	767	8.87e-113	407	tax=d:Bacteria,p:Planctomycetes,c:Planctomycetia,o:Planctomycetales,f:Gemmataceae,g:HQ121097_g,s:HQ121097_s
ASV1488	83.221	447	72	2	1	447	310	753	8.87e-113	407	tax=d:Bacteria,p:Planctomycetes,c:Planctomycetia,o:Planctomycetales,f:Gemmataceae,g:GU118256_g,s:GU118256_s
ASV1488	83.111	450	72	3	1	447	313	761	8.87e-113	407	tax=d:Bacteria,p:Planctomycetes,c:Planctomycetia,o:Planctomycetales,f:Gemmataceae,g:PAC000086_g,s:GQ339148_s
ASV1488	83.153	463	61	4	1	447	281	742	8.87e-113	407	tax=d:Bacteria,p:Planctomycetes,c:Planctomycetia,o:Planctomycetales,f:Planctomycetaceae,g:Gimesia,s:EU592392_s
ASV1488	83.111	450	72	4	1	447	268	716	8.87e-113	407	tax=d:Bacteria,p:Planctomycetes,c:Planctomycetia,o:Planctomycetales,f:Gemmataceae,g:Gemmata,s:AM902596_s
ASV1488	83.153	463	61	7	1	447	298	759	8.87e-113	407	tax=d:Bacteria,p:Planctomycetes,c:Planctomycetia,o:Planctomycetales,f:Planctomycetaceae,g:AB696513_g,s:AB696513_s
ASV1488	83.149	451	71	5	1	447	297	746	8.87e-113	407	tax=d:Bacteria,p:Planctomycetes,c:Planctomycetia,o:Planctomycetales,f:Planctomycetaceae,g:GU083668_g,s:AB630612_s
ASV1488	83.036	448	74	2	1	447	311	757	8.87e-113	407	tax=d:Bacteria,p:Planctomycetes,c:Planctomycetia,o:Planctomycetales,f:Gemmataceae,g:AB179519_g,s:AB179519_s
ASV1488	83.073	449	72	4	1	447	310	756	3.19e-112	405	tax=d:Bacteria,p:Planctomycetes,c:Planctomycetia,o:Planctomycetales,f:Gemmataceae,g:PAC000083_g,s:PAC000643_s
ASV1488	83.186	452	67	9	1	447	296	743	3.19e-112	405	tax=d:Bacteria,p:Planctomycetes,c:Planctomycetia,o:Planctomycetales,f:Gemmataceae,g:JN869214_g,s:JN869214_s
ASV1488	83.296	449	65	8	1	447	319	759	3.19e-112	405	tax=d:Bacteria,p:Planctomycetes,c:Planctomycetia,o:Planctomycetales,f:Gemmataceae,g:PAC000025_g,s:HQ864160_s
ASV1488	83.002	453	71	3	1	447	318	770	3.19e-112	405	tax=d:Bacteria,p:Planctomycetes,c:Planctomycetia,o:Planctomycetales,f:Gemmataceae,g:EF580956_g,s:HQ119290_s
ASV1488	83.036	448	74	2	1	447	311	757	3.19e-112	405	tax=d:Bacteria,p:Planctomycetes,c:Planctomycetia,o:Planctomycetales,f:Gemmataceae,g:PAC000481_g,s:HQ119148_s
ASV1488	83.111	450	70	6	1	447	310	756	3.19e-112	405	tax=d:Bacteria,p:Planctomycetes,c:Planctomycetia,o:Planctomycetales,f:Gemmataceae,g:PAC000412_g,s:EU135267_s
ASV1488	83.186	452	66	9	1	447	318	764	3.19e-112	405	tax=d:Bacteria,p:Planctomycetes,c:Planctomycetia,o:Planctomycetales,f:Gemmataceae,g:FJ479427_g,s:EU135205_s
ASV1488	83.073	449	72	4	1	447	318	764	3.19e-112	405	tax=d:Bacteria,p:Planctomycetes,c:Planctomycetia,o:Planctomycetales,f:Gemmataceae,g:PAC000038_g,s:EU135074_s
ASV1488	83.111	450	70	6	1	447	319	765	3.19e-112	405	tax=d:Bacteria,p:Planctomycetes,c:Planctomycetia,o:Planctomycetales,f:Gemmataceae,g:PAC002335_g,s:EF018919_s
ASV1488	83.149	451	68	7	1	447	312	758	3.19e-112	405	tax=d:Bacteria,p:Planctomycetes,c:Planctomycetia,o:Planctomycetales,f:Gemmataceae,g:PAC000038_g,s:DQ413082_s
ASV1488	82.998	447	76	0	1	447	313	759	3.19e-112	405	tax=d:Bacteria,p:Planctomycetes,c:Planctomycetia,o:Planctomycetales,f:Gemmataceae,g:PAC000302_g,s:AY963357_s
ASV1488	83.040	454	67	9	1	447	317	767	1.15e-111	403	tax=d:Bacteria,p:Planctomycetes,c:Planctomycetia,o:Planctomycetales,f:Gemmataceae,g:PAC000017_g,s:PAC002345_s
ASV1488	83.002	453	70	5	1	447	292	743	1.15e-111	403	tax=d:Bacteria,p:Planctomycetes,c:Planctomycetia,o:Planctomycetales,f:Planctomycetaceae,g:GU083668_g,s:JQ072996_s
ASV1488	82.998	447	74	2	1	447	290	734	1.15e-111	403	tax=d:Bacteria,p:Planctomycetes,c:Planctomycetia,o:Planctomycetales,f:Planctomycetaceae,g:AF445727_g,s:JN869066_s
ASV1488	82.965	452	71	5	1	447	313	763	1.15e-111	403	tax=d:Bacteria,p:Planctomycetes,c:Planctomycetia,o:Planctomycetales,f:Gemmataceae,g:PAC000302_g,s:JF922432_s
ASV1488	83.040	454	67	9	1	447	309	759	1.15e-111	403	tax=d:Bacteria,p:Planctomycetes,c:Planctomycetia,o:Planctomycetales,f:Gemmataceae,g:HQ114130_g,s:HQ114130_s
ASV1488	83.077	455	66	7	1	447	308	759	1.15e-111	403	tax=d:Bacteria,p:Planctomycetes,c:Planctomycetia,o:Planctomycetales,f:Gemmataceae,g:PAC002023_g,s:HM187112_s
ASV1488	83.077	455	65	11	1	447	311	761	1.15e-111	403	tax=d:Bacteria,p:Planctomycetes,c:Planctomycetia,o:Planctomycetales,f:Gemmataceae,g:EU135163_g,s:FJ479162_s
ASV1488	83.040	454	67	8	1	447	318	768	1.15e-111	403	tax=d:Bacteria,p:Planctomycetes,c:Planctomycetia,o:Planctomycetales,f:Gemmataceae,g:FJ479427_g,s:EU881150_s
ASV1488	82.927	451	73	3	1	447	309	759	1.15e-111	403	tax=d:Bacteria,p:Planctomycetes,c:Planctomycetia,o:Planctomycetales,f:Gemmataceae,g:HQ120623_g,s:EU135127_s
ASV1488	83.040	454	67	8	1	447	311	761	1.15e-111	403	tax=d:Bacteria,p:Planctomycetes,c:Planctomycetia,o:Planctomycetales,f:Gemmataceae,g:PAC000017_g,s:EF494342_s
ASV1488	83.002	453	69	7	1	447	309	759	1.15e-111	403	tax=d:Bacteria,p:Planctomycetes,c:Planctomycetia,o:Planctomycetales,f:Gemmataceae,g:AY963421_g,s:AY963421_s
ASV1488	82.965	452	71	5	1	447	319	769	1.15e-111	403	tax=d:Bacteria,p:Planctomycetes,c:Planctomycetia,o:Planctomycetales,f:Gemmataceae,g:PAC000017_g,s:AY921762_s
ASV1488	82.851	449	75	2	1	447	313	761	4.13e-111	401	tax=d:Bacteria,p:Planctomycetes,c:Planctomycetia,o:Planctomycetales,f:Gemmataceae,g:PAC000083_g,s:PAC002095_s
ASV1488	82.851	449	75	2	1	447	313	761	4.13e-111	401	tax=d:Bacteria,p:Planctomycetes,c:Planctomycetia,o:Planctomycetales,f:Gemmataceae,g:PAC000083_g,s:PAC000644_s
ASV1488	82.974	464	60	6	1	447	297	758	4.13e-111	401	tax=d:Bacteria,p:Planctomycetes,c:Planctomycetia,o:Planctomycetales,f:Planctomycetaceae,g:HQ190380_g,s:JQ287351_s
ASV1488	82.900	462	64	4	1	447	315	776	4.13e-111	401	tax=d:Bacteria,p:Planctomycetes,c:Planctomycetia,o:Planctomycetales,f:Planctomycetaceae,g:AF029079_g,s:JN233109_s
ASV1488	83.002	453	68	8	1	447	311	760	4.13e-111	401	tax=d:Bacteria,p:Planctomycetes,c:Planctomycetia,o:Planctomycetales,f:Gemmataceae,g:HQ119435_g,s:HQ119435_s
ASV1488	82.927	451	71	6	1	447	309	757	4.13e-111	401	tax=d:Bacteria,p:Planctomycetes,c:Planctomycetia,o:Planctomycetales,f:Gemmataceae,g:PAC000715_g,s:HM259262_s
ASV1488	82.974	464	60	9	1	447	312	773	4.13e-111	401	tax=d:Bacteria,p:Planctomycetes,c:Planctomycetia,o:Planctomycetales,f:Planctomycetaceae,g:EU669616_g,s:HM186575_s
ASV1488	83.047	466	56	12	1	447	282	743	4.13e-111	401	tax=d:Bacteria,p:Planctomycetes,c:Planctomycetia,o:Planctomycetales,f:Planctomycetaceae,g:HQ190380_g,s:GU362986_s
ASV1488	82.927	451	72	4	1	447	313	762	4.13e-111	401	tax=d:Bacteria,p:Planctomycetes,c:Planctomycetia,o:Planctomycetales,f:Gemmataceae,g:PAC000017_g,s:EU881243_s
ASV1488	82.781	453	69	9	1	447	319	768	4.13e-111	401	tax=d:Bacteria,p:Planctomycetes,c:Planctomycetia,o:Planctomycetales,f:Gemmataceae,g:PAC000483_g,s:DQ450804_s
ASV1488	82.937	463	62	6	1	447	313	774	4.13e-111	401	tax=d:Bacteria,p:Planctomycetes,c:Planctomycetia,o:Planctomycetales,f:Planctomycetaceae,g:Fuerstia,s:DQ015853_s
ASV1488	83.153	463	55	13	1	444	306	764	4.13e-111	401	tax=d:Bacteria,p:Planctomycetes,c:Planctomycetia,o:Planctomycetales,f:Planctomycetaceae,g:Schlesneria,s:Schlesneria paludicola
ASV1488	82.774	447	77	0	1	447	313	759	1.48e-110	399	tax=d:Bacteria,p:Planctomycetes,c:Planctomycetia,o:Planctomycetales,f:Gemmataceae,g:PAC000017_g,s:PAC002120_s
ASV1488	82.812	448	75	2	1	447	313	759	1.48e-110	399	tax=d:Bacteria,p:Planctomycetes,c:Planctomycetia,o:Planctomycetales,f:Gemmataceae,g:PAC000425_g,s:PAC000425_s
ASV1488	82.851	449	73	4	1	447	312	758	1.48e-110	399	tax=d:Bacteria,p:Planctomycetes,c:Planctomycetia,o:Planctomycetales,f:Gemmataceae,g:PAC000083_g,s:PAC000083_s
ASV1488	82.812	448	75	2	1	447	287	733	1.48e-110	399	tax=d:Bacteria,p:Planctomycetes,c:Planctomycetia,o:Planctomycetales,f:Gemmataceae,g:Gemmata,s:JX133495_s
ASV1488	82.927	451	69	8	1	447	292	738	1.48e-110	399	tax=d:Bacteria,p:Planctomycetes,c:Planctomycetia,o:Planctomycetales,f:Gemmataceae,g:PAC000017_g,s:JN825572_s
ASV1488	82.826	460	66	7	1	447	313	772	1.48e-110	399	tax=d:Bacteria,p:Planctomycetes,c:Planctomycetia,o:Planctomycetales,f:Planctomycetaceae,g:EU491629_g,s:JN233037_s
ASV1488	82.927	451	69	8	1	447	312	758	1.48e-110	399	tax=d:Bacteria,p:Planctomycetes,c:Planctomycetia,o:Planctomycetales,f:Gemmataceae,g:PAC000412_g,s:EU135044_s
ASV1488	82.774	447	77	0	1	447	313	759	1.48e-110	399	tax=d:Bacteria,p:Planctomycetes,c:Planctomycetia,o:Planctomycetales,f:Gemmataceae,g:PAC000302_g,s:AB757748_s
ASV1488	82.705	451	74	3	1	447	320	770	5.34e-110	398	tax=d:Bacteria,p:Planctomycetes,c:Planctomycetia,o:Planctomycetales,f:Gemmataceae,g:PAC000017_g,s:PAC002340_s
ASV1488	82.743	452	72	5	1	447	313	763	5.34e-110	398	tax=d:Bacteria,p:Planctomycetes,c:Planctomycetia,o:Planctomycetales,f:Gemmataceae,g:PAC000017_g,s:PAC000487_s
ASV1488	82.857	455	66	8	1	447	313	763	5.34e-110	398	tax=d:Bacteria,p:Planctomycetes,c:Planctomycetia,o:Planctomycetales,f:Gemmataceae,g:PAC000302_g,s:FJ478962_s
ASV1488	82.743	452	72	5	1	447	319	769	5.34e-110	398	tax=d:Bacteria,p:Planctomycetes,c:Planctomycetia,o:Planctomycetales,f:Gemmataceae,g:PAC000017_g,s:EU669642_s
ASV1488	82.781	453	70	7	1	447	309	759	5.34e-110	398	tax=d:Bacteria,p:Planctomycetes,c:Planctomycetia,o:Planctomycetales,f:Gemmataceae,g:EU335439_g,s:EU335439_s
ASV1488	82.781	453	70	7	1	447	313	763	5.34e-110	398	tax=d:Bacteria,p:Planctomycetes,c:Planctomycetia,o:Planctomycetales,f:Gemmataceae,g:EU335333_g,s:EU335333_s
ASV1488	82.743	452	72	5	1	447	282	732	5.34e-110	398	tax=d:Bacteria,p:Planctomycetes,c:Planctomycetia,o:Planctomycetales,f:Gemmataceae,g:AY963421_g,s:EU043877_s
ASV1488	82.812	448	74	3	1	447	291	736	5.34e-110	398	tax=d:Bacteria,p:Planctomycetes,c:Planctomycetia,o:Planctomycetales,f:Gemmataceae,g:PAC000483_g,s:AM774203_s
ASV1488	82.781	453	71	6	1	447	275	726	5.34e-110	398	tax=d:Bacteria,p:Planctomycetes,c:Planctomycetia,o:Planctomycetales,f:Gemmataceae,g:PAC000715_g,s:AB486049_s
ASV1488	82.796	465	59	13	1	447	298	759	1.92e-109	396	tax=d:Bacteria,p:Planctomycetes,c:Planctomycetia,o:Planctomycetales,f:Planctomycetaceae,g:JX047131_g,s:JX047131_s
ASV1488	82.969	458	58	18	1	447	297	745	1.92e-109	396	tax=d:Bacteria,p:Planctomycetes,c:Planctomycetia,o:Planctomycetales,f:Gemmataceae,g:JQ716261_g,s:JN178523_s
ASV1488	83.146	445	64	10	1	439	295	734	1.92e-109	396	tax=d:Bacteria,p:Planctomycetes,c:Planctomycetia,o:Planctomycetales,f:Planctomycetaceae,g:FJ543064_g,s:JN178361_s
ASV1488	82.684	462	65	4	1	447	313	774	1.92e-109	396	tax=d:Bacteria,p:Planctomycetes,c:Planctomycetia,o:Planctomycetales,f:Planctomycetaceae,g:AF029079_g,s:GU567974_s
ASV1488	82.796	465	58	11	1	447	296	756	1.92e-109	396	tax=d:Bacteria,p:Planctomycetes,c:Planctomycetia,o:Planctomycetales,f:Planctomycetaceae,g:HQ857729_g,s:FJ542997_s
ASV1488	82.743	452	70	8	1	447	318	766	1.92e-109	396	tax=d:Bacteria,p:Planctomycetes,c:Planctomycetia,o:Planctomycetales,f:Gemmataceae,g:PAC000083_g,s:EU881276_s
ASV1488	82.743	452	70	8	1	447	318	766	1.92e-109	396	tax=d:Bacteria,p:Planctomycetes,c:Planctomycetia,o:Planctomycetales,f:Gemmataceae,g:EU344925_g,s:EU135171_s
ASV1488	82.781	453	68	8	1	447	319	767	1.92e-109	396	tax=d:Bacteria,p:Planctomycetes,c:Planctomycetia,o:Planctomycetales,f:Gemmataceae,g:EU344925_g,s:DQ499325_s
ASV1488	82.759	464	61	7	1	447	311	772	1.92e-109	396	tax=d:Bacteria,p:Planctomycetes,c:Planctomycetia,o:Planctomycetales,f:Planctomycetaceae,g:Gimesia,s:Gimesia maris
ASV1488	82.599	454	71	6	1	447	312	764	6.90e-109	394	tax=d:Bacteria,p:Planctomycetes,c:Planctomycetia,o:Planctomycetales,f:Gemmataceae,g:PAC000017_g,s:PAC002571_s
ASV1488	82.561	453	73	4	1	447	321	773	6.90e-109	394	tax=d:Bacteria,p:Planctomycetes,c:Planctomycetia,o:Planctomycetales,f:Gemmataceae,g:PAC000017_g,s:PAC001895_s
ASV1488	82.667	450	72	4	1	447	311	757	6.90e-109	394	tax=d:Bacteria,p:Planctomycetes,c:Planctomycetia,o:Planctomycetales,f:Gemmataceae,g:PAC000486_g,s:PAC000486_s
ASV1488	82.550	447	78	0	1	447	315	761	6.90e-109	394	tax=d:Bacteria,p:Planctomycetes,c:Planctomycetia,o:Planctomycetales,f:Gemmataceae,g:JN860407_g,s:JN860407_s
ASV1488	82.743	452	68	8	1	447	259	705	6.90e-109	394	tax=d:Bacteria,p:Planctomycetes,c:Planctomycetia,o:Planctomycetales,f:Gemmataceae,g:Gemmata,s:JN825567_s
ASV1488	82.599	454	71	7	1	447	309	761	6.90e-109	394	tax=d:Bacteria,p:Planctomycetes,c:Planctomycetia,o:Planctomycetales,f:Gemmataceae,g:PAC000017_g,s:HM187136_s
ASV1488	82.713	457	65	12	1	447	316	768	6.90e-109	394	tax=d:Bacteria,p:Planctomycetes,c:Planctomycetia,o:Planctomycetales,f:Gemmataceae,g:EU344925_g,s:HM186663_s
ASV1488	82.628	449	74	4	1	447	349	795	6.90e-109	394	tax=d:Bacteria,p:Planctomycetes,c:Planctomycetia,o:Planctomycetales,f:Gemmataceae,g:GQ261307_g,s:GQ261307_s
ASV1488	82.589	448	76	2	1	447	313	759	6.90e-109	394	tax=d:Bacteria,p:Planctomycetes,c:Planctomycetia,o:Planctomycetales,f:Gemmataceae,g:FJ479411_g,s:FJ479411_s
ASV1488	82.667	450	72	6	1	447	318	764	6.90e-109	394	tax=d:Bacteria,p:Planctomycetes,c:Planctomycetia,o:Planctomycetales,f:Gemmataceae,g:PAC002335_g,s:EU881099_s
ASV1488	82.628	449	74	4	1	447	317	763	6.90e-109	394	tax=d:Bacteria,p:Planctomycetes,c:Planctomycetia,o:Planctomycetales,f:Gemmataceae,g:PAC000017_g,s:EU374001_s
ASV1488	82.589	448	76	2	1	447	313	759	6.90e-109	394	tax=d:Bacteria,p:Planctomycetes,c:Planctomycetia,o:Planctomycetales,f:Gemmataceae,g:EU135153_g,s:EU135153_s
ASV1488	82.705	451	70	7	1	447	301	747	6.90e-109	394	tax=d:Bacteria,p:Planctomycetes,c:Planctomycetia,o:Planctomycetales,f:Isosphaeraceae,g:Singulisphaera,s:AJ231192_s
ASV1488	82.522	452	73	5	1	447	313	763	2.48e-108	392	tax=d:Bacteria,p:Planctomycetes,c:Planctomycetia,o:Planctomycetales,f:Gemmataceae,g:PAC000412_g,s:PAC002229_s
ASV1488	82.599	454	69	8	1	447	312	762	2.48e-108	392	tax=d:Bacteria,p:Planctomycetes,c:Planctomycetia,o:Planctomycetales,f:Gemmataceae,g:PAC000412_g,s:PAC000558_s
ASV1488	82.589	448	74	4	1	447	313	757	2.48e-108	392	tax=d:Bacteria,p:Planctomycetes,c:Planctomycetia,o:Planctomycetales,f:Gemmataceae,g:PAC000302_g,s:PAC000357_s
ASV1488	82.561	453	71	8	1	447	321	771	2.48e-108	392	tax=d:Bacteria,p:Planctomycetes,c:Planctomycetia,o:Planctomycetales,f:Gemmataceae,g:HQ190559_g,s:HQ190559_s
ASV1488	82.483	451	75	3	1	447	311	761	2.48e-108	392	tax=d:Bacteria,p:Planctomycetes,c:Planctomycetia,o:Planctomycetales,f:Gemmataceae,g:HQ120623_g,s:HQ120623_s
ASV1488	82.684	462	61	7	3	447	315	774	2.48e-108	392	tax=d:Bacteria,p:Planctomycetes,c:Planctomycetia,o:Planctomycetales,f:Planctomycetaceae,g:HQ190380_g,s:FJ712570_s
ASV1488	82.561	453	71	6	1	447	318	768	2.48e-108	392	tax=d:Bacteria,p:Planctomycetes,c:Planctomycetia,o:Planctomycetales,f:Gemmataceae,g:EU344925_g,s:EU344925_s
ASV1488	82.522	452	73	5	1	447	275	725	2.48e-108	392	tax=d:Bacteria,p:Planctomycetes,c:Planctomycetia,o:Planctomycetales,f:Gemmataceae,g:Gemmata,s:EU135260_s
ASV1488	82.599	454	69	9	1	447	311	761	2.48e-108	392	tax=d:Bacteria,p:Planctomycetes,c:Planctomycetia,o:Planctomycetales,f:Gemmataceae,g:PAC002228_g,s:EF019897_s
ASV1488	82.599	454	69	8	1	447	313	763	2.48e-108	392	tax=d:Bacteria,p:Planctomycetes,c:Planctomycetia,o:Planctomycetales,f:Gemmataceae,g:PAC000017_g,s:AF465657_s
ASV1488	82.543	464	62	11	1	447	312	773	8.93e-108	390	tax=d:Bacteria,p:Planctomycetes,c:Planctomycetia,o:Planctomycetales,f:Planctomycetaceae,g:Gimesia,s:X81952_s
ASV1488	82.483	451	73	6	1	447	286	734	8.93e-108	390	tax=d:Bacteria,p:Planctomycetes,c:Planctomycetia,o:Planctomycetales,f:Gemmataceae,g:Gemmata,s:PAC002225_s
ASV1488	82.444	450	75	4	1	447	319	767	8.93e-108	390	tax=d:Bacteria,p:Planctomycetes,c:Planctomycetia,o:Planctomycetales,f:Gemmataceae,g:PAC000017_g,s:PAC001974_s
ASV1488	82.483	451	73	6	1	447	318	766	8.93e-108	390	tax=d:Bacteria,p:Planctomycetes,c:Planctomycetia,o:Planctomycetales,f:Gemmataceae,g:PAC000017_g,s:JX133452_s
ASV1488	82.522	452	72	5	1	447	305	754	8.93e-108	390	tax=d:Bacteria,p:Planctomycetes,c:Planctomycetia,o:Planctomycetales,f:Planctomycetaceae,g:JQ579970_g,s:JQ579970_s
ASV1488	82.505	463	64	3	1	447	270	731	8.93e-108	390	tax=d:Bacteria,p:Planctomycetes,c:Planctomycetia,o:Planctomycetales,f:Planctomycetaceae,g:GQ487921_g,s:JN501858_s
ASV1488	82.667	450	68	6	1	447	307	749	8.93e-108	390	tax=d:Bacteria,p:Planctomycetes,c:Planctomycetia,o:Planctomycetales,f:Planctomycetaceae,g:PAC002504_g,s:HQ697746_s
ASV1488	82.618	466	58	13	1	447	313	774	8.93e-108	390	tax=d:Bacteria,p:Planctomycetes,c:Planctomycetia,o:Planctomycetales,f:Planctomycetaceae,g:HQ857729_g,s:GQ348574_s
ASV1488	82.405	449	75	4	1	447	319	765	3.21e-107	388	tax=d:Bacteria,p:Planctomycetes,c:Planctomycetia,o:Planctomycetales,f:Gemmataceae,g:PAC002611_g,s:PAC002611_s
ASV1488	82.483	451	72	7	1	447	288	735	3.21e-107	388	tax=d:Bacteria,p:Planctomycetes,c:Planctomycetia,o:Planctomycetales,f:Gemmataceae,g:Gemmata,s:JF026970_s
ASV1488	82.456	456	68	11	1	447	318	770	3.21e-107	388	tax=d:Bacteria,p:Planctomycetes,c:Planctomycetia,o:Planctomycetales,f:Gemmataceae,g:EU344925_g,s:HM187306_s
ASV1488	82.366	448	77	2	1	447	283	729	3.21e-107	388	tax=d:Bacteria,p:Planctomycetes,c:Planctomycetia,o:Planctomycetales,f:Gemmataceae,g:Gemmata,s:GQ487924_s
ASV1488	82.444	450	74	5	1	447	312	759	3.21e-107	388	tax=d:Bacteria,p:Planctomycetes,c:Planctomycetia,o:Planctomycetales,f:Gemmataceae,g:PAC000412_g,s:FJ625346_s
ASV1488	82.340	453	74	4	1	447	321	773	3.21e-107	388	tax=d:Bacteria,p:Planctomycetes,c:Planctomycetia,o:Planctomycetales,f:Gemmataceae,g:PAC000017_g,s:FJ405890_s
ASV1488	82.550	447	72	4	1	447	294	734	3.21e-107	388	tax=d:Bacteria,p:Planctomycetes,c:Planctomycetia,o:Planctomycetales,f:Planctomycetaceae,g:EU386059_g,s:EU386059_s
ASV1488	82.628	449	69	8	1	447	307	748	3.21e-107	388	tax=d:Bacteria,p:Planctomycetes,c:Planctomycetia,o:Planctomycetales,f:Gemmataceae,g:Tuwongella,s:EF205440_s
ASV1488	82.340	453	72	7	1	447	313	763	1.16e-106	387	tax=d:Bacteria,p:Planctomycetes,c:Planctomycetia,o:Planctomycetales,f:Gemmataceae,g:PAC000017_g,s:PAC002562_s
ASV1488	82.301	452	74	5	1	447	309	759	1.16e-106	387	tax=d:Bacteria,p:Planctomycetes,c:Planctomycetia,o:Planctomycetales,f:Gemmataceae,g:PAC000715_g,s:PAC000715_s
ASV1488	82.379	454	70	6	1	447	313	763	1.16e-106	387	tax=d:Bacteria,p:Planctomycetes,c:Planctomycetia,o:Planctomycetales,f:Gemmataceae,g:PAC000481_g,s:PAC000481_s
ASV1488	82.366	448	76	3	1	447	285	730	1.16e-106	387	tax=d:Bacteria,p:Planctomycetes,c:Planctomycetia,o:Planctomycetales,f:Planctomycetaceae,g:HQ642826_g,s:HQ642826_s
ASV1488	82.379	454	71	8	1	447	310	761	1.16e-106	387	tax=d:Bacteria,p:Planctomycetes,c:Planctomycetia,o:Planctomycetales,f:Gemmataceae,g:GU172185_g,s:GU727722_s
ASV1488	82.340	453	72	7	1	447	315	765	1.16e-106	387	tax=d:Bacteria,p:Planctomycetes,c:Planctomycetia,o:Planctomycetales,f:Gemmataceae,g:GU172185_g,s:GU172185_s
ASV1488	82.340	453	73	6	1	447	313	764	1.16e-106	387	tax=d:Bacteria,p:Planctomycetes,c:Planctomycetia,o:Planctomycetales,f:Gemmataceae,g:PAC002611_g,s:FJ479035_s
ASV1488	82.340	453	72	6	1	447	313	763	1.16e-106	387	tax=d:Bacteria,p:Planctomycetes,c:Planctomycetia,o:Planctomycetales,f:Gemmataceae,g:PAC000017_g,s:EU335249_s
ASV1488	82.340	453	72	7	1	447	319	769	1.16e-106	387	tax=d:Bacteria,p:Planctomycetes,c:Planctomycetia,o:Planctomycetales,f:Gemmataceae,g:PAC000483_g,s:EU135289_s
ASV1488	82.418	455	68	10	1	447	311	761	1.16e-106	387	tax=d:Bacteria,p:Planctomycetes,c:Planctomycetia,o:Planctomycetales,f:Gemmataceae,g:PAC000038_g,s:EF019180_s
ASV1488	82.301	452	74	6	1	447	311	761	1.16e-106	387	tax=d:Bacteria,p:Planctomycetes,c:Planctomycetia,o:Planctomycetales,f:Gemmataceae,g:AB179519_g,s:AY963411_s
ASV1488	82.340	453	72	7	1	447	313	763	1.16e-106	387	tax=d:Bacteria,p:Planctomycetes,c:Planctomycetia,o:Planctomycetales,f:Gemmataceae,g:EU335333_g,s:AB630872_s
ASV1488	82.289	463	65	8	1	447	295	756	4.16e-106	385	tax=d:Bacteria,p:Planctomycetes,c:Planctomycetia,o:Planctomycetales,f:Planctomycetaceae,g:GQ487921_g,s:JN457484_s
ASV1488	82.183	449	78	2	1	447	312	760	4.16e-106	385	tax=d:Bacteria,p:Planctomycetes,c:Planctomycetia,o:Planctomycetales,f:Gemmataceae,g:JF123936_g,s:JF123936_s
ASV1488	82.340	453	70	10	1	447	297	745	4.16e-106	385	tax=d:Bacteria,p:Planctomycetes,c:Planctomycetia,o:Planctomycetales,f:Isosphaeraceae,g:PAC000488_g,s:HQ119613_s
ASV1488	82.405	449	72	5	1	447	312	755	4.16e-106	385	tax=d:Bacteria,p:Planctomycetes,c:Planctomycetia,o:Planctomycetales,f:Gemmataceae,g:PAC000560_g,s:HQ119194_s
ASV1488	82.327	447	76	2	1	447	314	757	4.16e-106	385	tax=d:Bacteria,p:Planctomycetes,c:Planctomycetia,o:Planctomycetales,f:Gemmataceae,g:PAC000560_g,s:EU135120_s
ASV1488	82.262	451	72	6	1	447	286	732	1.49e-105	383	tax=d:Bacteria,p:Planctomycetes,c:Planctomycetia,o:Planctomycetales,f:Gemmataceae,g:Fimbriiglobus,s:PAC001331_s
ASV1488	82.222	450	75	5	1	447	305	752	1.49e-105	383	tax=d:Bacteria,p:Planctomycetes,c:Planctomycetia,o:Planctomycetales,f:Isosphaeraceae,g:Aquisphaera,s:PAC000639_s
ASV1488	82.237	456	70	7	1	447	289	742	1.49e-105	383	tax=d:Bacteria,p:Planctomycetes,c:Planctomycetia,o:Planctomycetales,f:Gemmataceae,g:Gemmata,s:JQ738788_s
ASV1488	82.103	447	80	0	1	447	270	716	1.49e-105	383	tax=d:Bacteria,p:Planctomycetes,c:Planctomycetia,o:Planctomycetales,f:Planctomycetaceae,g:HQ153845_g,s:HQ153845_s
ASV1488	82.222	450	74	6	1	447	311	757	1.49e-105	383	tax=d:Bacteria,p:Planctomycetes,c:Planctomycetia,o:Planctomycetales,f:Gemmataceae,g:PAC000038_g,s:EU881267_s
ASV1488	82.222	450	74	6	1	447	347	793	1.49e-105	383	tax=d:Bacteria,p:Planctomycetes,c:Planctomycetia,o:Planctomycetales,f:Gemmataceae,g:PAC000038_g,s:EU881105_s
ASV1488	82.183	449	76	3	1	447	311	757	1.49e-105	383	tax=d:Bacteria,p:Planctomycetes,c:Planctomycetia,o:Planctomycetales,f:Gemmataceae,g:EU234279_g,s:EU234279_s
ASV1488	82.103	447	80	0	1	447	307	753	1.49e-105	383	tax=d:Bacteria,p:Planctomycetes,c:Planctomycetia,o:Planctomycetales,f:Gemmataceae,g:PAC000412_g,s:EU135255_s
ASV1488	82.262	451	72	7	1	447	318	764	1.49e-105	383	tax=d:Bacteria,p:Planctomycetes,c:Planctomycetia,o:Planctomycetales,f:Gemmataceae,g:PAC000038_g,s:EU135177_s
ASV1488	82.222	450	74	6	1	447	313	759	1.49e-105	383	tax=d:Bacteria,p:Planctomycetes,c:Planctomycetia,o:Planctomycetales,f:Gemmataceae,g:EU135165_g,s:EU135165_s
ASV1488	82.080	452	75	5	1	447	320	770	5.38e-105	381	tax=d:Bacteria,p:Planctomycetes,c:Planctomycetia,o:Planctomycetales,f:Gemmataceae,g:PAC000017_g,s:PAC002024_s
ASV1488	82.103	447	78	2	1	447	318	762	5.38e-105	381	tax=d:Bacteria,p:Planctomycetes,c:Planctomycetia,o:Planctomycetales,f:Gemmataceae,g:PAC000151_g,s:PAC000151_s
ASV1488	82.159	454	71	8	1	447	306	756	5.38e-105	381	tax=d:Bacteria,p:Planctomycetes,c:Planctomycetia,o:Planctomycetales,f:Gemmataceae,g:PAC000017_g,s:JF833923_s
ASV1488	82.198	455	69	12	1	447	296	746	5.38e-105	381	tax=d:Bacteria,p:Planctomycetes,c:Planctomycetia,o:Planctomycetales,f:Isosphaeraceae,g:Singulisphaera,s:FJ466378_s
ASV1488	82.353	459	61	17	1	447	280	730	5.38e-105	381	tax=d:Bacteria,p:Planctomycetes,c:Planctomycetia,o:Planctomycetales,f:Gemmataceae,g:PAC000086_g,s:EU043973_s
ASV1488	82.483	451	61	12	1	447	319	755	1.93e-104	379	tax=d:Bacteria,p:Planctomycetes,c:Planctomycetia,o:Planctomycetales,f:Gemmataceae,g:PAC002335_g,s:JF815519_s
ASV1488	82.000	450	76	5	1	447	313	760	1.93e-104	379	tax=d:Bacteria,p:Planctomycetes,c:Planctomycetia,o:Planctomycetales,f:Gemmataceae,g:PAC000302_g,s:JF189045_s
ASV1488	82.000	450	75	4	1	447	303	749	6.95e-104	377	tax=d:Bacteria,p:Planctomycetes,c:Planctomycetia,o:Planctomycetales,f:Gemmataceae,g:Gemmata,s:PAC000562_s
ASV1488	81.960	449	77	4	1	447	319	765	6.95e-104	377	tax=d:Bacteria,p:Planctomycetes,c:Planctomycetia,o:Planctomycetales,f:Gemmataceae,g:PAC000559_g,s:PAC000561_s
ASV1488	81.920	448	79	2	1	447	284	730	6.95e-104	377	tax=d:Bacteria,p:Planctomycetes,c:Planctomycetia,o:Planctomycetales,f:Gemmataceae,g:Gemmata,s:PAC000360_s
ASV1488	81.978	455	72	7	1	447	319	771	6.95e-104	377	tax=d:Bacteria,p:Planctomycetes,c:Planctomycetia,o:Planctomycetales,f:Gemmataceae,g:FJ479427_g,s:HM186648_s
ASV1488	82.418	455	58	18	1	447	309	749	6.95e-104	377	tax=d:Bacteria,p:Planctomycetes,c:Planctomycetia,o:Planctomycetales,f:Planctomycetaceae,g:PAC002504_g,s:GU455173_s
ASV1488	82.000	450	75	6	1	447	318	764	6.95e-104	377	tax=d:Bacteria,p:Planctomycetes,c:Planctomycetia,o:Planctomycetales,f:Gemmataceae,g:PAC000038_g,s:GQ093878_s
ASV1488	82.080	452	72	8	1	447	327	774	6.95e-104	377	tax=d:Bacteria,p:Planctomycetes,c:Planctomycetia,o:Planctomycetales,f:Gemmataceae,g:PAC000017_g,s:FJ205306_s
ASV1488	82.013	467	62	11	1	447	279	743	6.95e-104	377	tax=d:Bacteria,p:Planctomycetes,c:Planctomycetia,o:Planctomycetales,f:Planctomycetaceae,g:Fuerstia,s:EU703485_s
ASV1488	82.080	452	71	10	1	447	289	735	6.95e-104	377	tax=d:Bacteria,p:Planctomycetes,c:Planctomycetia,o:Planctomycetales,f:Gemmataceae,g:Gemmata,s:DQ532212_s
ASV1488	81.960	449	77	4	1	447	318	764	6.95e-104	377	tax=d:Bacteria,p:Planctomycetes,c:Planctomycetia,o:Planctomycetales,f:Gemmataceae,g:PAC000038_g,s:DQ413078_s
ASV1488	82.080	452	71	10	1	447	297	743	6.95e-104	377	tax=d:Bacteria,p:Planctomycetes,c:Planctomycetia,o:Planctomycetales,f:Isosphaeraceae,g:Singulisphaera,s:AF244751_s
ASV1488	81.920	448	77	4	1	447	319	763	2.50e-103	375	tax=d:Bacteria,p:Planctomycetes,c:Planctomycetia,o:Planctomycetales,f:Gemmataceae,g:JN868920_g,s:JN868920_s
ASV1488	81.938	454	72	9	1	447	295	745	2.50e-103	375	tax=d:Bacteria,p:Planctomycetes,c:Planctomycetia,o:Planctomycetales,f:Gemmataceae,g:PAC000486_g,s:JN867703_s
ASV1488	82.080	452	70	8	1	447	288	733	2.50e-103	375	tax=d:Bacteria,p:Planctomycetes,c:Planctomycetia,o:Planctomycetales,f:Gemmataceae,g:PAC000560_g,s:JN825570_s
ASV1488	82.040	451	72	8	1	447	312	757	2.50e-103	375	tax=d:Bacteria,p:Planctomycetes,c:Planctomycetia,o:Planctomycetales,f:Gemmataceae,g:PAC000560_g,s:HQ674919_s
ASV1488	82.057	457	66	14	1	447	297	747	2.50e-103	375	tax=d:Bacteria,p:Planctomycetes,c:Planctomycetia,o:Planctomycetales,f:Isosphaeraceae,g:Singulisphaera,s:Singulisphaera rosea
ASV1488	81.879	447	79	2	1	447	286	730	2.50e-103	375	tax=d:Bacteria,p:Planctomycetes,c:Planctomycetia,o:Planctomycetales,f:Gemmataceae,g:Gemmata,s:FJ623353_s
ASV1488	82.018	456	68	11	1	447	320	770	2.50e-103	375	tax=d:Bacteria,p:Planctomycetes,c:Planctomycetia,o:Planctomycetales,f:Gemmataceae,g:PAC000017_g,s:FJ479310_s
ASV1488	82.000	450	74	5	1	447	303	748	2.50e-103	375	tax=d:Bacteria,p:Planctomycetes,c:Planctomycetia,o:Planctomycetales,f:Gemmataceae,g:Gemmata,s:EU335417_s
ASV1488	81.960	449	74	5	1	447	312	755	9.00e-103	374	tax=d:Bacteria,p:Planctomycetes,c:Planctomycetia,o:Planctomycetales,f:Gemmataceae,g:PAC000560_g,s:PAC002094_s
ASV1488	81.917	459	68	13	1	447	313	768	9.00e-103	374	tax=d:Bacteria,p:Planctomycetes,c:Planctomycetia,o:Planctomycetales,f:Gemmataceae,g:PAC000302_g,s:HM559033_s
ASV1488	81.898	453	72	8	1	447	285	733	9.00e-103	374	tax=d:Bacteria,p:Planctomycetes,c:Planctomycetia,o:Planctomycetales,f:Gemmataceae,g:Gemmata,s:CP011271_s
ASV1488	81.778	450	76	6	1	447	284	730	3.24e-102	372	tax=d:Bacteria,p:Planctomycetes,c:Planctomycetia,o:Planctomycetales,f:Gemmataceae,g:Gemmata,s:PAC000480_s
ASV1488	81.778	450	76	4	1	447	288	734	3.24e-102	372	tax=d:Bacteria,p:Planctomycetes,c:Planctomycetia,o:Planctomycetales,f:Gemmataceae,g:Fimbriiglobus,s:Fimbriiglobus ruber
ASV1488	81.778	450	76	6	1	447	311	757	3.24e-102	372	tax=d:Bacteria,p:Planctomycetes,c:Planctomycetia,o:Planctomycetales,f:Gemmataceae,g:PAC000038_g,s:JX406226_s
ASV1488	81.858	452	72	10	1	447	287	733	3.24e-102	372	tax=d:Bacteria,p:Planctomycetes,c:Planctomycetia,o:Planctomycetales,f:Gemmataceae,g:Gemmata,s:HQ119506_s
ASV1488	81.798	456	71	9	1	447	320	772	3.24e-102	372	tax=d:Bacteria,p:Planctomycetes,c:Planctomycetia,o:Planctomycetales,f:Gemmataceae,g:FJ479427_g,s:FJ479427_s
ASV1488	81.538	455	74	7	1	447	317	769	3.24e-102	372	tax=d:Bacteria,p:Planctomycetes,c:Planctomycetia,o:Planctomycetales,f:Gemmataceae,g:PAC000302_g,s:AY326526_s
ASV1488	81.678	453	75	7	1	447	314	764	1.16e-101	370	tax=d:Bacteria,p:Planctomycetes,c:Planctomycetia,o:Planctomycetales,f:Gemmataceae,g:PAC000305_g,s:PAC000305_s
ASV1488	81.778	450	75	6	1	447	286	731	1.16e-101	370	tax=d:Bacteria,p:Planctomycetes,c:Planctomycetia,o:Planctomycetales,f:Gemmataceae,g:Gemmata,s:JX406270_s
ASV1488	81.858	452	71	10	1	447	309	754	1.16e-101	370	tax=d:Bacteria,p:Planctomycetes,c:Planctomycetia,o:Planctomycetales,f:Gemmataceae,g:JQ825208_g,s:JQ825208_s
ASV1488	81.678	453	75	7	1	447	283	733	1.16e-101	370	tax=d:Bacteria,p:Planctomycetes,c:Planctomycetia,o:Planctomycetales,f:Gemmataceae,g:Gemmata,s:JN825563_s
ASV1488	81.758	455	71	9	1	447	286	736	1.16e-101	370	tax=d:Bacteria,p:Planctomycetes,c:Planctomycetia,o:Planctomycetales,f:Gemmataceae,g:Gemmata,s:FJ478935_s
ASV1488	81.718	454	74	6	1	447	312	763	1.16e-101	370	tax=d:Bacteria,p:Planctomycetes,c:Planctomycetia,o:Planctomycetales,f:Gemmataceae,g:PAC002611_g,s:EU135274_s
ASV1488	81.758	455	72	9	1	447	285	736	1.16e-101	370	tax=d:Bacteria,p:Planctomycetes,c:Planctomycetia,o:Planctomycetales,f:Gemmataceae,g:Gemmata,s:AF121889_s
ASV1488	81.678	453	73	8	1	447	283	731	4.18e-101	368	tax=d:Bacteria,p:Planctomycetes,c:Planctomycetia,o:Planctomycetales,f:Gemmataceae,g:Gemmata,s:PAC000641_s
ASV1488	81.758	455	69	13	1	447	297	745	4.18e-101	368	tax=d:Bacteria,p:Planctomycetes,c:Planctomycetia,o:Planctomycetales,f:Gemmataceae,g:PAC002611_g,s:EU881227_s
ASV1488	81.637	452	73	10	1	447	311	757	1.51e-100	366	tax=d:Bacteria,p:Planctomycetes,c:Planctomycetia,o:Planctomycetales,f:Gemmataceae,g:PAC000038_g,s:PAC000411_s
ASV1488	81.556	450	78	5	1	447	298	745	1.51e-100	366	tax=d:Bacteria,p:Planctomycetes,c:Planctomycetia,o:Planctomycetales,f:Isosphaeraceae,g:Aquisphaera,s:GU983333_s
ASV1488	81.718	454	70	12	1	447	307	754	1.51e-100	366	tax=d:Bacteria,p:Planctomycetes,c:Planctomycetia,o:Planctomycetales,f:Isosphaeraceae,g:Aquisphaera,s:FJ228314_s
ASV1488	81.596	451	75	8	1	447	318	764	1.51e-100	366	tax=d:Bacteria,p:Planctomycetes,c:Planctomycetia,o:Planctomycetales,f:Gemmataceae,g:PAC000038_g,s:EU644187_s
ASV1488	81.637	452	73	9	1	447	317	763	1.51e-100	366	tax=d:Bacteria,p:Planctomycetes,c:Planctomycetia,o:Planctomycetales,f:Gemmataceae,g:PAC000038_g,s:EU135101_s
ASV1488	81.556	450	77	6	1	447	310	756	1.51e-100	366	tax=d:Bacteria,p:Planctomycetes,c:Planctomycetia,o:Planctomycetales,f:Gemmataceae,g:PAC000038_g,s:EF580952_s
ASV1488	81.457	453	76	7	1	447	286	736	5.41e-100	364	tax=d:Bacteria,p:Planctomycetes,c:Planctomycetia,o:Planctomycetales,f:Gemmataceae,g:Gemmata,s:HQ121041_s
ASV1488	81.538	455	73	9	1	447	272	723	5.41e-100	364	tax=d:Bacteria,p:Planctomycetes,c:Planctomycetia,o:Planctomycetales,f:Isosphaeraceae,g:Singulisphaera,s:GQ889439_s
ASV1488	81.556	450	76	6	1	447	312	757	5.41e-100	364	tax=d:Bacteria,p:Planctomycetes,c:Planctomycetia,o:Planctomycetales,f:Gemmataceae,g:PAC000560_g,s:EF019695_s
ASV1488	81.416	452	77	7	1	447	288	737	1.95e-99	363	tax=d:Bacteria,p:Planctomycetes,c:Planctomycetia,o:Planctomycetales,f:Gemmataceae,g:Gemmata,s:HQ119024_s
ASV1488	81.375	451	76	8	1	447	313	759	7.00e-99	361	tax=d:Bacteria,p:Planctomycetes,c:Planctomycetia,o:Planctomycetales,f:Gemmataceae,g:PAC000038_g,s:PAC000038_s
ASV1488	81.333	450	79	5	1	447	305	752	7.00e-99	361	tax=d:Bacteria,p:Planctomycetes,c:Planctomycetia,o:Planctomycetales,f:Isosphaeraceae,g:Aquisphaera,s:GQ009000_s
ASV1488	81.514	449	74	8	1	447	313	754	7.00e-99	361	tax=d:Bacteria,p:Planctomycetes,c:Planctomycetia,o:Planctomycetales,f:Gemmataceae,g:Zavarzinella,s:EU589316_s
ASV1488	81.236	453	77	6	1	447	293	743	2.52e-98	359	tax=d:Bacteria,p:Planctomycetes,c:Planctomycetia,o:Planctomycetales,f:Gemmataceae,g:Gemmata,s:HQ697730_s
