ASV314	99.353	464	3	0	1	464	314	777	0.0	841	tax=d:Bacteria,p:Verrucomicrobia,c:Verrucomicrobiae,o:Verrucomicrobiales,f:Verrucomicrobiaceae,g:Prosthecobacter,s:Prosthecobacter fluviatilis
ASV314	97.629	464	11	0	1	464	314	777	0.0	797	tax=d:Bacteria,p:Verrucomicrobia,c:Verrucomicrobiae,o:Verrucomicrobiales,f:Verrucomicrobiaceae,g:Prosthecobacter,s:Prosthecobacter vanneervenii
ASV314	96.767	464	15	0	1	464	314	777	0.0	774	tax=d:Bacteria,p:Verrucomicrobia,c:Verrucomicrobiae,o:Verrucomicrobiales,f:Verrucomicrobiaceae,g:Prosthecobacter,s:AY922120_s
ASV314	95.914	465	15	4	1	464	314	775	0.0	752	tax=d:Bacteria,p:Verrucomicrobia,c:Verrucomicrobiae,o:Verrucomicrobiales,f:Verrucomicrobiaceae,g:Prosthecobacter,s:JX406260_s
ASV314	95.914	465	18	1	1	464	314	778	0.0	752	tax=d:Bacteria,p:Verrucomicrobia,c:Verrucomicrobiae,o:Verrucomicrobiales,f:Verrucomicrobiaceae,g:Prosthecobacter,s:JN868960_s
ASV314	95.259	464	22	0	1	464	315	778	0.0	736	tax=d:Bacteria,p:Verrucomicrobia,c:Verrucomicrobiae,o:Verrucomicrobiales,f:Verrucomicrobiaceae,g:Prosthecobacter,s:FJ612153_s
ASV314	95.054	465	22	1	1	464	314	778	0.0	730	tax=d:Bacteria,p:Verrucomicrobia,c:Verrucomicrobiae,o:Verrucomicrobiales,f:Verrucomicrobiaceae,g:Prosthecobacter,s:Brevifollis gellanilyticus
ASV314	94.839	465	22	2	1	464	314	777	0.0	726	tax=d:Bacteria,p:Verrucomicrobia,c:Verrucomicrobiae,o:Verrucomicrobiales,f:Verrucomicrobiaceae,g:Prosthecobacter,s:Prosthecobacter debontii
ASV314	94.624	465	24	1	1	464	314	778	0.0	719	tax=d:Bacteria,p:Verrucomicrobia,c:Verrucomicrobiae,o:Verrucomicrobiales,f:Verrucomicrobiaceae,g:Prosthecobacter,s:JX047133_s
ASV314	94.612	464	25	0	1	464	286	749	0.0	719	tax=d:Bacteria,p:Verrucomicrobia,c:Verrucomicrobiae,o:Verrucomicrobiales,f:Verrucomicrobiaceae,g:Prosthecobacter,s:Prosthecobacter algae
ASV314	94.624	465	23	2	1	464	314	777	0.0	719	tax=d:Bacteria,p:Verrucomicrobia,c:Verrucomicrobiae,o:Verrucomicrobiales,f:Verrucomicrobiaceae,g:Prosthecobacter,s:JN090821_s
ASV314	94.612	464	25	0	1	464	314	777	0.0	719	tax=d:Bacteria,p:Verrucomicrobia,c:Verrucomicrobiae,o:Verrucomicrobiales,f:Verrucomicrobiaceae,g:Prosthecobacter,s:Prosthecobacter fusiformis
ASV314	94.194	465	25	2	1	464	314	777	0.0	712	tax=d:Bacteria,p:Verrucomicrobia,c:Verrucomicrobiae,o:Verrucomicrobiales,f:Verrucomicrobiaceae,g:Prosthecobacter,s:Prosthecobacter dejongeii
ASV314	94.206	466	24	3	1	464	314	778	0.0	708	tax=d:Bacteria,p:Verrucomicrobia,c:Verrucomicrobiae,o:Verrucomicrobiales,f:Verrucomicrobiaceae,g:Prosthecobacter,s:JX406247_s
ASV314	93.548	465	29	1	1	464	314	778	0.0	691	tax=d:Bacteria,p:Verrucomicrobia,c:Verrucomicrobiae,o:Verrucomicrobiales,f:Verrucomicrobiaceae,g:Prosthecobacter,s:AY212708_s
ASV314	92.672	464	34	0	1	464	330	793	0.0	669	tax=d:Bacteria,p:Verrucomicrobia,c:Verrucomicrobiae,o:Verrucomicrobiales,f:Verrucomicrobiaceae,g:JQ624245_g,s:JQ624245_s
ASV314	92.043	465	35	2	1	464	329	792	0.0	652	tax=d:Bacteria,p:Verrucomicrobia,c:Verrucomicrobiae,o:Verrucomicrobiales,f:Verrucomicrobiaceae,g:FJ542990_g,s:HM129050_s
ASV314	91.828	465	36	2	1	464	314	777	0.0	647	tax=d:Bacteria,p:Verrucomicrobia,c:Verrucomicrobiae,o:Verrucomicrobiales,f:Verrucomicrobiaceae,g:AY344427_g,s:AY344427_s
ASV314	91.202	466	37	4	1	464	329	792	5.03e-180	630	tax=d:Bacteria,p:Verrucomicrobia,c:Verrucomicrobiae,o:Verrucomicrobiales,f:Verrucomicrobiaceae,g:FJ542990_g,s:FJ623356_s
ASV314	91.183	465	38	3	1	464	330	792	1.81e-179	628	tax=d:Bacteria,p:Verrucomicrobia,c:Verrucomicrobiae,o:Verrucomicrobiales,f:Verrucomicrobiaceae,g:FJ542990_g,s:FJ542990_s
ASV314	90.171	468	38	8	1	464	307	770	1.10e-171	603	tax=d:Bacteria,p:Verrucomicrobia,c:Verrucomicrobiae,o:Verrucomicrobiales,f:Verrucomicrobiaceae,g:Verrucomicrobium,s:BATQ_s
ASV314	90.192	469	35	8	1	464	296	758	3.94e-171	601	tax=d:Bacteria,p:Verrucomicrobia,c:Verrucomicrobiae,o:Verrucomicrobiales,f:Verrucomicrobiaceae,g:Verrucomicrobium,s:JQ311862_s
ASV314	90.000	470	35	11	1	464	259	722	5.10e-170	597	tax=d:Bacteria,p:Verrucomicrobia,c:Verrucomicrobiae,o:Verrucomicrobiales,f:Verrucomicrobiaceae,g:Verrucomicrobium,s:BATR_s
ASV314	89.957	468	39	8	1	464	307	770	5.10e-170	597	tax=d:Bacteria,p:Verrucomicrobia,c:Verrucomicrobiae,o:Verrucomicrobiales,f:Verrucomicrobiaceae,g:Verrucomicrobium,s:Verrucomicrobium spinosum
ASV314	89.530	468	40	7	1	464	307	769	3.97e-166	584	tax=d:Bacteria,p:Verrucomicrobia,c:Verrucomicrobiae,o:Verrucomicrobiales,f:Verrucomicrobiaceae,g:Verrucomicrobium,s:FJ543060_s
ASV314	89.247	465	48	2	1	464	302	765	5.14e-165	580	tax=d:Bacteria,p:Verrucomicrobia,c:Verrucomicrobiae,o:Verrucomicrobiales,f:Verrucomicrobiaceae,g:AJ401130_g,s:AJ401130_s
ASV314	89.362	470	37	12	1	464	307	769	1.85e-164	579	tax=d:Bacteria,p:Verrucomicrobia,c:Verrucomicrobiae,o:Verrucomicrobiales,f:Verrucomicrobiaceae,g:Verrucomicrobium,s:HE614818_s
ASV314	89.462	465	34	9	1	464	301	751	8.60e-163	573	tax=d:Bacteria,p:Verrucomicrobia,c:Verrucomicrobiae,o:Verrucomicrobiales,f:Verrucomicrobiaceae,g:AB179538_g,s:AB179538_s
ASV314	88.841	466	48	4	1	464	332	795	1.11e-161	569	tax=d:Bacteria,p:Verrucomicrobia,c:Spartobacteria,o:Chthoniobacterales,f:Chthoniobacteraceae,g:EF516525_g,s:EF515981_s
ASV314	88.817	465	50	2	1	464	324	787	1.11e-161	569	tax=d:Bacteria,p:Verrucomicrobia,c:Spartobacteria,o:Chthoniobacterales,f:Chthoniobacteraceae,g:EF516525_g,s:EF020184_s
ASV314	88.651	467	47	5	1	464	335	798	5.17e-160	564	tax=d:Bacteria,p:Verrucomicrobia,c:Spartobacteria,o:Chthoniobacterales,f:Chthoniobacteraceae,g:FM877557_g,s:FM877557_s
ASV314	88.651	467	47	5	1	464	324	787	5.17e-160	564	tax=d:Bacteria,p:Verrucomicrobia,c:Spartobacteria,o:Chthoniobacterales,f:Chthoniobacteraceae,g:EF516525_g,s:EF020110_s
ASV314	88.651	467	47	6	1	464	324	787	5.17e-160	564	tax=d:Bacteria,p:Verrucomicrobia,c:Spartobacteria,o:Chthoniobacterales,f:Chthoniobacteraceae,g:AY921887_g,s:AY921887_s
ASV314	88.675	468	44	8	1	464	307	769	1.86e-159	562	tax=d:Bacteria,p:Verrucomicrobia,c:Verrucomicrobiae,o:Verrucomicrobiales,f:Verrucomicrobiaceae,g:Verrucomicrobium,s:HQ218643_s
ASV314	88.437	467	48	5	1	464	332	795	2.41e-158	558	tax=d:Bacteria,p:Verrucomicrobia,c:Spartobacteria,o:Chthoniobacterales,f:Chthoniobacteraceae,g:EF516525_g,s:JF149880_s
ASV314	88.437	467	48	5	1	464	320	783	2.41e-158	558	tax=d:Bacteria,p:Verrucomicrobia,c:Spartobacteria,o:Chthoniobacterales,f:Chthoniobacteraceae,g:Chthoniobacter,s:EU135441_s
ASV314	88.437	467	48	5	1	464	323	786	2.41e-158	558	tax=d:Bacteria,p:Verrucomicrobia,c:Spartobacteria,o:Chthoniobacterales,f:Chthoniobacteraceae,g:EF516525_g,s:EF516529_s
ASV314	88.387	465	52	2	1	464	324	787	2.41e-158	558	tax=d:Bacteria,p:Verrucomicrobia,c:Spartobacteria,o:Chthoniobacterales,f:Chthoniobacteraceae,g:FJ542958_g,s:AY960774_s
ASV314	88.197	466	51	4	1	464	326	789	1.12e-156	553	tax=d:Bacteria,p:Verrucomicrobia,c:Spartobacteria,o:Chthoniobacterales,f:Chthoniobacteraceae,g:PAC001932_g,s:JX505036_s
ASV314	88.197	466	51	4	1	464	332	795	1.12e-156	553	tax=d:Bacteria,p:Verrucomicrobia,c:Spartobacteria,o:Chthoniobacterales,f:Chthoniobacteraceae,g:EF516525_g,s:HM274142_s
ASV314	87.983	466	52	4	1	464	326	789	5.21e-155	547	tax=d:Bacteria,p:Verrucomicrobia,c:Spartobacteria,o:Chthoniobacterales,f:Chthoniobacteraceae,g:PAC001932_g,s:PAC001932_s
ASV314	88.009	467	50	5	1	464	324	787	5.21e-155	547	tax=d:Bacteria,p:Verrucomicrobia,c:Spartobacteria,o:Chthoniobacterales,f:Chthoniobacteraceae,g:JQ801040_g,s:JQ801040_s
ASV314	88.009	467	51	5	1	464	321	785	5.21e-155	547	tax=d:Bacteria,p:Verrucomicrobia,c:Verrucomicrobiae,o:Verrucomicrobiales,f:FJ437931_f,g:FJ437931_g,s:JN868993_s
ASV314	87.983	466	52	4	1	464	324	787	5.21e-155	547	tax=d:Bacteria,p:Verrucomicrobia,c:Spartobacteria,o:Chthoniobacterales,f:Chthoniobacteraceae,g:Chthoniobacter,s:FJ872373_s
ASV314	87.957	465	53	3	1	464	324	786	1.87e-154	545	tax=d:Bacteria,p:Verrucomicrobia,c:Spartobacteria,o:Chthoniobacterales,f:Chthoniobacteraceae,g:EU131041_g,s:EU131041_s
ASV314	87.794	467	52	5	1	464	317	781	2.42e-153	542	tax=d:Bacteria,p:Verrucomicrobia,c:Verrucomicrobiae,o:Verrucomicrobiales,f:FJ437931_f,g:FJ437931_g,s:JQ337395_s
ASV314	87.768	466	53	4	1	464	324	787	2.42e-153	542	tax=d:Bacteria,p:Verrucomicrobia,c:Spartobacteria,o:Chthoniobacterales,f:Chthoniobacteraceae,g:AB374368_g,s:JF048456_s
ASV314	87.768	466	53	4	1	464	333	796	2.42e-153	542	tax=d:Bacteria,p:Verrucomicrobia,c:Spartobacteria,o:Chthoniobacterales,f:Chthoniobacteraceae,g:HQ863979_g,s:HQ863979_s
ASV314	87.821	468	50	6	1	464	324	788	2.42e-153	542	tax=d:Bacteria,p:Verrucomicrobia,c:Spartobacteria,o:Chthoniobacterales,f:Chthoniobacteraceae,g:AY963370_g,s:GQ264331_s
ASV314	87.768	466	54	3	1	464	330	794	2.42e-153	542	tax=d:Bacteria,p:Verrucomicrobia,c:Spartobacteria,o:Chthoniobacterales,f:Chthoniobacteraceae,g:FJ542991_g,s:FJ542991_s
ASV314	87.794	467	52	5	1	464	321	785	2.42e-153	542	tax=d:Bacteria,p:Verrucomicrobia,c:Verrucomicrobiae,o:Verrucomicrobiales,f:FJ437931_f,g:FJ437931_g,s:FJ437931_s
ASV314	87.768	466	53	4	1	464	325	788	2.42e-153	542	tax=d:Bacteria,p:Verrucomicrobia,c:Spartobacteria,o:Chthoniobacterales,f:Chthoniobacteraceae,g:PAC001932_g,s:EF516528_s
ASV314	87.846	469	47	8	1	464	324	787	2.42e-153	542	tax=d:Bacteria,p:Verrucomicrobia,c:Spartobacteria,o:Chthoniobacterales,f:Chthoniobacteraceae,g:EF516525_g,s:EF516525_s
ASV314	87.554	466	56	2	1	464	324	789	3.14e-152	538	tax=d:Bacteria,p:Verrucomicrobia,c:Spartobacteria,o:Chthoniobacterales,f:Chthoniobacteraceae,g:FJ542958_g,s:GQ029511_s
ASV314	87.633	469	48	8	1	464	326	789	1.13e-151	536	tax=d:Bacteria,p:Verrucomicrobia,c:Spartobacteria,o:Chthoniobacterales,f:Chthoniobacteraceae,g:FJ542958_g,s:JF185864_s
ASV314	87.554	466	54	4	1	464	324	787	1.13e-151	536	tax=d:Bacteria,p:Verrucomicrobia,c:Spartobacteria,o:Chthoniobacterales,f:Chthoniobacteraceae,g:PAC001932_g,s:HQ121126_s
ASV314	87.500	464	58	0	1	464	306	769	1.13e-151	536	tax=d:Bacteria,p:Verrucomicrobia,c:Verrucomicrobiae,o:Verrucomicrobiales,f:Verrucomicrobiaceae,g:Roseimicrobium,s:HM186393_s
ASV314	87.554	466	54	4	1	464	326	789	1.13e-151	536	tax=d:Bacteria,p:Verrucomicrobia,c:Spartobacteria,o:Chthoniobacterales,f:Chthoniobacteraceae,g:PAC001932_g,s:GQ500732_s
ASV314	87.554	466	54	3	1	464	324	787	1.13e-151	536	tax=d:Bacteria,p:Verrucomicrobia,c:Spartobacteria,o:Chthoniobacterales,f:Chthoniobacteraceae,g:PAC001932_g,s:GQ495404_s
ASV314	87.554	466	55	3	1	464	324	788	1.13e-151	536	tax=d:Bacteria,p:Verrucomicrobia,c:Spartobacteria,o:Chthoniobacterales,f:Chthoniobacteraceae,g:FJ542958_g,s:FJ542958_s
ASV314	87.580	467	52	5	1	464	326	789	1.13e-151	536	tax=d:Bacteria,p:Verrucomicrobia,c:Spartobacteria,o:Chthoniobacterales,f:Chthoniobacteraceae,g:PAC001932_g,s:EU881277_s
ASV314	87.554	466	54	4	1	464	326	789	1.13e-151	536	tax=d:Bacteria,p:Verrucomicrobia,c:Spartobacteria,o:Chthoniobacterales,f:Chthoniobacteraceae,g:PAC001932_g,s:EU335382_s
ASV314	87.554	466	54	3	1	464	325	788	1.13e-151	536	tax=d:Bacteria,p:Verrucomicrobia,c:Spartobacteria,o:Chthoniobacterales,f:Chthoniobacteraceae,g:PAC001932_g,s:EF516136_s
ASV314	87.580	467	51	7	1	464	324	786	4.06e-151	534	tax=d:Bacteria,p:Verrucomicrobia,c:Spartobacteria,o:Chthoniobacterales,f:Chthoniobacteraceae,g:FJ542958_g,s:EF589998_s
ASV314	87.366	467	54	5	1	464	304	768	5.25e-150	531	tax=d:Bacteria,p:Verrucomicrobia,c:Verrucomicrobiae,o:Verrucomicrobiales,f:Roseibacillus_f,g:GQ259291_g,s:JN532150_s
ASV314	87.366	467	53	5	1	464	324	787	5.25e-150	531	tax=d:Bacteria,p:Verrucomicrobia,c:Spartobacteria,o:Chthoniobacterales,f:Chthoniobacteraceae,g:PAC001932_g,s:HQ864155_s
ASV314	87.339	466	55	4	1	464	326	789	5.25e-150	531	tax=d:Bacteria,p:Verrucomicrobia,c:Spartobacteria,o:Chthoniobacterales,f:Chthoniobacteraceae,g:PAC001932_g,s:HM459634_s
ASV314	87.339	466	55	4	1	464	308	771	5.25e-150	531	tax=d:Bacteria,p:Verrucomicrobia,c:Spartobacteria,o:Chthoniobacterales,f:Chthoniobacteraceae,g:PAC001932_g,s:EU135426_s
ASV314	87.339	466	55	3	1	464	324	787	5.25e-150	531	tax=d:Bacteria,p:Verrucomicrobia,c:Spartobacteria,o:Chthoniobacterales,f:Chthoniobacteraceae,g:FJ478920_g,s:EF018510_s
ASV314	87.339	466	55	4	1	464	326	789	5.25e-150	531	tax=d:Bacteria,p:Verrucomicrobia,c:Spartobacteria,o:Chthoniobacterales,f:Chthoniobacteraceae,g:PAC001932_g,s:EF018414_s
ASV314	87.366	467	53	5	1	464	324	787	5.25e-150	531	tax=d:Bacteria,p:Verrucomicrobia,c:Spartobacteria,o:Chthoniobacterales,f:Chthoniobacteraceae,g:Chthoniobacter,s:DQ984556_s
ASV314	87.366	467	54	5	1	464	306	770	5.25e-150	531	tax=d:Bacteria,p:Verrucomicrobia,c:Verrucomicrobiae,o:Verrucomicrobiales,f:Luteolibacter_f,g:AJ441222_g,s:AJ441222_s
ASV314	87.393	468	52	6	1	464	324	788	5.25e-150	531	tax=d:Bacteria,p:Verrucomicrobia,c:Spartobacteria,o:Chthoniobacterales,f:Chthoniobacteraceae,g:PAC001932_g,s:AF013522_s
ASV314	87.339	466	55	4	1	464	307	770	5.25e-150	531	tax=d:Bacteria,p:Verrucomicrobia,c:Verrucomicrobiae,o:Verrucomicrobiales,f:Verrucomicrobiaceae,g:Roseimicrobium,s:Roseimicrobium gellanilyticum
ASV314	87.152	467	56	4	1	464	330	795	6.79e-149	527	tax=d:Bacteria,p:Verrucomicrobia,c:Verrucomicrobiae,o:Verrucomicrobiales,f:GU230460_f,g:EU925853_g,s:EU925853_s
ASV314	87.207	469	51	7	1	464	281	745	2.44e-148	525	tax=d:Bacteria,p:Verrucomicrobia,c:Verrucomicrobiae,o:Verrucomicrobiales,f:Luteolibacter_f,g:Luteolibacter,s:Luteolibacter cuticulihirudinis
ASV314	87.179	468	52	8	1	464	324	787	2.44e-148	525	tax=d:Bacteria,p:Verrucomicrobia,c:Spartobacteria,o:Chthoniobacterales,f:Chthoniobacteraceae,g:JN869224_g,s:JN869224_s
ASV314	87.124	466	56	4	1	464	326	789	2.44e-148	525	tax=d:Bacteria,p:Verrucomicrobia,c:Spartobacteria,o:Chthoniobacterales,f:Chthoniobacteraceae,g:PAC001932_g,s:JF180072_s
ASV314	87.152	467	54	5	1	464	324	787	2.44e-148	525	tax=d:Bacteria,p:Verrucomicrobia,c:Spartobacteria,o:Chthoniobacterales,f:Chthoniobacteraceae,g:PAC001932_g,s:FJ891046_s
ASV314	87.152	467	55	5	1	464	311	775	2.44e-148	525	tax=d:Bacteria,p:Verrucomicrobia,c:Verrucomicrobiae,o:Verrucomicrobiales,f:Luteolibacter_f,g:Luteolibacter,s:FJ437957_s
ASV314	87.207	469	51	7	1	464	323	787	2.44e-148	525	tax=d:Bacteria,p:Verrucomicrobia,c:Spartobacteria,o:Chthoniobacterales,f:Chthoniobacteraceae,g:EU135556_g,s:EU135556_s
ASV314	87.124	466	56	4	1	464	323	786	2.44e-148	525	tax=d:Bacteria,p:Verrucomicrobia,c:Spartobacteria,o:Chthoniobacterales,f:Chthoniobacteraceae,g:EU135477_g,s:EU135477_s
ASV314	87.152	467	54	6	1	464	322	785	2.44e-148	525	tax=d:Bacteria,p:Verrucomicrobia,c:Spartobacteria,o:Chthoniobacterales,f:Chthoniobacteraceae,g:PAC001932_g,s:EF516822_s
ASV314	87.152	467	54	4	1	464	325	788	2.44e-148	525	tax=d:Bacteria,p:Verrucomicrobia,c:Spartobacteria,o:Chthoniobacterales,f:Chthoniobacteraceae,g:PAC001932_g,s:EF516793_s
ASV314	87.152	467	54	5	1	464	326	789	2.44e-148	525	tax=d:Bacteria,p:Verrucomicrobia,c:Spartobacteria,o:Chthoniobacterales,f:Chthoniobacteraceae,g:PAC001932_g,s:EF516536_s
ASV314	87.179	468	52	6	1	464	323	786	2.44e-148	525	tax=d:Bacteria,p:Verrucomicrobia,c:Spartobacteria,o:Chthoniobacterales,f:Chthoniobacteraceae,g:PAC001932_g,s:EF516189_s
ASV314	87.152	467	54	4	1	464	325	788	2.44e-148	525	tax=d:Bacteria,p:Verrucomicrobia,c:Spartobacteria,o:Chthoniobacterales,f:Chthoniobacteraceae,g:PAC001932_g,s:EF516048_s
ASV314	87.124	466	56	4	1	464	326	789	2.44e-148	525	tax=d:Bacteria,p:Verrucomicrobia,c:Spartobacteria,o:Chthoniobacterales,f:Chthoniobacteraceae,g:PAC001932_g,s:EF494341_s
ASV314	87.179	468	52	7	1	464	324	787	2.44e-148	525	tax=d:Bacteria,p:Verrucomicrobia,c:Spartobacteria,o:Chthoniobacterales,f:Chthoniobacteraceae,g:AY963370_g,s:AY963344_s
ASV314	87.152	467	54	5	1	464	324	787	2.44e-148	525	tax=d:Bacteria,p:Verrucomicrobia,c:Spartobacteria,o:Chthoniobacterales,f:Chthoniobacteraceae,g:Chthoniobacter,s:AY960770_s
ASV314	87.124	466	56	4	1	464	324	787	2.44e-148	525	tax=d:Bacteria,p:Verrucomicrobia,c:Spartobacteria,o:Chthoniobacterales,f:Chthoniobacteraceae,g:Chthoniobacter,s:AB630654_s
ASV314	87.152	467	54	5	1	464	324	787	2.44e-148	525	tax=d:Bacteria,p:Verrucomicrobia,c:Spartobacteria,o:Chthoniobacterales,f:Chthoniobacteraceae,g:AB374368_g,s:AB374368_s
ASV314	86.882	465	59	2	1	464	334	797	1.14e-146	520	tax=d:Bacteria,p:Verrucomicrobia,c:Spartobacteria,o:Chthoniobacterales,f:Chthoniobacteraceae,g:JQ311859_g,s:JQ311859_s
ASV314	86.910	466	57	4	1	464	317	780	1.14e-146	520	tax=d:Bacteria,p:Verrucomicrobia,c:Spartobacteria,o:Chthoniobacterales,f:Chthoniobacteraceae,g:PAC001932_g,s:JF833814_s
ASV314	86.966	468	54	7	1	464	325	789	1.14e-146	520	tax=d:Bacteria,p:Verrucomicrobia,c:Spartobacteria,o:Chthoniobacterales,f:Chthoniobacteraceae,g:HQ864091_g,s:HQ864091_s
ASV314	86.938	467	56	4	1	464	324	788	1.14e-146	520	tax=d:Bacteria,p:Verrucomicrobia,c:Spartobacteria,o:Chthoniobacterales,f:Chthoniobacteraceae,g:FJ542927_g,s:HQ843739_s
ASV314	86.910	466	58	3	1	464	326	790	1.14e-146	520	tax=d:Bacteria,p:Verrucomicrobia,c:Spartobacteria,o:Chthoniobacterales,f:Chthoniobacteraceae,g:PAC001932_g,s:FJ478529_s
ASV314	86.910	466	57	4	1	464	326	789	1.14e-146	520	tax=d:Bacteria,p:Verrucomicrobia,c:Spartobacteria,o:Chthoniobacterales,f:Chthoniobacteraceae,g:PAC001932_g,s:EU881274_s
ASV314	86.966	468	53	7	1	464	326	789	1.14e-146	520	tax=d:Bacteria,p:Verrucomicrobia,c:Spartobacteria,o:Chthoniobacterales,f:Chthoniobacteraceae,g:PAC001932_g,s:EU135524_s
ASV314	86.882	465	59	2	1	464	326	789	1.14e-146	520	tax=d:Bacteria,p:Verrucomicrobia,c:Spartobacteria,o:Chthoniobacterales,f:Chthoniobacteraceae,g:PAC001932_g,s:EF516305_s
ASV314	86.910	466	57	4	1	464	325	788	1.14e-146	520	tax=d:Bacteria,p:Verrucomicrobia,c:Spartobacteria,o:Chthoniobacterales,f:Chthoniobacteraceae,g:PAC001932_g,s:EF515886_s
ASV314	86.910	466	57	3	1	464	326	789	1.14e-146	520	tax=d:Bacteria,p:Verrucomicrobia,c:Spartobacteria,o:Chthoniobacterales,f:Chthoniobacteraceae,g:PAC001932_g,s:EF018412_s
ASV314	87.049	471	45	15	1	464	306	767	4.09e-146	518	tax=d:Bacteria,p:Verrucomicrobia,c:Verrucomicrobiae,o:Verrucomicrobiales,f:Verrucomicrobiaceae,g:HQ118308_g,s:HQ118308_s
ASV314	86.966	468	52	8	1	464	326	788	4.09e-146	518	tax=d:Bacteria,p:Verrucomicrobia,c:Spartobacteria,o:Chthoniobacterales,f:Chthoniobacteraceae,g:PAC001932_g,s:FR749796_s
ASV314	86.837	471	52	9	1	464	324	791	4.09e-146	518	tax=d:Bacteria,p:Verrucomicrobia,c:Spartobacteria,o:Chthoniobacterales,f:Chthoniobacteraceae,g:Chthoniobacter,s:FM253596_s
ASV314	86.938	467	52	9	1	464	325	785	1.47e-145	516	tax=d:Bacteria,p:Verrucomicrobia,c:Spartobacteria,o:Chthoniobacterales,f:Chthoniobacteraceae,g:FJ542958_g,s:JN178790_s
ASV314	86.752	468	54	6	1	464	324	787	5.28e-145	514	tax=d:Bacteria,p:Verrucomicrobia,c:Spartobacteria,o:Chthoniobacterales,f:Chthoniobacteraceae,g:JN656777_g,s:JN656777_s
ASV314	86.667	465	60	2	1	464	305	768	5.28e-145	514	tax=d:Bacteria,p:Verrucomicrobia,c:Spartobacteria,o:Chthoniobacterales,f:Chthoniobacteraceae,g:PAC001932_g,s:JF833631_s
ASV314	86.724	467	56	6	1	464	312	775	5.28e-145	514	tax=d:Bacteria,p:Verrucomicrobia,c:Spartobacteria,o:Chthoniobacterales,f:Chthoniobacteraceae,g:PAC001932_g,s:JF833611_s
ASV314	86.724	467	56	6	1	464	313	776	5.28e-145	514	tax=d:Bacteria,p:Verrucomicrobia,c:Spartobacteria,o:Chthoniobacterales,f:Chthoniobacteraceae,g:PAC001932_g,s:JF703361_s
ASV314	86.752	468	54	8	1	464	324	787	5.28e-145	514	tax=d:Bacteria,p:Verrucomicrobia,c:Spartobacteria,o:Chthoniobacterales,f:Chthoniobacteraceae,g:GQ396996_g,s:GQ396996_s
ASV314	86.695	466	58	3	1	464	324	787	5.28e-145	514	tax=d:Bacteria,p:Verrucomicrobia,c:Spartobacteria,o:Chthoniobacterales,f:Chthoniobacteraceae,g:PAC001932_g,s:FJ592695_s
ASV314	86.724	467	56	5	1	464	326	789	5.28e-145	514	tax=d:Bacteria,p:Verrucomicrobia,c:Spartobacteria,o:Chthoniobacterales,f:Chthoniobacteraceae,g:PAC001932_g,s:FJ478795_s
ASV314	86.695	466	58	4	1	464	326	789	5.28e-145	514	tax=d:Bacteria,p:Verrucomicrobia,c:Spartobacteria,o:Chthoniobacterales,f:Chthoniobacteraceae,g:PAC001932_g,s:EU861831_s
ASV314	86.724	467	56	5	1	464	326	789	5.28e-145	514	tax=d:Bacteria,p:Verrucomicrobia,c:Spartobacteria,o:Chthoniobacterales,f:Chthoniobacteraceae,g:PAC001932_g,s:EU335328_s
ASV314	86.695	466	58	4	1	464	325	788	5.28e-145	514	tax=d:Bacteria,p:Verrucomicrobia,c:Spartobacteria,o:Chthoniobacterales,f:Chthoniobacteraceae,g:PAC001932_g,s:EU135498_s
ASV314	86.724	467	56	5	1	464	325	788	5.28e-145	514	tax=d:Bacteria,p:Verrucomicrobia,c:Spartobacteria,o:Chthoniobacterales,f:Chthoniobacteraceae,g:PAC001932_g,s:EF516820_s
ASV314	86.724	467	56	5	1	464	326	789	5.28e-145	514	tax=d:Bacteria,p:Verrucomicrobia,c:Spartobacteria,o:Chthoniobacterales,f:Chthoniobacteraceae,g:PAC001932_g,s:DQ395983_s
ASV314	86.724	467	56	6	1	464	326	789	5.28e-145	514	tax=d:Bacteria,p:Verrucomicrobia,c:Spartobacteria,o:Chthoniobacterales,f:Chthoniobacteraceae,g:PAC001932_g,s:DQ395978_s
ASV314	86.695	466	58	4	1	464	326	789	5.28e-145	514	tax=d:Bacteria,p:Verrucomicrobia,c:Spartobacteria,o:Chthoniobacterales,f:Chthoniobacteraceae,g:PAC001932_g,s:DQ136121_s
ASV314	86.724	467	56	5	1	464	316	779	5.28e-145	514	tax=d:Bacteria,p:Verrucomicrobia,c:Verrucomicrobiae,o:Verrucomicrobiales,f:DQ856525_f,g:JF319253_g,s:AY212695_s
ASV314	86.695	466	57	5	1	464	323	785	1.90e-144	512	tax=d:Bacteria,p:Verrucomicrobia,c:Spartobacteria,o:Chthoniobacterales,f:Chthoniobacteraceae,g:PAC001932_g,s:EU135481_s
ASV314	86.538	468	57	6	1	464	311	776	6.84e-144	510	tax=d:Bacteria,p:Verrucomicrobia,c:Verrucomicrobiae,o:Verrucomicrobiales,f:Luteolibacter_f,g:Luteolibacter,s:HM557688_s
ASV314	86.596	470	53	9	1	464	317	782	6.84e-144	510	tax=d:Bacteria,p:Verrucomicrobia,c:Spartobacteria,o:Chthoniobacterales,f:Chthoniobacteraceae,g:PAC001932_g,s:FJ822619_s
ASV314	86.481	466	59	4	1	464	326	789	2.46e-143	508	tax=d:Bacteria,p:Verrucomicrobia,c:Spartobacteria,o:Chthoniobacterales,f:Chthoniobacteraceae,g:PAC001932_g,s:PAC002064_s
ASV314	86.452	465	62	1	1	464	322	786	2.46e-143	508	tax=d:Bacteria,p:Verrucomicrobia,c:Verrucomicrobiae,o:Verrucomicrobiales,f:GU230460_f,g:GQ452903_g,s:JQ825123_s
ASV314	86.567	469	53	10	1	464	326	789	2.46e-143	508	tax=d:Bacteria,p:Verrucomicrobia,c:Spartobacteria,o:Chthoniobacterales,f:Chthoniobacteraceae,g:GU305796_g,s:JN541192_s
ASV314	86.481	466	59	4	1	464	326	789	2.46e-143	508	tax=d:Bacteria,p:Verrucomicrobia,c:Spartobacteria,o:Chthoniobacterales,f:Chthoniobacteraceae,g:PAC001932_g,s:JF833510_s
ASV314	86.510	467	57	5	1	464	316	779	2.46e-143	508	tax=d:Bacteria,p:Verrucomicrobia,c:Verrucomicrobiae,o:Verrucomicrobiales,f:DQ856525_f,g:JF319253_g,s:JF319253_s
ASV314	86.538	468	55	7	1	464	326	789	2.46e-143	508	tax=d:Bacteria,p:Verrucomicrobia,c:Spartobacteria,o:Chthoniobacterales,f:Chthoniobacteraceae,g:PAC001932_g,s:JF319224_s
ASV314	86.567	469	53	8	1	464	326	789	2.46e-143	508	tax=d:Bacteria,p:Verrucomicrobia,c:Spartobacteria,o:Chthoniobacterales,f:Chthoniobacteraceae,g:PAC001932_g,s:JF319203_s
ASV314	86.510	467	58	5	1	464	308	772	2.46e-143	508	tax=d:Bacteria,p:Verrucomicrobia,c:Spartobacteria,o:Chthoniobacterales,f:Chthoniobacteraceae,g:FJ542958_g,s:JF135434_s
ASV314	86.538	468	56	7	1	464	324	788	2.46e-143	508	tax=d:Bacteria,p:Verrucomicrobia,c:Spartobacteria,o:Chthoniobacterales,f:Chthoniobacteraceae,g:FJ542958_g,s:JF086667_s
ASV314	86.538	468	55	7	1	464	324	787	2.46e-143	508	tax=d:Bacteria,p:Verrucomicrobia,c:Spartobacteria,o:Chthoniobacterales,f:Chthoniobacteraceae,g:FJ542958_g,s:HQ118513_s
ASV314	86.510	467	57	6	1	464	326	789	2.46e-143	508	tax=d:Bacteria,p:Verrucomicrobia,c:Spartobacteria,o:Chthoniobacterales,f:Chthoniobacteraceae,g:GU305796_g,s:GU305796_s
ASV314	86.452	465	61	2	1	464	315	778	2.46e-143	508	tax=d:Bacteria,p:Verrucomicrobia,c:Verrucomicrobiae,o:Verrucomicrobiales,f:DQ856525_f,g:GQ396806_g,s:GQ396806_s
ASV314	86.481	466	59	3	1	464	324	787	2.46e-143	508	tax=d:Bacteria,p:Verrucomicrobia,c:Spartobacteria,o:Chthoniobacterales,f:Chthoniobacteraceae,g:PAC001932_g,s:FJ592652_s
ASV314	86.567	469	53	8	1	464	326	789	2.46e-143	508	tax=d:Bacteria,p:Verrucomicrobia,c:Spartobacteria,o:Chthoniobacterales,f:Chthoniobacteraceae,g:PAC001932_g,s:EU335356_s
ASV314	86.481	466	59	4	1	464	326	789	2.46e-143	508	tax=d:Bacteria,p:Verrucomicrobia,c:Spartobacteria,o:Chthoniobacterales,f:Chthoniobacteraceae,g:PAC001932_g,s:EU335341_s
ASV314	86.452	465	61	2	1	464	326	789	2.46e-143	508	tax=d:Bacteria,p:Verrucomicrobia,c:Spartobacteria,o:Chthoniobacterales,f:Chthoniobacteraceae,g:PAC001932_g,s:EU223940_s
ASV314	86.510	467	57	5	1	464	326	789	2.46e-143	508	tax=d:Bacteria,p:Verrucomicrobia,c:Spartobacteria,o:Chthoniobacterales,f:Chthoniobacteraceae,g:PAC001932_g,s:EF632909_s
ASV314	86.481	466	59	4	1	464	326	789	2.46e-143	508	tax=d:Bacteria,p:Verrucomicrobia,c:Spartobacteria,o:Chthoniobacterales,f:Chthoniobacteraceae,g:PAC001932_g,s:EF494367_s
ASV314	86.481	466	59	4	1	464	326	789	2.46e-143	508	tax=d:Bacteria,p:Verrucomicrobia,c:Spartobacteria,o:Chthoniobacterales,f:Chthoniobacteraceae,g:PAC001932_g,s:EF019688_s
ASV314	86.567	469	53	7	1	464	326	789	2.46e-143	508	tax=d:Bacteria,p:Verrucomicrobia,c:Spartobacteria,o:Chthoniobacterales,f:Chthoniobacteraceae,g:PAC001932_g,s:EF018808_s
ASV314	86.481	466	59	3	1	464	324	787	2.46e-143	508	tax=d:Bacteria,p:Verrucomicrobia,c:Spartobacteria,o:Chthoniobacterales,f:Chthoniobacteraceae,g:PAC001932_g,s:EF018768_s
ASV314	86.510	467	57	4	1	464	326	789	2.46e-143	508	tax=d:Bacteria,p:Verrucomicrobia,c:Spartobacteria,o:Chthoniobacterales,f:Chthoniobacteraceae,g:PAC001932_g,s:EF018739_s
ASV314	86.481	466	59	4	1	464	326	789	2.46e-143	508	tax=d:Bacteria,p:Verrucomicrobia,c:Spartobacteria,o:Chthoniobacterales,f:Chthoniobacteraceae,g:PAC001932_g,s:EF018557_s
ASV314	86.567	469	53	7	1	464	326	789	2.46e-143	508	tax=d:Bacteria,p:Verrucomicrobia,c:Spartobacteria,o:Chthoniobacterales,f:Chthoniobacteraceae,g:PAC001932_g,s:DQ404700_s
ASV314	86.510	467	57	5	1	464	324	787	2.46e-143	508	tax=d:Bacteria,p:Verrucomicrobia,c:Spartobacteria,o:Chthoniobacterales,f:Chthoniobacteraceae,g:Chthoniobacter,s:Chthoniobacter flavus
ASV314	86.510	467	58	5	1	464	309	773	2.46e-143	508	tax=d:Bacteria,p:Verrucomicrobia,c:Verrucomicrobiae,o:Verrucomicrobiales,f:Rubritaleaceae,g:Rubritalea,s:Rubritalea halochordaticola
ASV314	86.538	468	56	7	1	464	311	775	2.46e-143	508	tax=d:Bacteria,p:Verrucomicrobia,c:Verrucomicrobiae,o:Verrucomicrobiales,f:Luteolibacter_f,g:Luteolibacter,s:Luteolibacter algae
ASV314	86.510	467	58	5	1	464	279	743	2.46e-143	508	tax=d:Bacteria,p:Verrucomicrobia,c:Verrucomicrobiae,o:Verrucomicrobiales,f:Rubritaleaceae,g:Rubritalea,s:Rubritalea squalenifaciens
ASV314	86.510	467	55	7	1	464	324	785	8.84e-143	507	tax=d:Bacteria,p:Verrucomicrobia,c:Spartobacteria,o:Chthoniobacterales,f:Chthoniobacteraceae,g:AY963370_g,s:AY963370_s
ASV314	86.266	466	60	4	1	464	326	789	1.14e-141	503	tax=d:Bacteria,p:Verrucomicrobia,c:Spartobacteria,o:Chthoniobacterales,f:Chthoniobacteraceae,g:PAC001932_g,s:JQ861389_s
ASV314	86.266	466	60	4	1	464	323	786	1.14e-141	503	tax=d:Bacteria,p:Verrucomicrobia,c:Spartobacteria,o:Chthoniobacterales,f:Chthoniobacteraceae,g:FJ542958_g,s:JF211185_s
ASV314	86.296	467	59	3	1	464	324	788	1.14e-141	503	tax=d:Bacteria,p:Verrucomicrobia,c:Spartobacteria,o:Chthoniobacterales,f:Chthoniobacteraceae,g:FJ542958_g,s:JF176295_s
ASV314	86.325	468	57	7	1	464	309	773	1.14e-141	503	tax=d:Bacteria,p:Verrucomicrobia,c:Verrucomicrobiae,o:Verrucomicrobiales,f:Luteolibacter_f,g:Luteolibacter,s:HQ120660_s
ASV314	86.266	466	61	3	1	464	324	788	1.14e-141	503	tax=d:Bacteria,p:Verrucomicrobia,c:Spartobacteria,o:Chthoniobacterales,f:Chthoniobacteraceae,g:FJ542927_g,s:GU731303_s
ASV314	86.266	466	60	4	1	464	326	789	1.14e-141	503	tax=d:Bacteria,p:Verrucomicrobia,c:Spartobacteria,o:Chthoniobacterales,f:Chthoniobacteraceae,g:PAC001932_g,s:GU444056_s
ASV314	86.266	466	60	4	1	464	324	787	1.14e-141	503	tax=d:Bacteria,p:Verrucomicrobia,c:Spartobacteria,o:Chthoniobacterales,f:Chthoniobacteraceae,g:FJ478920_g,s:FJ478920_s
ASV314	86.296	467	59	5	1	464	307	771	1.14e-141	503	tax=d:Bacteria,p:Verrucomicrobia,c:Verrucomicrobiae,o:Verrucomicrobiales,f:Luteolibacter_f,g:AJ441222_g,s:FJ437954_s
ASV314	86.296	467	58	5	1	464	326	789	1.14e-141	503	tax=d:Bacteria,p:Verrucomicrobia,c:Spartobacteria,o:Chthoniobacterales,f:Chthoniobacteraceae,g:PAC001932_g,s:EU861830_s
ASV314	86.383	470	52	8	1	464	326	789	1.14e-141	503	tax=d:Bacteria,p:Verrucomicrobia,c:Spartobacteria,o:Chthoniobacterales,f:Chthoniobacteraceae,g:PAC001932_g,s:EU680447_s
ASV314	86.296	467	58	5	1	464	315	778	1.14e-141	503	tax=d:Bacteria,p:Verrucomicrobia,c:Verrucomicrobiae,o:Verrucomicrobiales,f:DQ856525_f,g:JF319253_g,s:EU135552_s
ASV314	86.296	467	58	5	1	464	324	787	1.14e-141	503	tax=d:Bacteria,p:Verrucomicrobia,c:Spartobacteria,o:Chthoniobacterales,f:Chthoniobacteraceae,g:PAC001932_g,s:EF516782_s
ASV314	86.296	467	58	5	1	464	326	789	1.14e-141	503	tax=d:Bacteria,p:Verrucomicrobia,c:Spartobacteria,o:Chthoniobacterales,f:Chthoniobacteraceae,g:PAC001932_g,s:EF516267_s
ASV314	86.296	467	58	5	1	464	325	788	1.14e-141	503	tax=d:Bacteria,p:Verrucomicrobia,c:Spartobacteria,o:Chthoniobacterales,f:Chthoniobacteraceae,g:PAC001932_g,s:EF516236_s
ASV314	86.354	469	54	8	1	464	325	788	1.14e-141	503	tax=d:Bacteria,p:Verrucomicrobia,c:Spartobacteria,o:Chthoniobacterales,f:Chthoniobacteraceae,g:PAC001932_g,s:EF515936_s
ASV314	86.296	467	58	5	1	464	326	789	1.14e-141	503	tax=d:Bacteria,p:Verrucomicrobia,c:Spartobacteria,o:Chthoniobacterales,f:Chthoniobacteraceae,g:PAC001932_g,s:EF492922_s
ASV314	86.266	466	60	4	1	464	326	789	1.14e-141	503	tax=d:Bacteria,p:Verrucomicrobia,c:Spartobacteria,o:Chthoniobacterales,f:Chthoniobacteraceae,g:PAC001932_g,s:EF019126_s
ASV314	86.296	467	58	5	1	464	326	789	1.14e-141	503	tax=d:Bacteria,p:Verrucomicrobia,c:Spartobacteria,o:Chthoniobacterales,f:Chthoniobacteraceae,g:PAC001932_g,s:EF018259_s
ASV314	86.266	466	60	4	1	464	324	787	1.14e-141	503	tax=d:Bacteria,p:Verrucomicrobia,c:Spartobacteria,o:Chthoniobacterales,f:Chthoniobacteraceae,g:DQ984548_g,s:DQ984548_s
ASV314	86.296	467	58	6	1	464	324	787	1.14e-141	503	tax=d:Bacteria,p:Verrucomicrobia,c:Spartobacteria,o:Chthoniobacterales,f:Chthoniobacteraceae,g:DQ450786_g,s:DQ450786_s
ASV314	86.325	468	56	6	1	464	326	789	1.14e-141	503	tax=d:Bacteria,p:Verrucomicrobia,c:Spartobacteria,o:Chthoniobacterales,f:Chthoniobacteraceae,g:PAC001932_g,s:DQ450784_s
ASV314	86.296	467	59	5	1	464	277	741	1.14e-141	503	tax=d:Bacteria,p:Verrucomicrobia,c:Verrucomicrobiae,o:Verrucomicrobiales,f:Luteolibacter_f,g:Luteolibacter,s:AY752115_s
ASV314	86.237	465	62	2	1	464	326	789	1.14e-141	503	tax=d:Bacteria,p:Verrucomicrobia,c:Spartobacteria,o:Chthoniobacterales,f:Chthoniobacteraceae,g:PAC001932_g,s:AB672117_s
ASV314	86.296	467	57	6	1	464	324	786	4.11e-141	501	tax=d:Bacteria,p:Verrucomicrobia,c:Spartobacteria,o:Chthoniobacterales,f:Chthoniobacteraceae,g:HQ397089_g,s:HQ397089_s
ASV314	86.296	467	57	6	1	464	324	786	4.11e-141	501	tax=d:Bacteria,p:Verrucomicrobia,c:Spartobacteria,o:Chthoniobacterales,f:Chthoniobacteraceae,g:HQ397089_g,s:HM845947_s
ASV314	86.296	467	57	7	1	464	324	786	4.11e-141	501	tax=d:Bacteria,p:Verrucomicrobia,c:Spartobacteria,o:Chthoniobacterales,f:Chthoniobacteraceae,g:HQ397089_g,s:FJ872375_s
ASV314	86.052	466	61	4	1	464	324	787	5.32e-140	497	tax=d:Bacteria,p:Verrucomicrobia,c:Spartobacteria,o:Chthoniobacterales,f:Chthoniobacteraceae,g:PAC001932_g,s:JF319200_s
ASV314	86.081	467	59	5	1	464	316	779	5.32e-140	497	tax=d:Bacteria,p:Verrucomicrobia,c:Verrucomicrobiae,o:Verrucomicrobiales,f:DQ856525_f,g:JF319253_g,s:JF174802_s
ASV314	86.111	468	58	5	1	464	324	788	5.32e-140	497	tax=d:Bacteria,p:Verrucomicrobia,c:Spartobacteria,o:Chthoniobacterales,f:Chthoniobacteraceae,g:FJ542958_g,s:JF004929_s
ASV314	86.081	467	59	5	1	464	314	777	5.32e-140	497	tax=d:Bacteria,p:Verrucomicrobia,c:Verrucomicrobiae,o:Verrucomicrobiales,f:DQ856525_f,g:JF319253_g,s:HM069100_s
ASV314	86.022	465	63	2	1	464	323	786	5.32e-140	497	tax=d:Bacteria,p:Verrucomicrobia,c:Spartobacteria,o:Chthoniobacterales,f:Chthoniobacteraceae,g:GQ402642_g,s:GQ402642_s
ASV314	86.111	468	58	6	1	464	326	790	5.32e-140	497	tax=d:Bacteria,p:Verrucomicrobia,c:Spartobacteria,o:Chthoniobacterales,f:Chthoniobacteraceae,g:PAC001932_g,s:FJ478835_s
ASV314	86.052	466	61	4	1	464	326	789	5.32e-140	497	tax=d:Bacteria,p:Verrucomicrobia,c:Spartobacteria,o:Chthoniobacterales,f:Chthoniobacteraceae,g:PAC001932_g,s:EU135548_s
ASV314	86.081	467	59	4	1	464	323	786	5.32e-140	497	tax=d:Bacteria,p:Verrucomicrobia,c:Spartobacteria,o:Chthoniobacterales,f:Chthoniobacteraceae,g:PAC001932_g,s:EF516329_s
ASV314	86.052	466	62	3	1	464	324	788	5.32e-140	497	tax=d:Bacteria,p:Verrucomicrobia,c:Spartobacteria,o:Chthoniobacterales,f:Chthoniobacteraceae,g:FJ542958_g,s:EF018472_s
ASV314	86.141	469	56	6	1	464	309	773	5.32e-140	497	tax=d:Bacteria,p:Verrucomicrobia,c:Verrucomicrobiae,o:Verrucomicrobiales,f:Rubritaleaceae,g:Rubritalea,s:Rubritalea sabuli
ASV314	86.081	467	58	7	1	464	326	788	1.91e-139	496	tax=d:Bacteria,p:Verrucomicrobia,c:Spartobacteria,o:Chthoniobacterales,f:Chthoniobacteraceae,g:PAC001932_g,s:EU335424_s
ASV314	85.957	470	56	10	1	464	295	760	6.88e-139	494	tax=d:Bacteria,p:Verrucomicrobia,c:Verrucomicrobiae,o:Verrucomicrobiales,f:GU230460_f,g:EU236414_g,s:EU236414_s
ASV314	85.867	467	60	6	1	464	326	789	2.48e-138	492	tax=d:Bacteria,p:Verrucomicrobia,c:Spartobacteria,o:Chthoniobacterales,f:Chthoniobacteraceae,g:PAC001932_g,s:PAC001987_s
ASV314	85.897	468	59	6	1	464	320	784	2.48e-138	492	tax=d:Bacteria,p:Verrucomicrobia,c:Verrucomicrobiae,o:Verrucomicrobiales,f:GU230460_f,g:GQ452903_g,s:JN977343_s
ASV314	85.806	465	64	2	1	464	309	772	2.48e-138	492	tax=d:Bacteria,p:Verrucomicrobia,c:Spartobacteria,o:Chthoniobacterales,f:Chthoniobacteraceae,g:PAC001932_g,s:JN615803_s
ASV314	85.806	465	65	1	1	464	326	790	2.48e-138	492	tax=d:Bacteria,p:Verrucomicrobia,c:Verrucomicrobiae,o:Verrucomicrobiales,f:FJ437931_f,g:FJ437931_g,s:JF776878_s
ASV314	85.867	467	60	5	1	464	316	779	2.48e-138	492	tax=d:Bacteria,p:Verrucomicrobia,c:Verrucomicrobiae,o:Verrucomicrobiales,f:DQ856525_f,g:JF319253_g,s:JF178881_s
ASV314	85.928	469	57	7	1	464	311	775	2.48e-138	492	tax=d:Bacteria,p:Verrucomicrobia,c:Verrucomicrobiae,o:Verrucomicrobiales,f:Luteolibacter_f,g:Luteolibacter,s:HQ324871_s
ASV314	85.897	468	59	6	1	464	324	788	2.48e-138	492	tax=d:Bacteria,p:Verrucomicrobia,c:Spartobacteria,o:Chthoniobacterales,f:Chthoniobacteraceae,g:PAC001932_g,s:GQ397087_s
ASV314	85.897	468	59	7	1	464	331	795	2.48e-138	492	tax=d:Bacteria,p:Verrucomicrobia,c:Verrucomicrobiae,o:Pedosphaera_o,f:Pedosphaera_f,g:FM242390_g,s:FM242390_s
ASV314	85.987	471	52	10	1	464	315	778	2.48e-138	492	tax=d:Bacteria,p:Verrucomicrobia,c:Spartobacteria,o:Chthoniobacterales,f:Chthoniobacteraceae,g:HQ397089_g,s:FJ822625_s
ASV314	85.867	467	60	5	1	464	309	772	2.48e-138	492	tax=d:Bacteria,p:Verrucomicrobia,c:Spartobacteria,o:Chthoniobacterales,f:Chthoniobacteraceae,g:PAC002252_g,s:EU335421_s
ASV314	85.837	466	62	4	1	464	325	788	2.48e-138	492	tax=d:Bacteria,p:Verrucomicrobia,c:Spartobacteria,o:Chthoniobacterales,f:Chthoniobacteraceae,g:PAC001932_g,s:EF516643_s
ASV314	85.867	467	60	5	1	464	332	795	2.48e-138	492	tax=d:Bacteria,p:Verrucomicrobia,c:Spartobacteria,o:Chthoniobacterales,f:Chthoniobacteraceae,g:DQ228393_g,s:DQ228393_s
ASV314	85.837	466	62	4	1	464	326	789	2.48e-138	492	tax=d:Bacteria,p:Verrucomicrobia,c:Spartobacteria,o:Chthoniobacterales,f:Chthoniobacteraceae,g:PAC001932_g,s:AY395326_s
ASV314	85.897	468	56	9	1	464	330	791	8.91e-138	490	tax=d:Bacteria,p:Verrucomicrobia,c:Verrucomicrobiae,o:Pedosphaera_o,f:Pedosphaera_f,g:KB911993_g,s:JQ269258_s
ASV314	85.867	467	59	6	1	464	315	777	8.91e-138	490	tax=d:Bacteria,p:Verrucomicrobia,c:Spartobacteria,o:Chthoniobacterales,f:Chthoniobacteraceae,g:PAC002252_g,s:HM069101_s
ASV314	85.837	466	61	5	1	464	300	762	8.91e-138	490	tax=d:Bacteria,p:Verrucomicrobia,c:Spartobacteria,o:Chthoniobacterales,f:Chthoniobacteraceae,g:PAC001932_g,s:EU669622_s
ASV314	85.837	466	60	6	1	464	323	784	8.91e-138	490	tax=d:Bacteria,p:Verrucomicrobia,c:Spartobacteria,o:Chthoniobacterales,f:Chthoniobacteraceae,g:HQ397089_g,s:EU135485_s
ASV314	85.684	468	60	7	1	464	307	771	1.15e-136	486	tax=d:Bacteria,p:Verrucomicrobia,c:Verrucomicrobiae,o:Verrucomicrobiales,f:Luteolibacter_f,g:Luteolibacter,s:Luteolibacter flavescens
ASV314	85.653	467	61	5	1	464	326	789	1.15e-136	486	tax=d:Bacteria,p:Verrucomicrobia,c:Spartobacteria,o:Chthoniobacterales,f:Chthoniobacteraceae,g:PAC001932_g,s:JF429057_s
ASV314	85.714	469	58	7	1	464	311	775	1.15e-136	486	tax=d:Bacteria,p:Verrucomicrobia,c:Verrucomicrobiae,o:Verrucomicrobiales,f:Luteolibacter_f,g:Luteolibacter,s:JF428943_s
ASV314	85.622	466	63	4	1	464	324	787	1.15e-136	486	tax=d:Bacteria,p:Verrucomicrobia,c:Spartobacteria,o:Chthoniobacterales,f:Chthoniobacteraceae,g:EF516525_g,s:HQ661205_s
ASV314	85.684	468	60	7	1	464	300	764	1.15e-136	486	tax=d:Bacteria,p:Verrucomicrobia,c:Verrucomicrobiae,o:Verrucomicrobiales,f:Luteolibacter_f,g:Luteolibacter,s:GU983367_s
ASV314	85.653	467	61	6	1	464	324	787	1.15e-136	486	tax=d:Bacteria,p:Verrucomicrobia,c:Spartobacteria,o:Chthoniobacterales,f:Chthoniobacteraceae,g:JN869224_g,s:GQ340198_s
ASV314	85.684	468	60	7	1	464	319	783	1.15e-136	486	tax=d:Bacteria,p:Verrucomicrobia,c:Verrucomicrobiae,o:Verrucomicrobiales,f:Luteolibacter_f,g:Luteolibacter,s:FJ437760_s
ASV314	85.622	466	63	4	1	464	326	789	1.15e-136	486	tax=d:Bacteria,p:Verrucomicrobia,c:Spartobacteria,o:Chthoniobacterales,f:Chthoniobacteraceae,g:PAC001932_g,s:EU861845_s
ASV314	85.684	468	59	8	1	464	326	789	1.15e-136	486	tax=d:Bacteria,p:Verrucomicrobia,c:Spartobacteria,o:Chthoniobacterales,f:Chthoniobacteraceae,g:PAC001932_g,s:EU335340_s
ASV314	85.714	469	57	7	1	464	326	789	1.15e-136	486	tax=d:Bacteria,p:Verrucomicrobia,c:Spartobacteria,o:Chthoniobacterales,f:Chthoniobacteraceae,g:PAC001932_g,s:EU335254_s
ASV314	85.745	470	55	10	1	464	321	784	1.15e-136	486	tax=d:Bacteria,p:Verrucomicrobia,c:Spartobacteria,o:Chthoniobacterales,f:Chthoniobacteraceae,g:PAC001932_g,s:EF516326_s
ASV314	85.684	468	60	7	1	464	291	755	1.15e-136	486	tax=d:Bacteria,p:Verrucomicrobia,c:Verrucomicrobiae,o:Verrucomicrobiales,f:Luteolibacter_f,g:Luteolibacter,s:EF471653_s
ASV314	85.684	468	59	7	1	464	309	772	1.15e-136	486	tax=d:Bacteria,p:Verrucomicrobia,c:Spartobacteria,o:Chthoniobacterales,f:Chthoniobacteraceae,g:PAC002252_g,s:EF019121_s
ASV314	85.653	467	62	5	1	464	317	781	1.15e-136	486	tax=d:Bacteria,p:Verrucomicrobia,c:Verrucomicrobiae,o:Verrucomicrobiales,f:DQ450787_f,g:DQ450787_g,s:DQ450787_s
ASV314	85.653	467	61	6	1	464	309	772	1.15e-136	486	tax=d:Bacteria,p:Verrucomicrobia,c:Spartobacteria,o:Chthoniobacterales,f:Chthoniobacteraceae,g:PAC002252_g,s:AY963437_s
ASV314	85.622	466	64	3	1	464	320	784	1.15e-136	486	tax=d:Bacteria,p:Verrucomicrobia,c:Verrucomicrobiae,o:Verrucomicrobiales,f:GU230460_f,g:GQ452903_g,s:AY942771_s
ASV314	85.591	465	66	1	1	464	278	742	1.15e-136	486	tax=d:Bacteria,p:Verrucomicrobia,c:Verrucomicrobiae,o:Verrucomicrobiales,f:DQ450787_f,g:AJ401104_g,s:AJ401104_s
ASV314	85.653	467	62	5	1	464	311	775	1.15e-136	486	tax=d:Bacteria,p:Verrucomicrobia,c:Verrucomicrobiae,o:Verrucomicrobiales,f:Luteolibacter_f,g:Haloferula,s:Haloferula sargassicola
ASV314	85.622	466	61	6	1	464	324	785	4.14e-136	484	tax=d:Bacteria,p:Verrucomicrobia,c:Spartobacteria,o:Chthoniobacterales,f:Chthoniobacteraceae,g:GQ397058_g,s:GQ397058_s
ASV314	85.684	468	58	9	1	464	324	786	4.14e-136	484	tax=d:Bacteria,p:Verrucomicrobia,c:Spartobacteria,o:Chthoniobacterales,f:Chthoniobacteraceae,g:HQ397089_g,s:GQ093874_s
ASV314	85.622	466	62	5	1	464	324	786	4.14e-136	484	tax=d:Bacteria,p:Verrucomicrobia,c:Spartobacteria,o:Chthoniobacterales,f:Chthoniobacteraceae,g:FM253675_g,s:AB630909_s
ASV314	85.439	467	64	3	1	464	330	795	1.49e-135	483	tax=d:Bacteria,p:Verrucomicrobia,c:Verrucomicrobiae,o:Verrucomicrobiales,f:GU230460_f,g:JF343981_g,s:JF343981_s
ASV314	85.532	470	58	7	1	464	326	791	1.49e-135	483	tax=d:Bacteria,p:Verrucomicrobia,c:Verrucomicrobiae,o:Verrucomicrobiales,f:GU230460_f,g:GQ452903_g,s:FJ205365_s
ASV314	85.470	468	61	7	1	464	284	748	5.36e-135	481	tax=d:Bacteria,p:Verrucomicrobia,c:Verrucomicrobiae,o:Verrucomicrobiales,f:Luteolibacter_f,g:Luteolibacter,s:Luteolibacter arcticus
ASV314	85.470	468	61	7	1	464	283	747	5.36e-135	481	tax=d:Bacteria,p:Verrucomicrobia,c:Verrucomicrobiae,o:Verrucomicrobiales,f:Luteolibacter_f,g:Luteolibacter,s:Luteolibacter luojiensis
ASV314	85.470	468	61	7	1	464	309	773	5.36e-135	481	tax=d:Bacteria,p:Verrucomicrobia,c:Verrucomicrobiae,o:Verrucomicrobiales,f:Luteolibacter_f,g:Luteolibacter,s:HM129003_s
ASV314	85.470	468	61	7	1	464	314	778	5.36e-135	481	tax=d:Bacteria,p:Verrucomicrobia,c:Verrucomicrobiae,o:Verrucomicrobiales,f:Luteolibacter_f,g:Luteolibacter,s:FR749730_s
ASV314	85.439	467	62	6	1	464	317	780	5.36e-135	481	tax=d:Bacteria,p:Verrucomicrobia,c:Spartobacteria,o:Chthoniobacterales,f:Chthoniobacteraceae,g:PAC001932_g,s:FJ822650_s
ASV314	85.470	468	61	7	1	464	311	775	5.36e-135	481	tax=d:Bacteria,p:Verrucomicrobia,c:Verrucomicrobiae,o:Verrucomicrobiales,f:Luteolibacter_f,g:Luteolibacter,s:FJ543039_s
ASV314	85.532	470	57	8	1	464	311	775	5.36e-135	481	tax=d:Bacteria,p:Verrucomicrobia,c:Verrucomicrobiae,o:Verrucomicrobiales,f:Luteolibacter_f,g:Luteolibacter,s:FJ437970_s
ASV314	85.501	469	59	7	1	464	311	775	5.36e-135	481	tax=d:Bacteria,p:Verrucomicrobia,c:Verrucomicrobiae,o:Verrucomicrobiales,f:Luteolibacter_f,g:Luteolibacter,s:FJ264561_s
ASV314	85.470	468	60	7	1	464	326	789	5.36e-135	481	tax=d:Bacteria,p:Verrucomicrobia,c:Spartobacteria,o:Chthoniobacterales,f:Chthoniobacteraceae,g:PAC001932_g,s:EF494366_s
ASV314	85.439	467	63	5	1	464	324	788	5.36e-135	481	tax=d:Bacteria,p:Verrucomicrobia,c:Spartobacteria,o:Chthoniobacterales,f:Chthoniobacteraceae,g:FJ542958_g,s:AY960769_s
ASV314	85.439	467	62	5	1	464	331	794	5.36e-135	481	tax=d:Bacteria,p:Verrucomicrobia,c:Verrucomicrobiae,o:Pedosphaera_o,f:Pedosphaera_f,g:Limisphaera,s:AB364857_s
ASV314	85.439	467	61	7	1	464	324	786	1.93e-134	479	tax=d:Bacteria,p:Verrucomicrobia,c:Spartobacteria,o:Chthoniobacterales,f:Chthoniobacteraceae,g:HQ397089_g,s:JQ861403_s
ASV314	85.470	468	59	8	1	464	324	786	1.93e-134	479	tax=d:Bacteria,p:Verrucomicrobia,c:Spartobacteria,o:Chthoniobacterales,f:Chthoniobacteraceae,g:HQ397089_g,s:FJ542820_s
ASV314	85.225	467	63	6	1	464	331	794	2.49e-133	475	tax=d:Bacteria,p:Verrucomicrobia,c:Verrucomicrobiae,o:Pedosphaera_o,f:Pedosphaera_f,g:JQ800931_g,s:JQ800931_s
ASV314	85.591	465	53	9	1	464	318	769	2.49e-133	475	tax=d:Bacteria,p:Verrucomicrobia,c:Spartobacteria,o:Chthoniobacterales,f:Chthoniobacteraceae,g:JN541156_g,s:JN541156_s
ASV314	85.225	467	63	6	1	464	318	781	2.49e-133	475	tax=d:Bacteria,p:Verrucomicrobia,c:Verrucomicrobiae,o:Pedosphaera_o,f:Pedosphaera_f,g:Limisphaera,s:JF833774_s
ASV314	85.256	468	62	6	1	464	328	792	2.49e-133	475	tax=d:Bacteria,p:Verrucomicrobia,c:Verrucomicrobiae,o:Verrucomicrobiales,f:DQ856525_f,g:DQ856525_g,s:JF044977_s
ASV314	85.622	466	51	5	1	464	312	763	2.49e-133	475	tax=d:Bacteria,p:Verrucomicrobia,c:Verrucomicrobiae,o:Verrucomicrobiales,f:FJ437931_f,g:FJ437931_g,s:GU454934_s
ASV314	85.288	469	60	7	1	464	363	827	2.49e-133	475	tax=d:Bacteria,p:Verrucomicrobia,c:Verrucomicrobiae,o:Verrucomicrobiales,f:Luteolibacter_f,g:Luteolibacter,s:GU305823_s
ASV314	85.256	468	62	7	1	464	311	775	2.49e-133	475	tax=d:Bacteria,p:Verrucomicrobia,c:Verrucomicrobiae,o:Verrucomicrobiales,f:Luteolibacter_f,g:Luteolibacter,s:GQ340079_s
ASV314	85.225	467	64	5	1	464	310	774	2.49e-133	475	tax=d:Bacteria,p:Verrucomicrobia,c:Verrucomicrobiae,o:Verrucomicrobiales,f:Roseibacillus_f,g:CAGM_g,s:GQ167324_s
ASV314	85.256	468	62	7	1	464	319	783	2.49e-133	475	tax=d:Bacteria,p:Verrucomicrobia,c:Verrucomicrobiae,o:Verrucomicrobiales,f:Luteolibacter_f,g:Luteolibacter,s:FJ438012_s
ASV314	85.225	467	64	5	1	464	322	786	2.49e-133	475	tax=d:Bacteria,p:Verrucomicrobia,c:Spartobacteria,o:Chthoniobacterales,f:Chthoniobacteraceae,g:EF516071_g,s:EF516071_s
ASV314	85.225	467	63	6	1	464	330	793	2.49e-133	475	tax=d:Bacteria,p:Verrucomicrobia,c:Verrucomicrobiae,o:Pedosphaera_o,f:Pedosphaera_f,g:GU208329_g,s:AM176893_s
ASV314	85.288	469	60	6	1	464	309	773	2.49e-133	475	tax=d:Bacteria,p:Verrucomicrobia,c:Verrucomicrobiae,o:Verrucomicrobiales,f:Rubritaleaceae,g:Rubritalea,s:AB543682_s
ASV314	85.256	468	62	7	1	464	307	771	2.49e-133	475	tax=d:Bacteria,p:Verrucomicrobia,c:Verrucomicrobiae,o:Verrucomicrobiales,f:Luteolibacter_f,g:Luteolibacter,s:AB240273_s
ASV314	85.591	465	52	7	1	464	311	761	8.97e-133	473	tax=d:Bacteria,p:Verrucomicrobia,c:Spartobacteria,o:Chthoniobacterales,f:Chthoniobacteraceae,g:HQ863979_g,s:JN499740_s
ASV314	85.193	466	64	5	1	464	324	786	8.97e-133	473	tax=d:Bacteria,p:Verrucomicrobia,c:Spartobacteria,o:Chthoniobacterales,f:Chthoniobacteraceae,g:HQ397089_g,s:HQ119950_s
ASV314	85.225	467	62	7	1	464	317	779	8.97e-133	473	tax=d:Bacteria,p:Verrucomicrobia,c:Verrucomicrobiae,o:Pedosphaera_o,f:Pedosphaera_f,g:AY509518_g,s:AY509518_s
ASV314	85.193	466	63	5	1	464	325	786	8.97e-133	473	tax=d:Bacteria,p:Verrucomicrobia,c:Spartobacteria,o:Chthoniobacterales,f:Chthoniobacteraceae,g:PAC001932_g,s:AY218772_s
ASV314	85.043	468	64	5	1	464	305	770	3.23e-132	472	tax=d:Bacteria,p:Verrucomicrobia,c:Verrucomicrobiae,o:Verrucomicrobiales,f:FJ825801_f,g:FJ825801_g,s:JN515230_s
ASV314	85.837	466	41	10	1	464	318	760	3.23e-132	472	tax=d:Bacteria,p:Verrucomicrobia,c:Spartobacteria,o:Chthoniobacterales,f:Chthoniobacteraceae,g:HM129219_g,s:FJ612421_s
ASV314	85.043	468	63	7	1	464	311	775	3.23e-132	472	tax=d:Bacteria,p:Verrucomicrobia,c:Verrucomicrobiae,o:Verrucomicrobiales,f:Luteolibacter_f,g:Luteolibacter,s:FJ543014_s
ASV314	85.043	468	63	7	1	464	298	762	3.23e-132	472	tax=d:Bacteria,p:Verrucomicrobia,c:Verrucomicrobiae,o:Verrucomicrobiales,f:Luteolibacter_f,g:Haloferula,s:Haloferula harenae
ASV314	85.043	468	63	7	1	464	270	734	1.16e-131	470	tax=d:Bacteria,p:Verrucomicrobia,c:Verrucomicrobiae,o:Verrucomicrobiales,f:Luteolibacter_f,g:Luteolibacter,s:Luteolibacter gellanilyticus
ASV314	85.075	469	61	7	1	464	309	773	1.16e-131	470	tax=d:Bacteria,p:Verrucomicrobia,c:Verrucomicrobiae,o:Verrucomicrobiales,f:Luteolibacter_f,g:Luteolibacter,s:JX575899_s
ASV314	85.043	468	63	7	1	464	282	746	1.16e-131	470	tax=d:Bacteria,p:Verrucomicrobia,c:Verrucomicrobiae,o:Verrucomicrobiales,f:Luteolibacter_f,g:Luteolibacter,s:Luteolibacter yonseiensis
ASV314	85.043	468	63	7	1	464	310	774	1.16e-131	470	tax=d:Bacteria,p:Verrucomicrobia,c:Verrucomicrobiae,o:Verrucomicrobiales,f:Luteolibacter_f,g:Luteolibacter,s:JN392907_s
ASV314	84.874	476	57	15	1	464	326	798	1.16e-131	470	tax=d:Bacteria,p:Verrucomicrobia,c:Spartobacteria,o:Chthoniobacterales,f:Chthoniobacteraceae,g:FJ542958_g,s:JN178380_s
ASV314	85.011	467	65	5	1	464	309	773	1.16e-131	470	tax=d:Bacteria,p:Verrucomicrobia,c:Verrucomicrobiae,o:Verrucomicrobiales,f:Luteolibacter_f,g:Luteolibacter,s:JF272205_s
ASV314	85.043	468	63	7	1	464	321	785	1.16e-131	470	tax=d:Bacteria,p:Verrucomicrobia,c:Verrucomicrobiae,o:Verrucomicrobiales,f:DQ856525_f,g:DQ856525_g,s:JF228196_s
ASV314	84.979	466	66	4	1	464	321	784	1.16e-131	470	tax=d:Bacteria,p:Verrucomicrobia,c:Verrucomicrobiae,o:Verrucomicrobiales,f:DQ856525_f,g:DQ856525_g,s:JF188026_s
ASV314	85.011	467	65	5	1	464	309	773	1.16e-131	470	tax=d:Bacteria,p:Verrucomicrobia,c:Verrucomicrobiae,o:Verrucomicrobiales,f:Rubritaleaceae,g:Rubritalea,s:GU070684_s
ASV314	85.043	468	63	7	1	464	313	777	1.16e-131	470	tax=d:Bacteria,p:Verrucomicrobia,c:Verrucomicrobiae,o:Verrucomicrobiales,f:Luteolibacter_f,g:Luteolibacter,s:GQ259314_s
ASV314	84.979	466	66	4	1	464	324	787	1.16e-131	470	tax=d:Bacteria,p:Verrucomicrobia,c:Spartobacteria,o:Chthoniobacterales,f:Chthoniobacteraceae,g:PAC001932_g,s:EU861862_s
ASV314	85.043	468	62	8	1	464	330	793	1.16e-131	470	tax=d:Bacteria,p:Verrucomicrobia,c:Verrucomicrobiae,o:Pedosphaera_o,f:Pedosphaera_f,g:GU127739_g,s:EU135464_s
ASV314	85.043	468	62	8	1	464	318	781	1.16e-131	470	tax=d:Bacteria,p:Verrucomicrobia,c:Verrucomicrobiae,o:Pedosphaera_o,f:Pedosphaera_f,g:GU127739_g,s:DQ676318_s
ASV314	85.075	469	61	9	1	464	310	774	1.16e-131	470	tax=d:Bacteria,p:Verrucomicrobia,c:Verrucomicrobiae,o:Verrucomicrobiales,f:Roseibacillus_f,g:GQ259291_g,s:DQ300578_s
ASV314	85.043	468	62	8	1	464	331	794	1.16e-131	470	tax=d:Bacteria,p:Verrucomicrobia,c:Verrucomicrobiae,o:Pedosphaera_o,f:Pedosphaera_f,g:PAC000381_g,s:AB672148_s
ASV314	85.011	467	65	5	1	464	309	773	1.16e-131	470	tax=d:Bacteria,p:Verrucomicrobia,c:Verrucomicrobiae,o:Verrucomicrobiales,f:Luteolibacter_f,g:Haloferula,s:Haloferula rosea
ASV314	85.011	467	64	6	1	464	331	794	1.16e-131	470	tax=d:Bacteria,p:Verrucomicrobia,c:Verrucomicrobiae,o:Pedosphaera_o,f:Pedosphaera_f,g:Limisphaera,s:AB364859_s
ASV314	85.011	467	65	5	1	464	311	775	1.16e-131	470	tax=d:Bacteria,p:Verrucomicrobia,c:Verrucomicrobiae,o:Verrucomicrobiales,f:Luteolibacter_f,g:Luteolibacter,s:Luteolibacter pohnpeiensis
ASV314	85.011	467	63	7	1	464	301	763	4.17e-131	468	tax=d:Bacteria,p:Verrucomicrobia,c:Spartobacteria,o:Chthoniobacterales,f:Chthoniobacteraceae,g:Chthoniobacter,s:LSTA_s
ASV314	85.011	467	63	7	1	464	308	770	4.17e-131	468	tax=d:Bacteria,p:Verrucomicrobia,c:Verrucomicrobiae,o:Verrucomicrobiales,f:Roseibacillus_f,g:CAGM_g,s:GQ274302_s
ASV314	84.861	469	64	6	1	464	308	774	1.50e-130	466	tax=d:Bacteria,p:Verrucomicrobia,c:Verrucomicrobiae,o:Verrucomicrobiales,f:GU230460_f,g:GQ452903_g,s:JN874095_s
ASV314	84.861	469	63	6	1	464	294	759	1.50e-130	466	tax=d:Bacteria,p:Verrucomicrobia,c:Verrucomicrobiae,o:Verrucomicrobiales,f:FJ825801_f,g:FJ825801_g,s:JN480700_s
ASV314	84.861	469	63	7	1	464	325	790	1.50e-130	466	tax=d:Bacteria,p:Verrucomicrobia,c:Spartobacteria,o:Chthoniobacterales,f:Chthoniobacteraceae,g:GU305796_g,s:HM127835_s
ASV314	84.797	467	65	6	1	464	331	794	1.50e-130	466	tax=d:Bacteria,p:Verrucomicrobia,c:Verrucomicrobiae,o:Pedosphaera_o,f:Pedosphaera_f,g:Pedosphaera,s:FJ625341_s
ASV314	84.829	468	63	7	1	464	317	780	5.40e-130	464	tax=d:Bacteria,p:Verrucomicrobia,c:Spartobacteria,o:Chthoniobacterales,f:Chthoniobacteraceae,g:PAC002252_g,s:PAC002501_s
ASV314	84.829	468	63	7	1	464	331	794	5.40e-130	464	tax=d:Bacteria,p:Verrucomicrobia,c:Verrucomicrobiae,o:Pedosphaera_o,f:Pedosphaera_f,g:PAC000381_g,s:JQ861283_s
ASV314	84.829	468	64	7	1	464	309	773	5.40e-130	464	tax=d:Bacteria,p:Verrucomicrobia,c:Verrucomicrobiae,o:Verrucomicrobiales,f:Luteolibacter_f,g:Luteolibacter,s:JN881626_s
ASV314	84.764	466	68	3	1	464	278	742	5.40e-130	464	tax=d:Bacteria,p:Verrucomicrobia,c:Verrucomicrobiae,o:Verrucomicrobiales,f:Roseibacillus_f,g:CAGM_g,s:JN441728_s
ASV314	84.797	467	66	5	1	464	307	771	5.40e-130	464	tax=d:Bacteria,p:Verrucomicrobia,c:Verrucomicrobiae,o:Verrucomicrobiales,f:Roseibacillus_f,g:GQ259291_g,s:JN437731_s
ASV314	84.797	467	66	5	1	464	309	773	5.40e-130	464	tax=d:Bacteria,p:Verrucomicrobia,c:Verrucomicrobiae,o:Verrucomicrobiales,f:Roseibacillus_f,g:CAGM_g,s:JN427230_s
ASV314	84.861	469	62	9	1	464	326	790	5.40e-130	464	tax=d:Bacteria,p:Verrucomicrobia,c:Spartobacteria,o:Chthoniobacterales,f:Chthoniobacteraceae,g:PAC001932_g,s:JN178022_s
ASV314	84.829	468	63	8	1	464	321	784	5.40e-130	464	tax=d:Bacteria,p:Verrucomicrobia,c:Verrucomicrobiae,o:Verrucomicrobiales,f:DQ856525_f,g:DQ856525_g,s:JF177295_s
ASV314	84.861	469	62	7	1	464	317	781	5.40e-130	464	tax=d:Bacteria,p:Verrucomicrobia,c:Verrucomicrobiae,o:Verrucomicrobiales,f:Luteolibacter_f,g:Luteolibacter,s:HM468052_s
ASV314	84.829	468	64	7	1	464	310	774	5.40e-130	464	tax=d:Bacteria,p:Verrucomicrobia,c:Verrucomicrobiae,o:Verrucomicrobiales,f:Luteolibacter_f,g:Luteolibacter,s:GQ406199_s
ASV314	84.797	467	66	5	1	464	308	772	5.40e-130	464	tax=d:Bacteria,p:Verrucomicrobia,c:Verrucomicrobiae,o:Verrucomicrobiales,f:Roseibacillus_f,g:GQ259291_g,s:GQ259291_s
ASV314	84.829	468	64	7	1	464	311	775	5.40e-130	464	tax=d:Bacteria,p:Verrucomicrobia,c:Verrucomicrobiae,o:Verrucomicrobiales,f:Luteolibacter_f,g:Luteolibacter,s:FJ437948_s
ASV314	84.829	468	63	8	1	464	331	794	5.40e-130	464	tax=d:Bacteria,p:Verrucomicrobia,c:Verrucomicrobiae,o:Pedosphaera_o,f:Pedosphaera_f,g:KB911993_g,s:FJ155060_s
ASV314	84.829	468	63	7	1	464	330	793	5.40e-130	464	tax=d:Bacteria,p:Verrucomicrobia,c:Verrucomicrobiae,o:Pedosphaera_o,f:Pedosphaera_f,g:EU135452_g,s:EU135452_s
ASV314	84.829	468	63	8	1	464	330	793	5.40e-130	464	tax=d:Bacteria,p:Verrucomicrobia,c:Verrucomicrobiae,o:Pedosphaera_o,f:Pedosphaera_f,g:EU135433_g,s:EU135433_s
ASV314	84.764	466	68	3	1	464	324	788	5.40e-130	464	tax=d:Bacteria,p:Verrucomicrobia,c:Spartobacteria,o:Chthoniobacterales,f:Chthoniobacteraceae,g:EF032770_g,s:EF032770_s
ASV314	84.797	467	65	6	1	464	316	779	5.40e-130	464	tax=d:Bacteria,p:Verrucomicrobia,c:Verrucomicrobiae,o:Pedosphaera_o,f:EF018725_f,g:EF018725_g,s:EF018725_s
ASV314	85.225	467	51	10	1	464	318	769	5.40e-130	464	tax=d:Bacteria,p:Verrucomicrobia,c:Spartobacteria,o:Chthoniobacterales,f:Chthoniobacteraceae,g:DQ811931_g,s:DQ811931_s
ASV314	84.829	468	64	7	1	464	311	775	5.40e-130	464	tax=d:Bacteria,p:Verrucomicrobia,c:Verrucomicrobiae,o:Verrucomicrobiales,f:Luteolibacter_f,g:Luteolibacter,s:DQ396215_s
ASV314	84.764	466	68	3	1	464	307	771	5.40e-130	464	tax=d:Bacteria,p:Verrucomicrobia,c:Verrucomicrobiae,o:Verrucomicrobiales,f:Luteolibacter_f,g:Luteolibacter,s:AY770729_s
ASV314	84.894	470	59	11	1	464	331	794	5.40e-130	464	tax=d:Bacteria,p:Verrucomicrobia,c:Verrucomicrobiae,o:Pedosphaera_o,f:Pedosphaera_f,g:Limisphaera,s:AY555792_s
ASV314	84.829	468	63	8	1	464	325	788	5.40e-130	464	tax=d:Bacteria,p:Verrucomicrobia,c:Verrucomicrobiae,o:Verrucomicrobiales,f:Luteolibacter_f,g:Luteolibacter,s:AY218705_s
ASV314	85.408	466	43	10	1	464	318	760	6.98e-129	460	tax=d:Bacteria,p:Verrucomicrobia,c:Spartobacteria,o:Chthoniobacterales,f:Chthoniobacteraceae,g:HM129219_g,s:HM187011_s
ASV314	85.408	466	43	10	1	464	318	760	6.98e-129	460	tax=d:Bacteria,p:Verrucomicrobia,c:Spartobacteria,o:Chthoniobacterales,f:Chthoniobacteraceae,g:HM129219_g,s:FJ437803_s
ASV314	84.582	467	66	6	1	464	331	794	2.51e-128	459	tax=d:Bacteria,p:Verrucomicrobia,c:Verrucomicrobiae,o:Pedosphaera_o,f:Pedosphaera_f,g:PAC000381_g,s:PAC000574_s
ASV314	84.681	470	61	10	1	464	320	784	2.51e-128	459	tax=d:Bacteria,p:Verrucomicrobia,c:Verrucomicrobiae,o:Verrucomicrobiales,f:GU230460_f,g:GQ452903_g,s:KC009955_s
ASV314	84.648	469	63	9	1	464	331	795	2.51e-128	459	tax=d:Bacteria,p:Verrucomicrobia,c:Verrucomicrobiae,o:Pedosphaera_o,f:Pedosphaera_f,g:JQ800863_g,s:JX240789_s
ASV314	84.615	468	65	7	1	464	308	772	2.51e-128	459	tax=d:Bacteria,p:Verrucomicrobia,c:Verrucomicrobiae,o:Verrucomicrobiales,f:Luteolibacter_f,g:Haloferula,s:JN523262_s
ASV314	84.615	468	64	7	1	464	331	794	2.51e-128	459	tax=d:Bacteria,p:Verrucomicrobia,c:Verrucomicrobiae,o:Pedosphaera_o,f:Pedosphaera_f,g:HQ727658_g,s:HQ727658_s
ASV314	84.615	468	65	7	1	464	319	783	2.51e-128	459	tax=d:Bacteria,p:Verrucomicrobia,c:Verrucomicrobiae,o:Verrucomicrobiales,f:Rubritaleaceae,g:Rubritalea,s:HQ225113_s
ASV314	84.681	470	60	11	1	464	329	792	2.51e-128	459	tax=d:Bacteria,p:Verrucomicrobia,c:Verrucomicrobiae,o:Pedosphaera_o,f:Pedosphaera_f,g:FJ800525_g,s:FJ800525_s
ASV314	84.615	468	64	8	1	464	331	794	2.51e-128	459	tax=d:Bacteria,p:Verrucomicrobia,c:Verrucomicrobiae,o:Pedosphaera_o,f:Pedosphaera_f,g:Limisphaera,s:EU135514_s
ASV314	84.681	470	61	10	1	464	331	795	2.51e-128	459	tax=d:Bacteria,p:Verrucomicrobia,c:Verrucomicrobiae,o:Verrucomicrobiales,f:GU230460_f,g:GU061933_g,s:EU050941_s
ASV314	84.582	467	67	5	1	464	309	773	2.51e-128	459	tax=d:Bacteria,p:Verrucomicrobia,c:Verrucomicrobiae,o:Verrucomicrobiales,f:Roseibacillus_f,g:GQ259291_g,s:DQ395559_s
ASV314	84.582	467	67	5	1	464	307	771	2.51e-128	459	tax=d:Bacteria,p:Verrucomicrobia,c:Verrucomicrobiae,o:Verrucomicrobiales,f:Luteolibacter_f,g:Luteolibacter,s:BATP_s
ASV314	84.615	468	65	7	1	464	311	775	2.51e-128	459	tax=d:Bacteria,p:Verrucomicrobia,c:Verrucomicrobiae,o:Verrucomicrobiales,f:Luteolibacter_f,g:Luteolibacter,s:AY444984_s
ASV314	84.681	470	61	8	1	464	311	775	2.51e-128	459	tax=d:Bacteria,p:Verrucomicrobia,c:Verrucomicrobiae,o:Verrucomicrobiales,f:Luteolibacter_f,g:Luteolibacter,s:AY212657_s
ASV314	84.615	468	65	7	1	464	311	775	2.51e-128	459	tax=d:Bacteria,p:Verrucomicrobia,c:Verrucomicrobiae,o:Verrucomicrobiales,f:Luteolibacter_f,g:Luteolibacter,s:AB247484_s
ASV314	84.549	466	67	5	1	464	333	795	9.03e-128	457	tax=d:Bacteria,p:Verrucomicrobia,c:Verrucomicrobiae,o:Pedosphaera_o,f:Pedosphaera_f,g:HQ645150_g,s:HQ645150_s
ASV314	84.615	468	63	8	1	464	324	786	9.03e-128	457	tax=d:Bacteria,p:Verrucomicrobia,c:Spartobacteria,o:Chthoniobacterales,f:Chthoniobacteraceae,g:HQ397089_g,s:FJ444723_s
ASV314	84.501	471	62	10	1	464	305	771	3.25e-127	455	tax=d:Bacteria,p:Verrucomicrobia,c:Verrucomicrobiae,o:Verrucomicrobiales,f:Rubritaleaceae,g:Rubritalea,s:GU070688_s
ASV314	84.402	468	67	5	1	464	310	775	3.25e-127	455	tax=d:Bacteria,p:Verrucomicrobia,c:Verrucomicrobiae,o:Verrucomicrobiales,f:Roseibacillus_f,g:CAGM_g,s:GQ850568_s
ASV314	85.225	467	42	12	1	464	318	760	3.25e-127	455	tax=d:Bacteria,p:Verrucomicrobia,c:Spartobacteria,o:Chthoniobacterales,f:Chthoniobacteraceae,g:Terrimicrobium,s:EU131037_s
ASV314	85.161	465	46	8	1	464	318	760	3.25e-127	455	tax=d:Bacteria,p:Verrucomicrobia,c:Spartobacteria,o:Chthoniobacterales,f:Chthoniobacteraceae,g:Terrimicrobium,s:AB245342_s
ASV314	84.368	467	67	5	1	464	331	794	1.17e-126	453	tax=d:Bacteria,p:Verrucomicrobia,c:Verrucomicrobiae,o:Pedosphaera_o,f:Pedosphaera_f,g:KF026314_g,s:KF026314_s
ASV314	84.435	469	64	8	1	464	333	797	1.17e-126	453	tax=d:Bacteria,p:Verrucomicrobia,c:Verrucomicrobiae,o:Pedosphaera_o,f:Pedosphaera_f,g:JQ800977_g,s:JQ800977_s
ASV314	84.468	470	61	10	1	464	331	794	1.17e-126	453	tax=d:Bacteria,p:Verrucomicrobia,c:Verrucomicrobiae,o:Pedosphaera_o,f:Pedosphaera_f,g:JN656847_g,s:JN656847_s
ASV314	84.519	478	52	21	1	464	324	793	1.17e-126	453	tax=d:Bacteria,p:Verrucomicrobia,c:Spartobacteria,o:Chthoniobacterales,f:Chthoniobacteraceae,g:PAC001932_g,s:JN178550_s
ASV314	84.402	468	65	8	1	464	322	785	1.17e-126	453	tax=d:Bacteria,p:Verrucomicrobia,c:Verrucomicrobiae,o:Pedosphaera_o,f:Pedosphaera_f,g:GU127739_g,s:JF833589_s
ASV314	84.368	467	67	6	1	464	333	796	1.17e-126	453	tax=d:Bacteria,p:Verrucomicrobia,c:Verrucomicrobiae,o:Pedosphaera_o,f:Pedosphaera_f,g:GU127739_g,s:JF028026_s
ASV314	84.435	469	63	9	1	464	331	794	1.17e-126	453	tax=d:Bacteria,p:Verrucomicrobia,c:Verrucomicrobiae,o:Pedosphaera_o,f:Pedosphaera_f,g:JN177836_g,s:HQ118858_s
ASV314	84.368	467	68	5	1	464	309	773	1.17e-126	453	tax=d:Bacteria,p:Verrucomicrobia,c:Verrucomicrobiae,o:Verrucomicrobiales,f:Luteolibacter_f,g:HQ116739_g,s:HQ116739_s
ASV314	84.368	467	67	5	1	464	331	794	1.17e-126	453	tax=d:Bacteria,p:Verrucomicrobia,c:Verrucomicrobiae,o:Pedosphaera_o,f:Pedosphaera_f,g:Limisphaera,s:HQ114142_s
ASV314	84.549	466	62	7	1	464	326	783	1.17e-126	453	tax=d:Bacteria,p:Verrucomicrobia,c:Spartobacteria,o:Chthoniobacterales,f:Chthoniobacteraceae,g:HM440285_g,s:HM440285_s
ASV314	84.368	467	68	5	1	464	309	773	1.17e-126	453	tax=d:Bacteria,p:Verrucomicrobia,c:Verrucomicrobiae,o:Verrucomicrobiales,f:Roseibacillus_f,g:GQ259291_g,s:GU145489_s
ASV314	84.368	467	67	6	1	464	331	794	1.17e-126	453	tax=d:Bacteria,p:Verrucomicrobia,c:Verrucomicrobiae,o:Pedosphaera_o,f:Pedosphaera_f,g:Limisphaera,s:GQ339142_s
ASV314	84.468	470	61	8	1	464	331	794	1.17e-126	453	tax=d:Bacteria,p:Verrucomicrobia,c:Verrucomicrobiae,o:Pedosphaera_o,f:Pedosphaera_f,g:Limisphaera,s:FN870309_s
ASV314	84.435	469	63	10	1	464	329	792	1.17e-126	453	tax=d:Bacteria,p:Verrucomicrobia,c:Verrucomicrobiae,o:Pedosphaera_o,f:Pedosphaera_f,g:FJ800525_g,s:FJ800541_s
ASV314	84.402	468	66	7	1	464	311	775	1.17e-126	453	tax=d:Bacteria,p:Verrucomicrobia,c:Verrucomicrobiae,o:Verrucomicrobiales,f:Luteolibacter_f,g:Luteolibacter,s:FJ437748_s
ASV314	84.402	468	66	7	1	464	312	776	1.17e-126	453	tax=d:Bacteria,p:Verrucomicrobia,c:Verrucomicrobiae,o:Verrucomicrobiales,f:Luteolibacter_f,g:Luteolibacter,s:EU700148_s
ASV314	84.402	468	65	7	1	464	331	794	1.17e-126	453	tax=d:Bacteria,p:Verrucomicrobia,c:Verrucomicrobiae,o:Pedosphaera_o,f:Pedosphaera_f,g:EF516658_g,s:EU135550_s
ASV314	84.402	468	65	8	1	464	330	793	1.17e-126	453	tax=d:Bacteria,p:Verrucomicrobia,c:Verrucomicrobiae,o:Pedosphaera_o,f:Pedosphaera_f,g:Limisphaera,s:EU135532_s
ASV314	84.335	466	69	4	1	464	330	793	1.17e-126	453	tax=d:Bacteria,p:Verrucomicrobia,c:Verrucomicrobiae,o:Pedosphaera_o,f:Pedosphaera_f,g:Limisphaera,s:EU135436_s
ASV314	84.368	467	67	6	1	464	331	794	1.17e-126	453	tax=d:Bacteria,p:Verrucomicrobia,c:Verrucomicrobiae,o:Pedosphaera_o,f:Pedosphaera_f,g:GU127739_g,s:AB672150_s
ASV314	84.468	470	62	11	1	464	309	773	1.17e-126	453	tax=d:Bacteria,p:Verrucomicrobia,c:Verrucomicrobiae,o:Verrucomicrobiales,f:Luteolibacter_f,g:Haloferula,s:Haloferula phyci
ASV314	84.549	466	59	8	1	464	311	765	1.51e-125	449	tax=d:Bacteria,p:Verrucomicrobia,c:Spartobacteria,o:Chthoniobacterales,f:Chthoniobacteraceae,g:PAC002252_g,s:PAC002563_s
ASV314	85.011	467	43	12	1	464	318	760	1.51e-125	449	tax=d:Bacteria,p:Verrucomicrobia,c:Spartobacteria,o:Chthoniobacterales,f:Chthoniobacteraceae,g:Terrimicrobium,s:JF181292_s
ASV314	84.979	466	45	10	1	464	317	759	1.51e-125	449	tax=d:Bacteria,p:Verrucomicrobia,c:Spartobacteria,o:Chthoniobacterales,f:Chthoniobacteraceae,g:HM129219_g,s:HM129219_s
ASV314	84.188	468	69	5	1	464	308	774	1.51e-125	449	tax=d:Bacteria,p:Verrucomicrobia,c:Verrucomicrobiae,o:Verrucomicrobiales,f:Rubritaleaceae,g:GQ262724_g,s:GQ348811_s
ASV314	84.255	470	64	8	1	464	330	795	1.51e-125	449	tax=d:Bacteria,p:Verrucomicrobia,c:Verrucomicrobiae,o:Verrucomicrobiales,f:GU230460_f,g:GU061933_g,s:FJ626901_s
ASV314	85.011	467	43	13	1	464	318	760	1.51e-125	449	tax=d:Bacteria,p:Verrucomicrobia,c:Spartobacteria,o:Chthoniobacterales,f:Chthoniobacteraceae,g:Terrimicrobium,s:AJ863245_s
ASV314	84.188	468	66	7	1	464	331	794	5.44e-125	448	tax=d:Bacteria,p:Verrucomicrobia,c:Verrucomicrobiae,o:Pedosphaera_o,f:Pedosphaera_f,g:GU127739_g,s:JF833885_s
ASV314	84.188	468	66	7	1	464	331	794	5.44e-125	448	tax=d:Bacteria,p:Verrucomicrobia,c:Verrucomicrobiae,o:Pedosphaera_o,f:Pedosphaera_f,g:EF516658_g,s:JF175155_s
ASV314	84.188	468	67	7	1	464	308	772	5.44e-125	448	tax=d:Bacteria,p:Verrucomicrobia,c:Verrucomicrobiae,o:Verrucomicrobiales,f:Luteolibacter_f,g:Luteolibacter,s:GU444099_s
ASV314	84.154	467	69	5	1	464	309	773	5.44e-125	448	tax=d:Bacteria,p:Verrucomicrobia,c:Verrucomicrobiae,o:Verrucomicrobiales,f:Roseibacillus_f,g:GQ259291_g,s:GQ472809_s
ASV314	84.188	468	67	7	1	464	282	746	5.44e-125	448	tax=d:Bacteria,p:Verrucomicrobia,c:Verrucomicrobiae,o:Verrucomicrobiales,f:Luteolibacter_f,g:Haloferula,s:Haloferula luteola
ASV314	84.188	468	66	7	1	464	331	794	5.44e-125	448	tax=d:Bacteria,p:Verrucomicrobia,c:Verrucomicrobiae,o:Pedosphaera_o,f:Pedosphaera_f,g:Limisphaera,s:EU135499_s
ASV314	84.188	468	66	8	1	464	330	793	5.44e-125	448	tax=d:Bacteria,p:Verrucomicrobia,c:Verrucomicrobiae,o:Pedosphaera_o,f:Pedosphaera_f,g:Limisphaera,s:EU135471_s
ASV314	84.255	470	62	10	1	464	328	791	5.44e-125	448	tax=d:Bacteria,p:Verrucomicrobia,c:Verrucomicrobiae,o:Pedosphaera_o,f:EU135466_f,g:EU135466_g,s:EU135466_s
ASV314	84.255	470	63	9	1	464	307	771	5.44e-125	448	tax=d:Bacteria,p:Verrucomicrobia,c:Verrucomicrobiae,o:Verrucomicrobiales,f:Luteolibacter_f,g:Luteolibacter,s:DQ814962_s
ASV314	84.154	467	68	5	1	464	331	794	5.44e-125	448	tax=d:Bacteria,p:Verrucomicrobia,c:Verrucomicrobiae,o:Pedosphaera_o,f:Pedosphaera_f,g:Limisphaera,s:AM490657_s
ASV314	84.154	467	68	5	1	464	314	777	5.44e-125	448	tax=d:Bacteria,p:Verrucomicrobia,c:Verrucomicrobiae,o:Verrucomicrobiales,f:DQ856525_f,g:JF319253_g,s:AF418948_s
ASV314	84.188	468	67	7	1	464	309	773	5.44e-125	448	tax=d:Bacteria,p:Verrucomicrobia,c:Verrucomicrobiae,o:Verrucomicrobiales,f:Rubritaleaceae,g:Persicirhabdus,s:Persicirhabdus sediminis
ASV314	84.516	465	57	9	1	464	303	753	1.96e-124	446	tax=d:Bacteria,p:Verrucomicrobia,c:Spartobacteria,o:Chthoniobacterales,f:Chthoniobacteraceae,g:JN449754_g,s:JN449754_s
ASV314	84.483	464	58	13	1	461	303	755	1.96e-124	446	tax=d:Bacteria,p:Verrucomicrobia,c:Spartobacteria,o:Chthoniobacterales,f:Chthoniobacteraceae,g:FJ542958_g,s:JN178705_s
ASV314	84.188	468	64	9	1	464	310	771	1.96e-124	446	tax=d:Bacteria,p:Verrucomicrobia,c:Verrucomicrobiae,o:Pedosphaera_o,f:Pedosphaera_f,g:GU061235_g,s:GU061235_s
ASV314	84.516	465	56	7	1	464	303	752	1.96e-124	446	tax=d:Bacteria,p:Verrucomicrobia,c:Spartobacteria,o:Chthoniobacterales,f:Chthoniobacteraceae,g:FJ538130_g,s:FJ538130_s
ASV314	84.764	466	46	10	1	464	318	760	7.03e-124	444	tax=d:Bacteria,p:Verrucomicrobia,c:Spartobacteria,o:Chthoniobacterales,f:Chthoniobacteraceae,g:Terrimicrobium,s:FJ479185_s
ASV314	84.076	471	63	9	1	464	332	797	7.03e-124	444	tax=d:Bacteria,p:Verrucomicrobia,c:Verrucomicrobiae,o:Verrucomicrobiales,f:GU230460_f,g:GQ452903_g,s:DQ499289_s
ASV314	83.974	468	70	5	1	464	298	764	7.03e-124	444	tax=d:Bacteria,p:Verrucomicrobia,c:Verrucomicrobiae,o:Verrucomicrobiales,f:Roseibacillus_f,g:CAGM_g,s:DQ302107_s
ASV314	83.906	466	71	4	1	464	331	794	2.53e-123	442	tax=d:Bacteria,p:Verrucomicrobia,c:Verrucomicrobiae,o:Pedosphaera_o,f:Pedosphaera_f,g:JQ800825_g,s:JQ800825_s
ASV314	83.974	468	67	7	1	464	331	794	2.53e-123	442	tax=d:Bacteria,p:Verrucomicrobia,c:Verrucomicrobiae,o:Pedosphaera_o,f:Pedosphaera_f,g:GU127739_g,s:JF833845_s
ASV314	83.974	468	67	8	1	464	314	777	2.53e-123	442	tax=d:Bacteria,p:Verrucomicrobia,c:Verrucomicrobiae,o:Pedosphaera_o,f:Pedosphaera_f,g:JN177836_g,s:JF776904_s
ASV314	84.009	469	65	9	1	464	331	794	2.53e-123	442	tax=d:Bacteria,p:Verrucomicrobia,c:Verrucomicrobiae,o:Pedosphaera_o,f:Pedosphaera_f,g:HQ697818_g,s:HQ697818_s
ASV314	84.009	469	66	7	1	464	330	794	2.53e-123	442	tax=d:Bacteria,p:Verrucomicrobia,c:Spartobacteria,o:Chthoniobacterales,f:Chthoniobacteraceae,g:HM468056_g,s:HM468056_s
ASV314	83.940	467	69	6	1	464	322	785	2.53e-123	442	tax=d:Bacteria,p:Verrucomicrobia,c:Verrucomicrobiae,o:Pedosphaera_o,f:Pedosphaera_f,g:JF319250_g,s:GU208214_s
ASV314	83.940	467	70	5	1	464	307	771	2.53e-123	442	tax=d:Bacteria,p:Verrucomicrobia,c:Verrucomicrobiae,o:Verrucomicrobiales,f:Rubritaleaceae,g:Rubritalea,s:GU145389_s
ASV314	83.940	467	70	4	1	464	329	793	2.53e-123	442	tax=d:Bacteria,p:Verrucomicrobia,c:Verrucomicrobiae,o:Verrucomicrobiales,f:GU230460_f,g:GU061933_g,s:GU061933_s
ASV314	83.974	468	67	8	1	464	331	794	2.53e-123	442	tax=d:Bacteria,p:Verrucomicrobia,c:Verrucomicrobiae,o:Pedosphaera_o,f:Pedosphaera_f,g:GU127739_g,s:FJ479285_s
ASV314	84.043	470	63	8	1	464	331	794	2.53e-123	442	tax=d:Bacteria,p:Verrucomicrobia,c:Verrucomicrobiae,o:Pedosphaera_o,f:Pedosphaera_f,g:GU127739_g,s:FJ478519_s
ASV314	83.974	468	67	8	1	464	331	794	2.53e-123	442	tax=d:Bacteria,p:Verrucomicrobia,c:Verrucomicrobiae,o:Pedosphaera_o,f:Pedosphaera_f,g:Limisphaera,s:FJ264781_s
ASV314	83.940	467	69	5	1	464	331	794	2.53e-123	442	tax=d:Bacteria,p:Verrucomicrobia,c:Verrucomicrobiae,o:Pedosphaera_o,f:Pedosphaera_f,g:GU127739_g,s:EU881198_s
ASV314	83.940	467	69	6	1	464	331	794	2.53e-123	442	tax=d:Bacteria,p:Verrucomicrobia,c:Verrucomicrobiae,o:Pedosphaera_o,f:Pedosphaera_f,g:EU335227_g,s:EU335227_s
ASV314	84.009	469	65	10	1	464	330	793	2.53e-123	442	tax=d:Bacteria,p:Verrucomicrobia,c:Verrucomicrobiae,o:Pedosphaera_o,f:Pedosphaera_f,g:GU127739_g,s:EU135450_s
ASV314	83.974	468	67	7	1	464	330	793	2.53e-123	442	tax=d:Bacteria,p:Verrucomicrobia,c:Verrucomicrobiae,o:Pedosphaera_o,f:Pedosphaera_f,g:GU127739_g,s:EF516176_s
ASV314	84.043	470	63	11	1	464	331	794	2.53e-123	442	tax=d:Bacteria,p:Verrucomicrobia,c:Verrucomicrobiae,o:Pedosphaera_o,f:Pedosphaera_f,g:Limisphaera,s:EF467542_s
ASV314	84.009	469	66	8	1	464	325	789	2.53e-123	442	tax=d:Bacteria,p:Verrucomicrobia,c:Verrucomicrobiae,o:Verrucomicrobiales,f:Luteolibacter_f,g:Luteolibacter,s:DQ015833_s
ASV314	83.906	466	72	3	1	464	309	773	2.53e-123	442	tax=d:Bacteria,p:Verrucomicrobia,c:Verrucomicrobiae,o:Verrucomicrobiales,f:Roseibacillus_f,g:CAGM_g,s:CAGM_s
ASV314	84.043	470	63	9	1	464	331	794	2.53e-123	442	tax=d:Bacteria,p:Verrucomicrobia,c:Verrucomicrobiae,o:Pedosphaera_o,f:Pedosphaera_f,g:GU127739_g,s:AY960778_s
ASV314	83.940	467	69	5	1	464	333	796	2.53e-123	442	tax=d:Bacteria,p:Verrucomicrobia,c:Verrucomicrobiae,o:Pedosphaera_o,f:Pedosphaera_f,g:KF026314_g,s:AJ617867_s
ASV314	84.009	469	66	9	1	464	309	773	2.53e-123	442	tax=d:Bacteria,p:Verrucomicrobia,c:Verrucomicrobiae,o:Verrucomicrobiales,f:Luteolibacter_f,g:Haloferula,s:Haloferula helveola
ASV314	84.009	469	66	9	1	464	309	773	2.53e-123	442	tax=d:Bacteria,p:Verrucomicrobia,c:Verrucomicrobiae,o:Verrucomicrobiales,f:Roseibacillus_f,g:Roseibacillus,s:Roseibacillus ishigakijimensis
ASV314	83.940	467	68	6	1	464	304	766	9.10e-123	440	tax=d:Bacteria,p:Verrucomicrobia,c:Verrucomicrobiae,o:Verrucomicrobiales,f:Rubritaleaceae,g:GQ262724_g,s:GU061289_s
ASV314	83.830	470	66	7	1	464	334	799	3.27e-122	438	tax=d:Bacteria,p:Verrucomicrobia,c:Verrucomicrobiae,o:Verrucomicrobiales,f:GU230460_f,g:GQ452903_g,s:JN886882_s
ASV314	84.516	465	49	8	1	464	318	760	3.27e-122	438	tax=d:Bacteria,p:Verrucomicrobia,c:Spartobacteria,o:Chthoniobacterales,f:Chthoniobacteraceae,g:Terrimicrobium,s:JF139735_s
ASV314	83.974	468	64	9	1	464	317	777	3.27e-122	438	tax=d:Bacteria,p:Verrucomicrobia,c:Verrucomicrobiae,o:Pedosphaera_o,f:Pedosphaera_f,g:AF234711_g,s:HQ827999_s
ASV314	84.549	466	47	10	1	464	318	760	3.27e-122	438	tax=d:Bacteria,p:Verrucomicrobia,c:Spartobacteria,o:Chthoniobacterales,f:Chthoniobacteraceae,g:HM129219_g,s:FJ437853_s
ASV314	84.549	466	47	10	1	464	303	745	3.27e-122	438	tax=d:Bacteria,p:Verrucomicrobia,c:Spartobacteria,o:Chthoniobacterales,f:Chthoniobacteraceae,g:DQ415814_g,s:DQ415814_s
ASV314	83.726	467	73	3	1	464	298	764	3.27e-122	438	tax=d:Bacteria,p:Verrucomicrobia,c:Verrucomicrobiae,o:Verrucomicrobiales,f:Rubritaleaceae,g:Rubritalea,s:Rubritalea marina
ASV314	83.761	468	68	6	1	464	315	778	1.18e-121	436	tax=d:Bacteria,p:Verrucomicrobia,c:Verrucomicrobiae,o:Pedosphaera_o,f:Pedosphaera_f,g:Limisphaera,s:PAC002502_s
ASV314	83.795	469	66	8	1	464	331	794	1.18e-121	436	tax=d:Bacteria,p:Verrucomicrobia,c:Verrucomicrobiae,o:Pedosphaera_o,f:Pedosphaera_f,g:PAC000381_g,s:PAC000445_s
ASV314	83.761	468	68	8	1	464	331	794	1.18e-121	436	tax=d:Bacteria,p:Verrucomicrobia,c:Verrucomicrobiae,o:Pedosphaera_o,f:Pedosphaera_f,g:GU127739_g,s:JX505272_s
ASV314	83.691	466	73	3	1	464	324	788	1.18e-121	436	tax=d:Bacteria,p:Verrucomicrobia,c:Spartobacteria,o:Chthoniobacterales,f:Chthoniobacteraceae,g:HQ727590_g,s:HQ727589_s
ASV314	83.761	468	69	7	1	464	311	775	1.18e-121	436	tax=d:Bacteria,p:Verrucomicrobia,c:Verrucomicrobiae,o:Verrucomicrobiales,f:Luteolibacter_f,g:Luteolibacter,s:FJ437929_s
ASV314	83.864	471	62	11	1	464	331	794	1.18e-121	436	tax=d:Bacteria,p:Verrucomicrobia,c:Verrucomicrobiae,o:Pedosphaera_o,f:Pedosphaera_f,g:EU881223_g,s:EU881223_s
ASV314	83.726	467	70	6	1	464	331	794	1.18e-121	436	tax=d:Bacteria,p:Verrucomicrobia,c:Verrucomicrobiae,o:Pedosphaera_o,f:Pedosphaera_f,g:GU127739_g,s:EU335174_s
ASV314	83.864	471	62	11	1	464	331	794	1.18e-121	436	tax=d:Bacteria,p:Verrucomicrobia,c:Verrucomicrobiae,o:Pedosphaera_o,f:Pedosphaera_f,g:GU127739_g,s:EU135543_s
ASV314	83.795	469	66	9	1	464	330	793	1.18e-121	436	tax=d:Bacteria,p:Verrucomicrobia,c:Verrucomicrobiae,o:Pedosphaera_o,f:Pedosphaera_f,g:EU135503_g,s:EU135503_s
ASV314	83.761	468	68	7	1	464	322	785	1.18e-121	436	tax=d:Bacteria,p:Verrucomicrobia,c:Verrucomicrobiae,o:Pedosphaera_o,f:Pedosphaera_f,g:GU127739_g,s:EU135439_s
ASV314	83.726	467	70	6	1	464	327	790	1.18e-121	436	tax=d:Bacteria,p:Verrucomicrobia,c:Verrucomicrobiae,o:Pedosphaera_o,f:Pedosphaera_f,g:GU127739_g,s:EU135434_s
ASV314	83.830	470	64	8	1	464	331	794	1.18e-121	436	tax=d:Bacteria,p:Verrucomicrobia,c:Verrucomicrobiae,o:Pedosphaera_o,f:Pedosphaera_f,g:EF516658_g,s:EF516658_s
ASV314	83.726	467	70	6	1	464	305	768	1.18e-121	436	tax=d:Bacteria,p:Verrucomicrobia,c:Verrucomicrobiae,o:Pedosphaera_o,f:Pedosphaera_f,g:AJ401132_g,s:AJ401132_s
ASV314	83.795	469	66	9	1	464	303	766	1.18e-121	436	tax=d:Bacteria,p:Verrucomicrobia,c:Verrucomicrobiae,o:Pedosphaera_o,f:Pedosphaera_f,g:Limisphaera,s:AB426200_s
ASV314	83.726	467	70	6	1	464	331	794	1.18e-121	436	tax=d:Bacteria,p:Verrucomicrobia,c:Verrucomicrobiae,o:Pedosphaera_o,f:Pedosphaera_f,g:GU127739_g,s:AB364858_s
ASV314	84.086	465	59	7	1	464	302	752	4.23e-121	435	tax=d:Bacteria,p:Verrucomicrobia,c:Spartobacteria,o:Chthoniobacterales,f:Chthoniobacteraceae,g:JN449754_g,s:JN488653_s
ASV314	83.652	471	66	10	1	464	306	772	1.52e-120	433	tax=d:Bacteria,p:Verrucomicrobia,c:Verrucomicrobiae,o:Verrucomicrobiales,f:Rubritaleaceae,g:GQ262724_g,s:JQ347358_s
ASV314	84.368	467	46	12	1	464	310	752	1.52e-120	433	tax=d:Bacteria,p:Verrucomicrobia,c:Spartobacteria,o:Chthoniobacterales,f:Chthoniobacteraceae,g:FJ543046_g,s:JQ337440_s
ASV314	83.547	468	71	6	1	464	311	776	1.52e-120	433	tax=d:Bacteria,p:Verrucomicrobia,c:Verrucomicrobiae,o:Verrucomicrobiales,f:EU925854_f,g:EU925854_g,s:JN479385_s
ASV314	84.301	465	50	8	1	464	318	760	1.52e-120	433	tax=d:Bacteria,p:Verrucomicrobia,c:Spartobacteria,o:Chthoniobacterales,f:Chthoniobacteraceae,g:Terrimicrobium,s:GQ264093_s
ASV314	84.335	466	48	10	1	464	318	760	1.52e-120	433	tax=d:Bacteria,p:Verrucomicrobia,c:Spartobacteria,o:Chthoniobacterales,f:Chthoniobacteraceae,g:AJ575732_g,s:AJ575732_s
ASV314	83.547	468	70	7	1	464	309	773	5.47e-120	431	tax=d:Bacteria,p:Verrucomicrobia,c:Verrucomicrobiae,o:Verrucomicrobiales,f:Luteolibacter_f,g:Haloferula,s:JN438157_s
ASV314	83.547	468	69	8	1	464	331	794	5.47e-120	431	tax=d:Bacteria,p:Verrucomicrobia,c:Verrucomicrobiae,o:Pedosphaera_o,f:Pedosphaera_f,g:Limisphaera,s:JF833738_s
ASV314	83.547	468	69	7	1	464	339	802	5.47e-120	431	tax=d:Bacteria,p:Verrucomicrobia,c:Verrucomicrobiae,o:Pedosphaera_o,f:Pedosphaera_f,g:HQ645181_g,s:HQ645181_s
ASV314	83.547	468	69	7	1	464	331	794	5.47e-120	431	tax=d:Bacteria,p:Verrucomicrobia,c:Verrucomicrobiae,o:Pedosphaera_o,f:Pedosphaera_f,g:GU127739_g,s:HM243820_s
ASV314	83.652	471	64	12	1	464	332	796	5.47e-120	431	tax=d:Bacteria,p:Verrucomicrobia,c:Verrucomicrobiae,o:Verrucomicrobiales,f:GU230460_f,g:GU061933_g,s:GQ850550_s
ASV314	83.512	467	72	5	1	464	320	784	5.47e-120	431	tax=d:Bacteria,p:Verrucomicrobia,c:Verrucomicrobiae,o:Verrucomicrobiales,f:GU230460_f,g:GQ452903_g,s:GQ452903_s
ASV314	83.617	470	65	9	1	464	331	794	5.47e-120	431	tax=d:Bacteria,p:Verrucomicrobia,c:Verrucomicrobiae,o:Pedosphaera_o,f:Pedosphaera_f,g:Limisphaera,s:GQ402808_s
ASV314	83.617	470	65	9	1	464	317	780	5.47e-120	431	tax=d:Bacteria,p:Verrucomicrobia,c:Verrucomicrobiae,o:Pedosphaera_o,f:Pedosphaera_f,g:GQ396813_g,s:GQ396813_s
ASV314	83.547	468	69	8	1	464	331	794	5.47e-120	431	tax=d:Bacteria,p:Verrucomicrobia,c:Verrucomicrobiae,o:Pedosphaera_o,f:Pedosphaera_f,g:JN178771_g,s:FR687429_s
ASV314	83.439	471	67	10	1	464	315	781	5.47e-120	431	tax=d:Bacteria,p:Verrucomicrobia,c:Verrucomicrobiae,o:Pedosphaera_o,f:Pedosphaera_f,g:EU676442_g,s:EU676442_s
ASV314	83.617	470	65	10	1	464	331	794	5.47e-120	431	tax=d:Bacteria,p:Verrucomicrobia,c:Verrucomicrobiae,o:Pedosphaera_o,f:Pedosphaera_f,g:GU127739_g,s:EU644232_s
ASV314	83.547	468	69	7	1	464	331	794	5.47e-120	431	tax=d:Bacteria,p:Verrucomicrobia,c:Verrucomicrobiae,o:Pedosphaera_o,f:Pedosphaera_f,g:Pedosphaera,s:EU335396_s
ASV314	83.512	467	71	6	1	464	331	794	5.47e-120	431	tax=d:Bacteria,p:Verrucomicrobia,c:Verrucomicrobiae,o:Pedosphaera_o,f:Pedosphaera_f,g:GU127739_g,s:EU135442_s
ASV314	83.547	468	69	8	1	464	327	790	5.47e-120	431	tax=d:Bacteria,p:Verrucomicrobia,c:Verrucomicrobiae,o:Pedosphaera_o,f:Pedosphaera_f,g:GU127739_g,s:EF515932_s
ASV314	83.547	468	69	8	1	464	331	794	5.47e-120	431	tax=d:Bacteria,p:Verrucomicrobia,c:Verrucomicrobiae,o:Pedosphaera_o,f:Pedosphaera_f,g:Limisphaera,s:EF020030_s
ASV314	83.617	470	65	11	1	464	331	794	5.47e-120	431	tax=d:Bacteria,p:Verrucomicrobia,c:Verrucomicrobiae,o:Pedosphaera_o,f:Pedosphaera_f,g:JN177836_g,s:AM935281_s
ASV314	83.547	468	69	8	1	464	331	794	5.47e-120	431	tax=d:Bacteria,p:Verrucomicrobia,c:Verrucomicrobiae,o:Pedosphaera_o,f:Pedosphaera_f,g:Limisphaera,s:AB240494_s
ASV314	83.512	467	70	6	1	464	331	793	1.97e-119	429	tax=d:Bacteria,p:Verrucomicrobia,c:Verrucomicrobiae,o:Pedosphaera_o,f:Pedosphaera_f,g:GU127739_g,s:JN038917_s
ASV314	84.086	465	51	8	1	464	308	750	7.08e-119	427	tax=d:Bacteria,p:Verrucomicrobia,c:Spartobacteria,o:Chthoniobacterales,f:Chthoniobacteraceae,g:Terrimicrobium,s:JQ861291_s
ASV314	83.656	465	65	8	1	464	303	757	7.08e-119	427	tax=d:Bacteria,p:Verrucomicrobia,c:Spartobacteria,o:Chthoniobacterales,f:Chthoniobacteraceae,g:JN449754_g,s:JN464714_s
ASV314	84.086	465	51	8	1	464	318	760	7.08e-119	427	tax=d:Bacteria,p:Verrucomicrobia,c:Spartobacteria,o:Chthoniobacterales,f:Chthoniobacteraceae,g:Terrimicrobium,s:JF168305_s
ASV314	83.369	469	70	7	1	464	307	772	7.08e-119	427	tax=d:Bacteria,p:Verrucomicrobia,c:Verrucomicrobiae,o:Verrucomicrobiales,f:GU230460_f,g:GQ452903_g,s:DQ269063_s
ASV314	84.086	465	51	8	1	464	318	760	7.08e-119	427	tax=d:Bacteria,p:Verrucomicrobia,c:Spartobacteria,o:Chthoniobacterales,f:Chthoniobacteraceae,g:Terrimicrobium,s:AB630916_s
ASV314	83.333	468	70	8	1	464	331	794	2.55e-118	425	tax=d:Bacteria,p:Verrucomicrobia,c:Verrucomicrobiae,o:Pedosphaera_o,f:Pedosphaera_f,g:PAC000586_g,s:PAC000586_s
ASV314	83.404	470	67	10	1	464	309	773	2.55e-118	425	tax=d:Bacteria,p:Verrucomicrobia,c:Verrucomicrobiae,o:Verrucomicrobiales,f:Rubritaleaceae,g:GQ262724_g,s:JX559249_s
ASV314	83.333	468	70	8	1	464	331	794	2.55e-118	425	tax=d:Bacteria,p:Verrucomicrobia,c:Verrucomicrobiae,o:Pedosphaera_o,f:Pedosphaera_f,g:JN177836_g,s:JQ861320_s
ASV314	83.369	469	68	9	1	464	331	794	2.55e-118	425	tax=d:Bacteria,p:Verrucomicrobia,c:Verrucomicrobiae,o:Pedosphaera_o,f:Pedosphaera_f,g:Limisphaera,s:JQ809246_s
ASV314	83.298	467	73	5	1	464	286	750	2.55e-118	425	tax=d:Bacteria,p:Verrucomicrobia,c:Verrucomicrobiae,o:Methylacidiphilales,f:GQ502666_f,g:JN825624_g,s:JN825625_s
ASV314	83.439	471	65	11	1	464	324	788	2.55e-118	425	tax=d:Bacteria,p:Verrucomicrobia,c:Verrucomicrobiae,o:Verrucomicrobiales,f:GU230460_f,g:JN391752_g,s:JN391752_s
ASV314	83.298	467	73	5	1	464	319	783	2.55e-118	425	tax=d:Bacteria,p:Verrucomicrobia,c:Verrucomicrobiae,o:Verrucomicrobiales,f:Luteolibacter_f,g:Haloferula,s:Haloferula chungangensis
ASV314	83.369	469	68	9	1	464	331	794	2.55e-118	425	tax=d:Bacteria,p:Verrucomicrobia,c:Verrucomicrobiae,o:Pedosphaera_o,f:Pedosphaera_f,g:GQ487997_g,s:GQ487997_s
ASV314	83.298	467	72	6	1	464	331	794	2.55e-118	425	tax=d:Bacteria,p:Verrucomicrobia,c:Verrucomicrobiae,o:Pedosphaera_o,f:Pedosphaera_f,g:Limisphaera,s:FQ659953_s
ASV314	83.369	469	68	10	1	464	331	794	2.55e-118	425	tax=d:Bacteria,p:Verrucomicrobia,c:Verrucomicrobiae,o:Pedosphaera_o,f:Pedosphaera_f,g:FJ172782_g,s:FJ172782_s
ASV314	83.262	466	75	3	1	464	309	773	2.55e-118	425	tax=d:Bacteria,p:Verrucomicrobia,c:Verrucomicrobiae,o:Verrucomicrobiales,f:Roseibacillus_f,g:CAGM_g,s:EU919847_s
ASV314	83.226	465	77	1	1	464	309	773	2.55e-118	425	tax=d:Bacteria,p:Verrucomicrobia,c:Verrucomicrobiae,o:Verrucomicrobiales,f:Rubritaleaceae,g:Rubritalea,s:EU369140_s
ASV314	83.298	467	72	5	1	464	330	793	2.55e-118	425	tax=d:Bacteria,p:Verrucomicrobia,c:Verrucomicrobiae,o:Pedosphaera_o,f:Pedosphaera_f,g:GU127739_g,s:EF516210_s
ASV314	83.369	469	69	9	1	464	299	763	2.55e-118	425	tax=d:Bacteria,p:Verrucomicrobia,c:Verrucomicrobiae,o:Verrucomicrobiales,f:Roseibacillus_f,g:Roseibacillus,s:Roseibacillus ponti
ASV314	83.333	468	68	9	1	464	330	791	9.16e-118	424	tax=d:Bacteria,p:Verrucomicrobia,c:Verrucomicrobiae,o:Pedosphaera_o,f:Pedosphaera_f,g:JN177836_g,s:EF688344_s
ASV314	83.871	465	52	8	1	464	318	760	3.29e-117	422	tax=d:Bacteria,p:Verrucomicrobia,c:Spartobacteria,o:Chthoniobacterales,f:Chthoniobacteraceae,g:Terrimicrobium,s:JQ809242_s
ASV314	83.227	471	67	10	1	464	326	791	3.29e-117	422	tax=d:Bacteria,p:Verrucomicrobia,c:Spartobacteria,o:Chthoniobacterales,f:Chthoniobacteraceae,g:PAC001932_g,s:EF516353_s
ASV314	83.871	465	52	8	1	464	318	760	3.29e-117	422	tax=d:Bacteria,p:Verrucomicrobia,c:Spartobacteria,o:Chthoniobacterales,f:Chthoniobacteraceae,g:Terrimicrobium,s:Terrimicrobium sacchariphilum
ASV314	83.906	466	50	13	1	464	316	758	3.29e-117	422	tax=d:Bacteria,p:Verrucomicrobia,c:Spartobacteria,o:Chthoniobacterales,f:Chthoniobacteraceae,g:DQ415814_g,s:AF407726_s
ASV314	83.512	467	59	10	1	464	311	762	1.19e-116	420	tax=d:Bacteria,p:Verrucomicrobia,c:Spartobacteria,o:Chthoniobacterales,f:Chthoniobacteraceae,g:PAC002252_g,s:PAC002252_s
ASV314	83.120	468	71	8	1	464	331	794	1.19e-116	420	tax=d:Bacteria,p:Verrucomicrobia,c:Verrucomicrobiae,o:Pedosphaera_o,f:Pedosphaera_f,g:JN178771_g,s:JQ801087_s
ASV314	83.156	469	69	8	1	464	331	794	1.19e-116	420	tax=d:Bacteria,p:Verrucomicrobia,c:Verrucomicrobiae,o:Pedosphaera_o,f:Pedosphaera_f,g:GU127739_g,s:GU127739_s
ASV314	83.120	468	71	8	1	464	330	793	1.19e-116	420	tax=d:Bacteria,p:Verrucomicrobia,c:Verrucomicrobiae,o:Pedosphaera_o,f:Pedosphaera_f,g:GQ348716_g,s:GQ348716_s
ASV314	83.120	468	71	7	1	464	331	794	1.19e-116	420	tax=d:Bacteria,p:Verrucomicrobia,c:Verrucomicrobiae,o:Pedosphaera_o,f:Pedosphaera_f,g:JQ800977_g,s:GQ262907_s
ASV314	83.084	467	73	6	1	464	331	794	1.19e-116	420	tax=d:Bacteria,p:Verrucomicrobia,c:Verrucomicrobiae,o:Pedosphaera_o,f:Pedosphaera_f,g:JX080268_g,s:FJ479471_s
ASV314	83.120	468	71	7	1	464	331	794	1.19e-116	420	tax=d:Bacteria,p:Verrucomicrobia,c:Verrucomicrobiae,o:Pedosphaera_o,f:Pedosphaera_f,g:GU127739_g,s:EU335323_s
ASV314	83.120	468	71	7	1	464	331	794	1.19e-116	420	tax=d:Bacteria,p:Verrucomicrobia,c:Verrucomicrobiae,o:Pedosphaera_o,f:Pedosphaera_f,g:EU135537_g,s:EU135469_s
ASV314	83.333	474	59	18	1	464	330	793	1.19e-116	420	tax=d:Bacteria,p:Verrucomicrobia,c:Opitutae,o:Opitutales,f:Opitutaceae,g:CP016094_g,s:AY212598_s
ASV314	83.656	465	52	9	1	464	303	744	4.26e-116	418	tax=d:Bacteria,p:Verrucomicrobia,c:Spartobacteria,o:Chthoniobacterales,f:Chthoniobacteraceae,g:Xiphinematobacter,s:Xiphinematobacter americani
ASV314	83.656	465	53	8	1	464	317	759	1.53e-115	416	tax=d:Bacteria,p:Verrucomicrobia,c:Spartobacteria,o:Chthoniobacterales,f:Chthoniobacteraceae,g:FJ543046_g,s:FJ543046_s
ASV314	83.656	465	53	8	1	464	308	750	1.53e-115	416	tax=d:Bacteria,p:Verrucomicrobia,c:Spartobacteria,o:Chthoniobacterales,f:Chthoniobacteraceae,g:FJ543046_g,s:EU135544_s
ASV314	83.691	466	50	11	1	464	318	759	1.53e-115	416	tax=d:Bacteria,p:Verrucomicrobia,c:Spartobacteria,o:Chthoniobacterales,f:Chthoniobacteraceae,g:AJ575732_g,s:EF520637_s
ASV314	83.691	466	51	10	1	464	318	760	1.53e-115	416	tax=d:Bacteria,p:Verrucomicrobia,c:Spartobacteria,o:Chthoniobacterales,f:Chthoniobacteraceae,g:HM129219_g,s:AB630912_s
ASV314	83.726	467	49	12	1	464	318	760	1.53e-115	416	tax=d:Bacteria,p:Verrucomicrobia,c:Spartobacteria,o:Chthoniobacterales,f:Chthoniobacteraceae,g:FJ543046_g,s:AB630656_s
ASV314	83.333	468	58	12	1	464	292	743	5.51e-115	414	tax=d:Bacteria,p:Verrucomicrobia,c:Spartobacteria,o:Chthoniobacterales,f:Chthoniobacteraceae,g:JN430098_g,s:JN430098_s
ASV314	83.015	471	66	12	1	464	331	794	5.51e-115	414	tax=d:Bacteria,p:Verrucomicrobia,c:Verrucomicrobiae,o:Pedosphaera_o,f:Pedosphaera_f,g:Limisphaera,s:JF429041_s
ASV314	82.869	467	74	6	1	464	331	794	5.51e-115	414	tax=d:Bacteria,p:Verrucomicrobia,c:Verrucomicrobiae,o:Pedosphaera_o,f:Pedosphaera_f,g:JX080268_g,s:EU025070_s
ASV314	83.015	471	66	12	1	464	331	794	5.51e-115	414	tax=d:Bacteria,p:Verrucomicrobia,c:Verrucomicrobiae,o:Pedosphaera_o,f:Pedosphaera_f,g:GU127739_g,s:AY960779_s
ASV314	82.692	468	75	6	1	464	291	756	7.13e-114	411	tax=d:Bacteria,p:Verrucomicrobia,c:Verrucomicrobiae,o:Verrucomicrobiales,f:EU925854_f,g:EU925854_g,s:JN437219_s
ASV314	82.947	475	59	20	1	464	330	793	2.57e-113	409	tax=d:Bacteria,p:Verrucomicrobia,c:Opitutae,o:Opitutales,f:Opitutaceae,g:CP016094_g,s:LT629735_s
ASV314	82.655	467	75	6	1	464	331	794	2.57e-113	409	tax=d:Bacteria,p:Verrucomicrobia,c:Verrucomicrobiae,o:Pedosphaera_o,f:Pedosphaera_f,g:Limisphaera,s:HM131973_s
ASV314	82.655	467	75	6	1	464	339	802	2.57e-113	409	tax=d:Bacteria,p:Verrucomicrobia,c:Verrucomicrobiae,o:Pedosphaera_o,f:Pedosphaera_f,g:CU917929_g,s:CU917929_s
ASV314	82.729	469	71	10	1	464	287	750	2.57e-113	409	tax=d:Bacteria,p:Verrucomicrobia,c:Verrucomicrobiae,o:Pedosphaera_o,f:Pedosphaera_f,g:AF234711_g,s:AJ401114_s
ASV314	82.441	467	78	3	1	464	309	774	3.32e-112	405	tax=d:Bacteria,p:Verrucomicrobia,c:Verrucomicrobiae,o:Verrucomicrobiales,f:GU230460_f,g:AM889150_g,s:EU795148_s
ASV314	82.479	468	76	6	1	464	343	808	3.32e-112	405	tax=d:Bacteria,p:Verrucomicrobia,c:Kiritimatiellae,o:Kiritimatiellales,f:Kiritimatiellaceae,g:EU652671_g,s:EU652671_s
ASV314	83.298	467	51	12	1	464	317	759	3.32e-112	405	tax=d:Bacteria,p:Verrucomicrobia,c:Spartobacteria,o:Chthoniobacterales,f:Chthoniobacteraceae,g:FJ543046_g,s:EF516165_s
ASV314	82.833	466	64	14	1	461	309	763	1.19e-111	403	tax=d:Bacteria,p:Verrucomicrobia,c:Spartobacteria,o:Chthoniobacterales,f:Chthoniobacteraceae,g:AB552873_g,s:JN178354_s
ASV314	82.441	467	76	6	1	464	333	796	1.19e-111	403	tax=d:Bacteria,p:Verrucomicrobia,c:Verrucomicrobiae,o:Pedosphaera_o,f:Pedosphaera_f,g:AF316730_g,s:AF316730_s
