ASV1704	90.538	465	24	10	2	446	320	784	4.89e-170	597	tax=d:Bacteria,p:Firmicutes,c:Bacilli,o:Bacillales,f:Bacillaceae,g:Bacillus,s:Bacillus mesonae
ASV1704	90.538	465	24	10	2	446	320	784	4.89e-170	597	tax=d:Bacteria,p:Firmicutes,c:Bacilli,o:Bacillales,f:Bacillaceae,g:Bacillus,s:Bacillus cucumis
ASV1704	90.538	465	24	10	2	446	321	785	4.89e-170	597	tax=d:Bacteria,p:Firmicutes,c:Bacilli,o:Bacillales,f:Bacillaceae,g:Bacillus,s:Bacillus jeddahensis
ASV1704	90.538	465	24	10	2	446	320	784	4.89e-170	597	tax=d:Bacteria,p:Firmicutes,c:Bacilli,o:Bacillales,f:Bacillaceae,g:Bacillus,s:FXWM_s
ASV1704	90.538	465	24	10	2	446	320	784	4.89e-170	597	tax=d:Bacteria,p:Firmicutes,c:Bacilli,o:Bacillales,f:Bacillaceae,g:Bacillus,s:Bacillus novalis
ASV1704	90.538	465	24	10	2	446	320	784	4.89e-170	597	tax=d:Bacteria,p:Firmicutes,c:Bacilli,o:Bacillales,f:Bacillaceae,g:Bacillus,s:Bacillus soli
ASV1704	90.538	465	24	10	2	446	321	785	4.89e-170	597	tax=d:Bacteria,p:Firmicutes,c:Bacilli,o:Bacillales,f:Bacillaceae,g:Bacillus,s:Bacillus fumarioli
ASV1704	90.538	465	24	10	2	446	320	784	4.89e-170	597	tax=d:Bacteria,p:Firmicutes,c:Bacilli,o:Bacillales,f:Bacillaceae,g:Bacillus,s:Bacillus vireti
ASV1704	90.538	465	24	10	2	446	320	784	4.89e-170	597	tax=d:Bacteria,p:Firmicutes,c:Bacilli,o:Bacillales,f:Bacillaceae,g:Bacillus,s:Bacillus bataviensis
ASV1704	90.538	465	24	10	2	446	256	720	4.89e-170	597	tax=d:Bacteria,p:Firmicutes,c:Bacilli,o:Bacillales,f:Bacillaceae,g:Bacillus,s:Bacillus drentensis
ASV1704	90.323	465	25	10	2	446	292	756	6.33e-169	593	tax=d:Bacteria,p:Firmicutes,c:Bacilli,o:Bacillales,f:Bacillaceae,g:Bacillus,s:Bacillus thermocopriae
ASV1704	90.323	465	25	10	2	446	308	772	2.28e-168	592	tax=d:Bacteria,p:Firmicutes,c:Bacilli,o:Bacillales,f:Bacillaceae,g:Bacillus,s:FR691455_s
ASV1704	90.323	465	25	10	2	446	320	784	2.28e-168	592	tax=d:Bacteria,p:Firmicutes,c:Bacilli,o:Bacillales,f:Bacillaceae,g:Bacillus,s:CCFE_s
ASV1704	89.892	465	27	11	2	446	299	763	4.93e-165	580	tax=d:Bacteria,p:Firmicutes,c:Bacilli,o:Bacillales,f:Bacillaceae,g:Bacillus,s:FJ665200_s
ASV1704	89.892	465	27	10	2	446	320	784	4.93e-165	580	tax=d:Bacteria,p:Firmicutes,c:Bacilli,o:Bacillales,f:Bacillaceae,g:Bacillus,s:Bacillus niacini
ASV1704	89.677	465	28	10	2	446	301	765	2.29e-163	575	tax=d:Bacteria,p:Firmicutes,c:Bacilli,o:Bacillales,f:Bacillaceae,g:Bacillus,s:Bacillus ginsengisoli
ASV1704	89.700	466	26	12	2	446	321	785	2.29e-163	575	tax=d:Bacteria,p:Firmicutes,c:Bacilli,o:Bacillales,f:Bacillaceae,g:Bacillus,s:Bacillus massilioalgeriensis
ASV1704	89.700	466	26	12	2	446	321	785	2.29e-163	575	tax=d:Bacteria,p:Firmicutes,c:Bacilli,o:Bacillales,f:Bacillaceae,g:Bacillus,s:CP012602_s
ASV1704	89.677	465	28	10	2	446	320	784	2.29e-163	575	tax=d:Bacteria,p:Firmicutes,c:Bacilli,o:Bacillales,f:Bacillaceae,g:Bacillus,s:Bacillus pocheonensis
ASV1704	89.677	465	27	12	2	446	320	783	8.24e-163	573	tax=d:Bacteria,p:Firmicutes,c:Bacilli,o:Bacillales,f:Planococcaceae,g:Bhargavaea,s:Bhargavaea ginsengi
ASV1704	89.485	466	27	14	2	446	330	794	1.07e-161	569	tax=d:Bacteria,p:Firmicutes,c:Bacilli,o:Bacillales,f:Planococcaceae,g:Chryseomicrobium,s:Chryseomicrobium deserti
ASV1704	89.462	465	29	10	2	446	322	786	1.07e-161	569	tax=d:Bacteria,p:Firmicutes,c:Bacilli,o:Bacillales,f:Bacillaceae,g:Bacillus,s:JQ183103_s
ASV1704	89.485	466	27	14	2	446	324	788	1.07e-161	569	tax=d:Bacteria,p:Firmicutes,c:Bacilli,o:Bacillales,f:Planococcaceae,g:Paenisporosarcina,s:Paenisporosarcina indica
ASV1704	89.485	466	27	12	2	446	320	784	1.07e-161	569	tax=d:Bacteria,p:Firmicutes,c:Bacilli,o:Bacillales,f:Bacillaceae,g:Bacillus,s:Bacillus campisalis
ASV1704	89.462	465	28	11	2	446	320	783	3.84e-161	568	tax=d:Bacteria,p:Firmicutes,c:Bacilli,o:Bacillales,f:Planococcaceae,g:EU223959_g,s:EU223959_s
ASV1704	89.247	465	30	10	2	446	321	785	4.96e-160	564	tax=d:Bacteria,p:Firmicutes,c:Bacilli,o:Bacillales,f:Bacillaceae,g:Bacillus,s:HM846673_s
ASV1704	89.270	466	28	14	2	446	320	784	4.96e-160	564	tax=d:Bacteria,p:Firmicutes,c:Bacilli,o:Bacillales,f:Planococcaceae,g:Sporosarcina,s:Sporosarcina newyorkensis
ASV1704	89.270	466	28	14	2	446	294	758	4.96e-160	564	tax=d:Bacteria,p:Firmicutes,c:Bacilli,o:Bacillales,f:Planococcaceae,g:Paenisporosarcina,s:Paenisporosarcina antarctica
ASV1704	89.270	466	28	14	2	446	320	784	4.96e-160	564	tax=d:Bacteria,p:Firmicutes,c:Bacilli,o:Bacillales,f:Planococcaceae,g:Sporosarcina,s:CDGU_s
ASV1704	89.247	465	30	10	2	446	322	786	4.96e-160	564	tax=d:Bacteria,p:Firmicutes,c:Bacilli,o:Bacillales,f:Bacillaceae,g:Anoxybacillus,s:Anoxybacillus amylolyticus
ASV1704	89.247	465	30	10	2	446	322	786	4.96e-160	564	tax=d:Bacteria,p:Firmicutes,c:Bacilli,o:Bacillales,f:Bacillaceae,g:Anoxybacillus,s:Anoxybacillus contaminans
ASV1704	89.270	466	28	12	2	446	320	784	4.96e-160	564	tax=d:Bacteria,p:Firmicutes,c:Bacilli,o:Bacillales,f:Planococcaceae,g:Sporosarcina,s:Sporosarcina saromensis
ASV1704	89.247	465	30	10	2	446	322	786	4.96e-160	564	tax=d:Bacteria,p:Firmicutes,c:Bacilli,o:Bacillales,f:Bacillaceae,g:Anoxybacillus,s:Anoxybacillus voinovskiensis
ASV1704	89.032	465	31	10	2	446	321	785	2.31e-158	558	tax=d:Bacteria,p:Firmicutes,c:Bacilli,o:Bacillales,f:Bacillaceae,g:Bacillus,s:Bacillus horikoshii
ASV1704	89.056	466	29	13	2	446	322	786	2.31e-158	558	tax=d:Bacteria,p:Firmicutes,c:Bacilli,o:Bacillales,f:Planococcaceae,g:Lysinibacillus,s:MDDN_s
ASV1704	89.056	466	29	13	2	446	322	786	2.31e-158	558	tax=d:Bacteria,p:Firmicutes,c:Bacilli,o:Bacillales,f:Planococcaceae,g:Lysinibacillus,s:LITM_s
ASV1704	89.056	466	29	13	2	446	322	786	2.31e-158	558	tax=d:Bacteria,p:Firmicutes,c:Bacilli,o:Bacillales,f:Planococcaceae,g:Lysinibacillus,s:Lysinibacillus macroides
ASV1704	89.056	466	29	13	2	446	322	786	2.31e-158	558	tax=d:Bacteria,p:Firmicutes,c:Bacilli,o:Bacillales,f:Planococcaceae,g:Lysinibacillus,s:Lysinibacillus xylanilyticus
ASV1704	89.032	465	31	10	2	446	322	786	2.31e-158	558	tax=d:Bacteria,p:Firmicutes,c:Bacilli,o:Bacillales,f:Bacillaceae,g:Bacillus,s:LFEL_s
ASV1704	89.103	468	25	13	2	446	320	784	2.31e-158	558	tax=d:Bacteria,p:Firmicutes,c:Bacilli,o:Bacillales,f:Bacillaceae,g:Bacillus,s:Bacillus zeae
ASV1704	89.032	465	31	10	2	446	320	784	2.31e-158	558	tax=d:Bacteria,p:Firmicutes,c:Bacilli,o:Bacillales,f:Bacillaceae,g:Bacillus,s:JQ978943_s
ASV1704	89.079	467	28	12	2	446	324	789	2.31e-158	558	tax=d:Bacteria,p:Firmicutes,c:Bacilli,o:Bacillales,f:Bacillaceae,g:Bacillus,s:JQ800807_s
ASV1704	89.079	467	28	12	2	446	320	785	2.31e-158	558	tax=d:Bacteria,p:Firmicutes,c:Bacilli,o:Bacillales,f:Bacillaceae,g:Bacillus,s:Bacillus thaonhiensis
ASV1704	89.103	468	25	13	2	446	303	767	2.31e-158	558	tax=d:Bacteria,p:Firmicutes,c:Bacilli,o:Bacillales,f:Bacillaceae,g:Bacillus,s:GQ227835_s
ASV1704	89.079	467	27	10	2	446	316	780	2.31e-158	558	tax=d:Bacteria,p:Firmicutes,c:Bacilli,o:Bacillales,f:Planococcaceae,g:Sporosarcina,s:Sporosarcina contaminans
ASV1704	89.056	466	29	13	2	446	253	717	2.31e-158	558	tax=d:Bacteria,p:Firmicutes,c:Bacilli,o:Bacillales,f:Planococcaceae,g:Lysinibacillus,s:Bacillus decisifrondis
ASV1704	89.056	466	29	14	2	446	324	788	2.31e-158	558	tax=d:Bacteria,p:Firmicutes,c:Bacilli,o:Bacillales,f:Planococcaceae,g:Paenisporosarcina,s:Paenisporosarcina quisquiliarum
ASV1704	89.103	468	25	12	2	446	320	784	2.31e-158	558	tax=d:Bacteria,p:Firmicutes,c:Bacilli,o:Bacillales,f:Planococcaceae,g:Sporosarcina,s:Sporosarcina koreensis
ASV1704	89.032	465	31	10	2	446	322	786	2.31e-158	558	tax=d:Bacteria,p:Firmicutes,c:Bacilli,o:Bacillales,f:Bacillaceae,g:Bacillus,s:CP020880_s
ASV1704	89.056	466	29	13	2	446	321	785	2.31e-158	558	tax=d:Bacteria,p:Firmicutes,c:Bacilli,o:Bacillales,f:Planococcaceae,g:Lysinibacillus,s:Lysinibacillus pakistanensis
ASV1704	89.056	466	29	14	2	446	320	784	2.31e-158	558	tax=d:Bacteria,p:Firmicutes,c:Bacilli,o:Bacillales,f:Planococcaceae,g:Sporosarcina,s:AP013294_s
ASV1704	89.079	467	28	12	2	446	323	788	2.31e-158	558	tax=d:Bacteria,p:Firmicutes,c:Bacilli,o:Bacillales,f:Bacillaceae,g:Bacillus,s:AB533934_s
ASV1704	89.103	468	25	12	2	446	320	784	2.31e-158	558	tax=d:Bacteria,p:Firmicutes,c:Bacilli,o:Bacillales,f:Planococcaceae,g:Sporosarcina,s:Sporosarcina luteola
ASV1704	89.032	465	31	10	2	446	320	784	2.31e-158	558	tax=d:Bacteria,p:Firmicutes,c:Bacilli,o:Bacillales,f:Bacillaceae,g:Bacillus,s:Bacillus asahii
ASV1704	89.056	466	28	11	2	446	320	783	8.30e-158	556	tax=d:Bacteria,p:Firmicutes,c:Bacilli,o:Bacillales,f:Planococcaceae,g:Chungangia,s:Chungangia koreensis
ASV1704	88.889	468	28	13	2	446	308	774	2.99e-157	555	tax=d:Bacteria,p:Firmicutes,c:Bacilli,o:Bacillales,f:Bacillaceae,g:Bacillus,s:Bacillus mesophilus
ASV1704	88.841	466	30	12	2	446	320	784	1.07e-156	553	tax=d:Bacteria,p:Firmicutes,c:Bacilli,o:Bacillales,f:Bacillaceae,g:Bacillus,s:Bacillus infernus
ASV1704	88.889	468	27	13	2	446	334	799	1.07e-156	553	tax=d:Bacteria,p:Firmicutes,c:Bacilli,o:Bacillales,f:Bacillaceae,g:Bacillus,s:Bacillus marinisedimentorum
ASV1704	97.248	327	7	2	121	446	458	783	1.07e-156	553	tax=d:Bacteria,p:Firmicutes,c:Bacilli,o:Bacillales,f:Planococcaceae,g:Planococcus,s:LTZG_s
ASV1704	88.841	466	30	13	2	446	320	784	1.07e-156	553	tax=d:Bacteria,p:Firmicutes,c:Bacilli,o:Bacillales,f:Planococcaceae,g:Lysinibacillus,s:Lysinibacillus telephonicus
ASV1704	88.817	465	32	10	2	446	320	784	1.07e-156	553	tax=d:Bacteria,p:Firmicutes,c:Bacilli,o:Bacillales,f:Bacillaceae,g:Bacillus,s:Bacillus maritimus
ASV1704	88.841	466	30	13	2	446	301	765	1.07e-156	553	tax=d:Bacteria,p:Firmicutes,c:Bacilli,o:Bacillales,f:Planococcaceae,g:Lysinibacillus,s:Lysinibacillus halotolerans
ASV1704	88.865	467	29	12	2	446	320	785	1.07e-156	553	tax=d:Bacteria,p:Firmicutes,c:Bacilli,o:Bacillales,f:Bacillaceae,g:Bacillus,s:Bacillus fengqiuensis
ASV1704	88.865	467	29	9	2	446	320	785	1.07e-156	553	tax=d:Bacteria,p:Firmicutes,c:Bacilli,o:Bacillales,f:Bacillaceae,g:Bacillus,s:Bacillus songklensis
ASV1704	88.841	466	30	13	2	446	304	768	1.07e-156	553	tax=d:Bacteria,p:Firmicutes,c:Bacilli,o:Bacillales,f:Planococcaceae,g:Ureibacillus,s:FN667372_s
ASV1704	88.865	467	29	16	2	446	320	785	1.07e-156	553	tax=d:Bacteria,p:Firmicutes,c:Bacilli,o:Bacillales,f:Bacillaceae,g:Anoxybacillus,s:Anoxybacillus vitaminiphilus
ASV1704	88.817	465	32	10	2	446	315	779	1.07e-156	553	tax=d:Bacteria,p:Firmicutes,c:Bacilli,o:Bacillales,f:Bacillaceae,g:Anoxybacillus,s:Anoxybacillus mongoliensis
ASV1704	88.865	467	28	14	2	446	319	783	1.07e-156	553	tax=d:Bacteria,p:Firmicutes,c:Bacilli,o:Bacillales,f:Bacillaceae,g:Bacillus,s:DQ129292_s
ASV1704	88.865	467	28	10	2	446	320	784	1.07e-156	553	tax=d:Bacteria,p:Firmicutes,c:Bacilli,o:Bacillales,f:Planococcaceae,g:Sporosarcina,s:Sporosarcina soli
ASV1704	88.817	465	32	10	2	446	322	786	1.07e-156	553	tax=d:Bacteria,p:Firmicutes,c:Bacilli,o:Bacillales,f:Bacillaceae,g:Anoxybacillus,s:Anoxybacillus flavithermus
ASV1704	97.248	327	7	2	121	446	458	783	1.07e-156	553	tax=d:Bacteria,p:Firmicutes,c:Bacilli,o:Bacillales,f:Planococcaceae,g:Planococcus,s:Planococcus plakortidis
ASV1704	97.248	327	7	2	121	446	458	783	1.07e-156	553	tax=d:Bacteria,p:Firmicutes,c:Bacilli,o:Bacillales,f:Planococcaceae,g:Planococcus,s:Planococcus maritimus
ASV1704	88.841	466	30	12	2	446	321	785	1.07e-156	553	tax=d:Bacteria,p:Firmicutes,c:Bacilli,o:Bacillales,f:Planococcaceae,g:Sporosarcina,s:CP015349_s
ASV1704	88.841	466	30	12	2	446	320	784	1.07e-156	553	tax=d:Bacteria,p:Firmicutes,c:Bacilli,o:Bacillales,f:Planococcaceae,g:Sporosarcina,s:CP015348_s
ASV1704	88.841	466	30	12	2	446	321	785	1.07e-156	553	tax=d:Bacteria,p:Firmicutes,c:Bacilli,o:Bacillales,f:Planococcaceae,g:Sporosarcina,s:CP015207_s
ASV1704	88.841	466	30	12	2	446	321	785	1.07e-156	553	tax=d:Bacteria,p:Firmicutes,c:Bacilli,o:Bacillales,f:Planococcaceae,g:Sporosarcina,s:CP015109_s
ASV1704	97.248	327	7	2	121	446	458	783	1.07e-156	553	tax=d:Bacteria,p:Firmicutes,c:Bacilli,o:Bacillales,f:Planococcaceae,g:Planococcus,s:Planococcus rifietoensis
ASV1704	88.817	465	32	8	2	446	322	786	1.07e-156	553	tax=d:Bacteria,p:Firmicutes,c:Bacilli,o:Bacillales,f:Bacillaceae,g:Anoxybacillus,s:Anoxybacillus gonensis
ASV1704	88.817	465	32	10	2	446	322	786	1.07e-156	553	tax=d:Bacteria,p:Firmicutes,c:Bacilli,o:Bacillales,f:Bacillaceae,g:Anoxybacillus,s:Anoxybacillus thermarum
ASV1704	88.841	466	30	13	2	446	320	784	1.07e-156	553	tax=d:Bacteria,p:Firmicutes,c:Bacilli,o:Bacillales,f:Bacillaceae,g:Bacillus,s:Bacillus foraminis
ASV1704	97.248	327	7	2	121	446	458	783	1.07e-156	553	tax=d:Bacteria,p:Firmicutes,c:Bacilli,o:Bacillales,f:Planococcaceae,g:Planococcus,s:Planococcus maitriensis
ASV1704	88.841	466	30	12	2	446	320	784	1.07e-156	553	tax=d:Bacteria,p:Firmicutes,c:Bacilli,o:Bacillales,f:Planococcaceae,g:Sporosarcina,s:Sporosarcina ureae
ASV1704	88.889	468	26	14	2	446	321	785	1.07e-156	553	tax=d:Bacteria,p:Firmicutes,c:Bacilli,o:Bacillales,f:Planococcaceae,g:Sporosarcina,s:Sporosarcina aquimarina
ASV1704	88.817	465	31	13	2	446	302	765	3.86e-156	551	tax=d:Bacteria,p:Firmicutes,c:Bacilli,o:Bacillales,f:Planococcaceae,g:Planomicrobium,s:Planomicrobium soli
ASV1704	96.960	329	8	2	119	446	458	785	3.86e-156	551	tax=d:Bacteria,p:Firmicutes,c:Bacilli,o:Bacillales,f:Bacillaceae,g:Bacillus,s:HM459650_s
ASV1704	88.865	467	27	14	2	446	301	764	3.86e-156	551	tax=d:Bacteria,p:Firmicutes,c:Bacilli,o:Bacillales,f:Planococcaceae,g:Planococcus,s:Planomicrobium glaciei
ASV1704	88.841	466	29	11	2	446	320	783	3.86e-156	551	tax=d:Bacteria,p:Firmicutes,c:Bacilli,o:Bacillales,f:Planococcaceae,g:Planococcus,s:Planomicrobium okeanokoites
ASV1704	96.942	327	8	2	121	446	459	784	1.39e-155	549	tax=d:Bacteria,p:Firmicutes,c:Bacilli,o:Bacillales,f:Planococcaceae,g:Planococcus,s:Planococcus citreus
ASV1704	88.651	467	30	12	2	446	321	786	5.00e-155	547	tax=d:Bacteria,p:Firmicutes,c:Bacilli,o:Bacillales,f:Bacillaceae,g:Bacillus,s:Bacillus sinesaloumensis
ASV1704	88.651	467	29	15	2	446	321	785	5.00e-155	547	tax=d:Bacteria,p:Firmicutes,c:Bacilli,o:Bacillales,f:Bacillaceae,g:Bacillus,s:LMTI_s
ASV1704	88.602	465	33	10	2	446	322	786	5.00e-155	547	tax=d:Bacteria,p:Firmicutes,c:Bacilli,o:Bacillales,f:Bacillaceae,g:Bacillus,s:Bacillus koreensis
ASV1704	88.651	467	29	15	2	446	322	786	5.00e-155	547	tax=d:Bacteria,p:Firmicutes,c:Bacilli,o:Bacillales,f:Bacillaceae,g:Bacillus,s:LIGI_s
ASV1704	88.627	466	31	12	2	446	322	786	5.00e-155	547	tax=d:Bacteria,p:Firmicutes,c:Bacilli,o:Bacillales,f:Planococcaceae,g:Psychrobacillus,s:Psychrobacillus lasiicapitis
ASV1704	88.627	466	31	12	2	446	171	635	5.00e-155	547	tax=d:Bacteria,p:Firmicutes,c:Bacilli,o:Bacillales,f:Planococcaceae,g:Psychrobacillus,s:Psychrobacillus soli
ASV1704	88.602	465	33	10	2	446	321	785	5.00e-155	547	tax=d:Bacteria,p:Firmicutes,c:Bacilli,o:Bacillales,f:Bacillaceae,g:Bacillus,s:Bacillus rigiliprofundi
ASV1704	88.627	466	31	12	2	446	322	786	5.00e-155	547	tax=d:Bacteria,p:Firmicutes,c:Bacilli,o:Bacillales,f:Planococcaceae,g:Chryseomicrobium,s:Chryseomicrobium aureum
ASV1704	88.627	466	31	13	2	446	322	786	5.00e-155	547	tax=d:Bacteria,p:Firmicutes,c:Bacilli,o:Bacillales,f:Planococcaceae,g:Lysinibacillus,s:Lysinibacillus chungkukjangi
ASV1704	88.602	465	33	6	2	446	322	786	5.00e-155	547	tax=d:Bacteria,p:Firmicutes,c:Bacilli,o:Bacillales,f:Bacillaceae,g:Anoxybacillus,s:Anoxybacillus pushchinoensis
ASV1704	88.627	466	31	12	2	446	300	764	5.00e-155	547	tax=d:Bacteria,p:Firmicutes,c:Bacilli,o:Bacillales,f:Planococcaceae,g:Chryseomicrobium,s:Chryseomicrobium imtechense
ASV1704	88.627	466	31	12	2	446	320	784	5.00e-155	547	tax=d:Bacteria,p:Firmicutes,c:Bacilli,o:Bacillales,f:Bacillaceae,g:Bacillus,s:Bacillus subterraneus
ASV1704	88.627	466	31	12	2	446	322	786	5.00e-155	547	tax=d:Bacteria,p:Firmicutes,c:Bacilli,o:Bacillales,f:Planococcaceae,g:Chryseomicrobium,s:Chryseomicrobium palamuruense
ASV1704	88.627	466	31	12	2	446	317	781	5.00e-155	547	tax=d:Bacteria,p:Firmicutes,c:Bacilli,o:Bacillales,f:Planococcaceae,g:Chryseomicrobium,s:Chryseomicrobium amylolyticum
ASV1704	88.627	466	31	13	2	446	291	755	5.00e-155	547	tax=d:Bacteria,p:Firmicutes,c:Bacilli,o:Bacillales,f:Planococcaceae,g:Lysinibacillus,s:Lysinibacillus sinduriensis
ASV1704	88.602	465	33	10	2	446	319	783	5.00e-155	547	tax=d:Bacteria,p:Firmicutes,c:Bacilli,o:Bacillales,f:Bacillaceae,g:Bacillus,s:EU466049_s
ASV1704	88.651	467	30	13	2	446	323	788	5.00e-155	547	tax=d:Bacteria,p:Firmicutes,c:Bacilli,o:Bacillales,f:Bacillaceae,g:Geobacillus,s:Geobacillus thermoleovorans
ASV1704	88.627	466	31	13	2	446	320	784	5.00e-155	547	tax=d:Bacteria,p:Firmicutes,c:Bacilli,o:Bacillales,f:Bacillaceae,g:Bacillus,s:Bacillus infantis
ASV1704	88.602	465	33	9	2	446	322	786	5.00e-155	547	tax=d:Bacteria,p:Firmicutes,c:Bacilli,o:Bacillales,f:Bacillaceae,g:Anoxybacillus,s:Anoxybacillus flavithermus
ASV1704	88.602	465	33	7	2	446	322	786	5.00e-155	547	tax=d:Bacteria,p:Firmicutes,c:Bacilli,o:Bacillales,f:Bacillaceae,g:Anoxybacillus,s:Anoxybacillus bogrovensis
ASV1704	88.627	466	31	14	2	446	315	779	5.00e-155	547	tax=d:Bacteria,p:Firmicutes,c:Bacilli,o:Bacillales,f:Planococcaceae,g:Paenisporosarcina,s:Paenisporosarcina macmurdoensis
ASV1704	88.627	466	31	11	2	446	320	784	5.00e-155	547	tax=d:Bacteria,p:Firmicutes,c:Bacilli,o:Bacillales,f:Planococcaceae,g:Sporosarcina,s:Filibacter limicola
ASV1704	88.627	466	31	13	2	446	326	790	5.00e-155	547	tax=d:Bacteria,p:Firmicutes,c:Bacilli,o:Bacillales,f:Planococcaceae,g:Lysinibacillus,s:Lysinibacillus odysseyi
ASV1704	88.602	465	33	10	2	446	322	786	5.00e-155	547	tax=d:Bacteria,p:Firmicutes,c:Bacilli,o:Bacillales,f:Bacillaceae,g:Anoxybacillus,s:Anoxybacillus kamchatkensis
ASV1704	88.602	465	33	11	2	446	308	772	5.00e-155	547	tax=d:Bacteria,p:Firmicutes,c:Bacilli,o:Bacillales,f:Bacillaceae,g:Bacillus,s:Bacillus funiculus
ASV1704	88.602	465	32	12	2	446	298	761	1.80e-154	545	tax=d:Bacteria,p:Firmicutes,c:Bacilli,o:Bacillales,f:Planococcaceae,g:Bhargavaea,s:Bhargavaea ullalensis
ASV1704	88.602	465	32	13	2	446	320	783	1.80e-154	545	tax=d:Bacteria,p:Firmicutes,c:Bacilli,o:Bacillales,f:Planococcaceae,g:Bhargavaea,s:Edaphobacillus lindanitolerans
ASV1704	88.789	446	48	2	2	446	305	749	1.80e-154	545	tax=d:Bacteria,p:Actinobacteria,c:Actinobacteria_c,o:Frankiales,f:Sporichthyaceae,g:Sporichthya,s:AY250865_s
ASV1704	88.602	465	32	12	2	446	320	783	1.80e-154	545	tax=d:Bacteria,p:Firmicutes,c:Bacilli,o:Bacillales,f:Planococcaceae,g:Bhargavaea,s:Bhargavaea cecembensis
ASV1704	88.814	447	46	4	2	446	316	760	1.80e-154	545	tax=d:Bacteria,p:Actinobacteria,c:Actinobacteria_c,o:Micrococcales,f:Micrococcaceae,g:Arthrobacter,s:Arthrobacter nasiphocae
ASV1704	88.602	465	32	12	2	446	317	780	1.80e-154	545	tax=d:Bacteria,p:Firmicutes,c:Bacilli,o:Bacillales,f:Bacillaceae,g:Anoxybacillus,s:Anoxybacillus ayderensis
ASV1704	96.636	327	11	0	120	446	422	748	6.46e-154	544	tax=d:Bacteria,p:Firmicutes,c:Bacilli,o:Bacillales,f:Bacillaceae,g:Anoxybacillus,s:Anoxybacillus tepidamans
ASV1704	88.814	447	45	5	2	446	306	749	6.46e-154	544	tax=d:Bacteria,p:Actinobacteria,c:Nitriliruptoria,o:Egibacterales,f:Egibacteraceae,g:Egibacter,s:AY053479_s
ASV1704	96.636	327	9	2	121	446	457	782	2.32e-153	542	tax=d:Bacteria,p:Firmicutes,c:Bacilli,o:Bacillales,f:Planococcaceae,g:Planococcus,s:Planococcus salinarum
ASV1704	88.412	466	32	13	2	446	322	786	2.32e-153	542	tax=d:Bacteria,p:Firmicutes,c:Bacilli,o:Bacillales,f:Bacillaceae,g:Bacillus,s:Bacillus iocasae
ASV1704	88.437	467	30	11	2	446	324	788	2.32e-153	542	tax=d:Bacteria,p:Firmicutes,c:Bacilli,o:Bacillales,f:Planococcaceae,g:Planococcus,s:Planococcus salinus
ASV1704	88.412	466	32	14	2	446	320	784	2.32e-153	542	tax=d:Bacteria,p:Firmicutes,c:Bacilli,o:Bacillales,f:Bacillaceae,g:Bacillus,s:Bacillus cavernae
ASV1704	88.437	467	30	15	2	446	322	786	2.32e-153	542	tax=d:Bacteria,p:Firmicutes,c:Bacilli,o:Bacillales,f:Bacillaceae,g:Bacillus,s:Bacillus notoginsengisoli
ASV1704	88.387	465	34	10	2	446	320	784	2.32e-153	542	tax=d:Bacteria,p:Firmicutes,c:Bacilli,o:Bacillales,f:Bacillaceae,g:Bacillus,s:Bacillus mesophilum
ASV1704	88.412	466	32	12	2	446	323	787	2.32e-153	542	tax=d:Bacteria,p:Firmicutes,c:Bacilli,o:Bacillales,f:Planococcaceae,g:Psychrobacillus,s:Psychrobacillus psychrodurans
ASV1704	88.437	467	31	12	2	446	307	772	2.32e-153	542	tax=d:Bacteria,p:Firmicutes,c:Bacilli,o:Bacillales,f:Bacillaceae,g:Bacillus,s:Bacillus luteolus
ASV1704	88.387	465	34	10	2	446	320	784	2.32e-153	542	tax=d:Bacteria,p:Firmicutes,c:Bacilli,o:Bacillales,f:Bacillaceae,g:Bacillus,s:Bacillus gottheilii
ASV1704	96.636	327	9	2	121	446	458	783	2.32e-153	542	tax=d:Bacteria,p:Firmicutes,c:Bacilli,o:Bacillales,f:Planococcaceae,g:Planococcus,s:Planomicrobium flavidum
ASV1704	88.437	467	31	13	2	446	285	750	2.32e-153	542	tax=d:Bacteria,p:Firmicutes,c:Bacilli,o:Bacillales,f:Bacillaceae,g:Geobacillus,s:Geobacillus thermodenitrificans
ASV1704	88.387	465	34	10	2	446	322	786	2.32e-153	542	tax=d:Bacteria,p:Firmicutes,c:Bacilli,o:Bacillales,f:Bacillaceae,g:Bacillus,s:Bacillus aryabhattai
ASV1704	88.437	467	31	13	2	446	322	787	2.32e-153	542	tax=d:Bacteria,p:Firmicutes,c:Bacilli,o:Bacillales,f:Bacillaceae,g:Geobacillus,s:Geobacillus thermodenitrificans
ASV1704	88.437	467	30	14	2	446	322	786	2.32e-153	542	tax=d:Bacteria,p:Firmicutes,c:Bacilli,o:Bacillales,f:Bacillaceae,g:Bacillus,s:CCXR_s
ASV1704	88.437	467	31	13	2	446	323	788	2.32e-153	542	tax=d:Bacteria,p:Firmicutes,c:Bacilli,o:Bacillales,f:Bacillaceae,g:Geobacillus,s:Geobacillus kaustophilus
ASV1704	88.412	466	32	13	2	446	320	784	2.32e-153	542	tax=d:Bacteria,p:Firmicutes,c:Bacilli,o:Bacillales,f:Planococcaceae,g:Lysinibacillus,s:Lysinibacillus massiliensis
ASV1704	88.437	467	31	12	2	446	328	793	2.32e-153	542	tax=d:Bacteria,p:Firmicutes,c:Bacilli,o:Bacillales,f:Bacillaceae,g:Bacillus_g28,s:Bacillus taeanensis
ASV1704	88.437	467	31	13	2	446	322	787	2.32e-153	542	tax=d:Bacteria,p:Firmicutes,c:Bacilli,o:Bacillales,f:Bacillaceae,g:Geobacillus,s:Geobacillus jurassicus
ASV1704	88.437	467	31	13	2	446	320	785	2.32e-153	542	tax=d:Bacteria,p:Firmicutes,c:Bacilli,o:Bacillales,f:Bacillaceae,g:Bacillus,s:Bacillus methanolicus
ASV1704	96.636	327	9	2	121	446	455	780	2.32e-153	542	tax=d:Bacteria,p:Firmicutes,c:Bacilli,o:Bacillales,f:Planococcaceae,g:Planococcus,s:Planomicrobium mcmeekinii
ASV1704	96.646	328	7	4	121	446	458	783	2.32e-153	542	tax=d:Bacteria,p:Firmicutes,c:Bacilli,o:Bacillales,f:Planococcaceae,g:Planococcus,s:Planomicrobium alkanoclasticum
ASV1704	88.437	467	31	16	2	446	320	785	2.32e-153	542	tax=d:Bacteria,p:Firmicutes,c:Bacilli,o:Bacillales,f:Bacillaceae,g:Bacillus,s:AB637127_s
ASV1704	88.387	465	33	12	2	446	300	763	8.36e-153	540	tax=d:Bacteria,p:Firmicutes,c:Bacilli,o:Bacillales,f:Planococcaceae,g:Planococcus,s:Planococcus ruber
ASV1704	88.437	467	29	13	2	446	320	783	8.36e-153	540	tax=d:Bacteria,p:Firmicutes,c:Bacilli,o:Bacillales,f:Planococcaceae,g:Bhargavaea,s:Bhargavaea indica
ASV1704	88.387	465	33	14	2	446	323	786	8.36e-153	540	tax=d:Bacteria,p:Firmicutes,c:Bacilli,o:Bacillales,f:Planococcaceae,g:Planococcus,s:CP019640_s
ASV1704	88.591	447	47	4	2	446	310	754	8.36e-153	540	tax=d:Bacteria,p:Actinobacteria,c:Actinobacteria_c,o:Micrococcales,f:Micrococcaceae,g:Arthrobacter,s:ANPE_s
ASV1704	88.565	446	49	2	2	446	305	749	8.36e-153	540	tax=d:Bacteria,p:Actinobacteria,c:Actinobacteria_c,o:Streptomycetales,f:Streptomycetaceae,g:Streptomyces,s:Streptomyces phaeochromogenes
ASV1704	88.565	446	49	2	2	446	285	729	8.36e-153	540	tax=d:Bacteria,p:Actinobacteria,c:Actinobacteria_c,o:Streptomycetales,f:Streptomycetaceae,g:Streptomyces,s:Streptomyces ederensis
ASV1704	88.565	446	49	2	2	446	305	749	8.36e-153	540	tax=d:Bacteria,p:Actinobacteria,c:Actinobacteria_c,o:Streptomycetales,f:Streptomycetaceae,g:Streptomyces,s:Streptomyces phaeofaciens
ASV1704	88.565	446	49	2	2	446	305	749	8.36e-153	540	tax=d:Bacteria,p:Actinobacteria,c:Actinobacteria_c,o:Streptomycetales,f:Streptomycetaceae,g:Streptomyces,s:Streptomyces umbrinus
ASV1704	96.330	327	12	0	120	446	461	787	3.01e-152	538	tax=d:Bacteria,p:Firmicutes,c:Bacilli,o:Bacillales,f:Bacillaceae,g:Geobacillus,s:Geobacillus toebii
ASV1704	96.330	327	12	0	120	446	461	787	3.01e-152	538	tax=d:Bacteria,p:Firmicutes,c:Bacilli,o:Bacillales,f:Bacillaceae,g:Geobacillus,s:Geobacillus caldoxylosilyticus
ASV1704	96.330	327	12	0	120	446	378	704	3.01e-152	538	tax=d:Bacteria,p:Firmicutes,c:Bacilli,o:Bacillales,f:Bacillaceae,g:Geobacillus,s:Geobacillus galactosidasius
ASV1704	88.223	467	31	12	2	446	320	784	1.08e-151	536	tax=d:Bacteria,p:Firmicutes,c:Bacilli,o:Bacillales,f:Planococcaceae,g:Sporosarcina,s:Sporosarcina globispora
ASV1704	88.223	467	32	11	2	446	321	786	1.08e-151	536	tax=d:Bacteria,p:Firmicutes,c:Bacilli,o:Bacillales,f:Bacillaceae,g:Bacillus,s:Bacillus onubensis
ASV1704	88.197	466	34	12	2	446	248	713	1.08e-151	536	tax=d:Bacteria,p:Firmicutes,c:Bacilli,o:Bacillales,f:Bacillaceae,g:Tepidibacillus,s:Tepidibacillus infernus
ASV1704	96.330	327	10	2	121	446	458	783	1.08e-151	536	tax=d:Bacteria,p:Firmicutes,c:Bacilli,o:Bacillales,f:Planococcaceae,g:Planococcus,s:Planococcus dechangensis
ASV1704	88.172	465	35	11	2	446	322	786	1.08e-151	536	tax=d:Bacteria,p:Firmicutes,c:Bacilli,o:Bacillales,f:Bacillaceae,g:Bacillus,s:Bacillus megaterium
ASV1704	88.223	467	32	12	2	446	320	785	1.08e-151	536	tax=d:Bacteria,p:Firmicutes,c:Bacilli,o:Bacillales,f:Bacillaceae,g:Bacillus,s:GQ407176_s
ASV1704	88.197	466	33	14	2	446	321	785	1.08e-151	536	tax=d:Bacteria,p:Firmicutes,c:Bacilli,o:Bacillales,f:Bacillaceae,g:Fictibacillus,s:FOML_s
ASV1704	88.223	467	32	12	2	446	320	785	1.08e-151	536	tax=d:Bacteria,p:Firmicutes,c:Bacilli,o:Bacillales,f:Bacillaceae,g:Anoxybacillus,s:Anoxybacillus caldiproteolyticus
ASV1704	88.197	466	33	12	2	446	272	736	1.08e-151	536	tax=d:Bacteria,p:Firmicutes,c:Bacilli,o:Bacillales,f:Planococcaceae,g:Sporosarcina,s:Sporosarcina thermotolerans
ASV1704	88.223	467	32	12	2	446	310	775	1.08e-151	536	tax=d:Bacteria,p:Firmicutes,c:Bacilli,o:Bacillales,f:Bacillaceae,g:Anoxybacillus,s:Anoxybacillus calidus
ASV1704	88.172	465	35	6	2	446	322	786	1.08e-151	536	tax=d:Bacteria,p:Firmicutes,c:Bacilli,o:Bacillales,f:Bacillaceae,g:Anoxybacillus,s:Anoxybacillus kaynarcensis
ASV1704	88.223	467	31	12	2	446	320	784	1.08e-151	536	tax=d:Bacteria,p:Firmicutes,c:Bacilli,o:Bacillales,f:Planococcaceae,g:Sporosarcina,s:Sporosarcina psychrophila
ASV1704	88.223	467	32	13	2	446	323	788	1.08e-151	536	tax=d:Bacteria,p:Firmicutes,c:Bacilli,o:Bacillales,f:Bacillaceae,g:Geobacillus,s:Geobacillus subterraneus
ASV1704	88.223	467	32	13	2	446	320	785	1.08e-151	536	tax=d:Bacteria,p:Firmicutes,c:Bacilli,o:Bacillales,f:Bacillaceae,g:Bacillus,s:CP007739_s
ASV1704	88.223	467	32	12	2	446	321	786	1.08e-151	536	tax=d:Bacteria,p:Firmicutes,c:Bacilli,o:Bacillales,f:Bacillaceae,g:Bacillus,s:Bacillus timonensis
ASV1704	88.172	465	35	11	2	446	322	786	1.08e-151	536	tax=d:Bacteria,p:Firmicutes,c:Bacilli,o:Bacillales,f:Bacillaceae,g:Bacillus,s:Bacillus flexus
ASV1704	88.197	466	33	13	2	446	320	784	1.08e-151	536	tax=d:Bacteria,p:Firmicutes,c:Bacilli,o:Bacillales,f:Bacillaceae,g:Bacillus,s:Bacillus boroniphilus
ASV1704	88.197	466	34	7	2	446	322	787	1.08e-151	536	tax=d:Bacteria,p:Firmicutes,c:Bacilli,o:Bacillales,f:Bacillaceae,g:Anoxybacillus,s:Anoxybacillus rupiensis
ASV1704	88.172	465	35	10	2	446	319	783	1.08e-151	536	tax=d:Bacteria,p:Firmicutes,c:Bacilli,o:Bacillales,f:Bacillaceae,g:Bacillus,s:Bacillus herbersteinensis
ASV1704	88.223	467	32	13	2	446	323	788	1.08e-151	536	tax=d:Bacteria,p:Firmicutes,c:Bacilli,o:Bacillales,f:Bacillaceae,g:Geobacillus,s:Geobacillus vulcani
ASV1704	88.223	467	32	12	2	446	322	787	1.08e-151	536	tax=d:Bacteria,p:Firmicutes,c:Bacilli,o:Bacillales,f:Bacillaceae,g:Bacillus_g21,s:Bacillus hwajinpoensis
ASV1704	88.223	467	32	13	2	446	318	783	1.08e-151	536	tax=d:Bacteria,p:Firmicutes,c:Bacilli,o:Bacillales,f:Bacillaceae,g:Geobacillus,s:Geobacillus uzenensis
ASV1704	88.197	466	33	12	2	446	320	784	1.08e-151	536	tax=d:Bacteria,p:Firmicutes,c:Bacilli,o:Bacillales,f:Bacillaceae,g:Bacillus,s:Bacillus jeotgali
ASV1704	96.341	328	8	4	121	446	458	783	1.08e-151	536	tax=d:Bacteria,p:Firmicutes,c:Bacilli,o:Bacillales,f:Planococcaceae,g:Planococcus,s:Planomicrobium koreense
ASV1704	88.172	465	35	10	2	446	317	781	1.08e-151	536	tax=d:Bacteria,p:Firmicutes,c:Bacilli,o:Bacillales,f:Bacillaceae,g:Bacillus,s:Bacillus siralis
ASV1704	88.341	446	50	2	2	446	306	750	3.89e-151	534	tax=d:Bacteria,p:Actinobacteria,c:Actinobacteria_c,o:Streptomycetales,f:Streptomycetaceae,g:Streptomyces,s:Streptomyces reticuliscabiei
ASV1704	88.367	447	48	4	2	446	309	753	3.89e-151	534	tax=d:Bacteria,p:Actinobacteria,c:Actinobacteria_c,o:Streptomycetales,f:Streptomycetaceae,g:Streptomyces,s:Streptomyces fradiae
ASV1704	88.341	446	50	2	2	446	307	751	3.89e-151	534	tax=d:Bacteria,p:Actinobacteria,c:Actinobacteria_c,o:Streptomycetales,f:Streptomycetaceae,g:Streptomyces,s:Streptomyces torulosus
ASV1704	88.341	446	50	2	2	446	304	748	3.89e-151	534	tax=d:Bacteria,p:Actinobacteria,c:Actinobacteria_c,o:Streptomycetales,f:Streptomycetaceae,g:Streptomyces,s:Streptomyces camponoticapitis
ASV1704	88.341	446	50	2	2	446	306	750	3.89e-151	534	tax=d:Bacteria,p:Actinobacteria,c:Actinobacteria_c,o:Streptomycetales,f:Streptomycetaceae,g:Streptomyces,s:Streptomyces lacrimifluminis
ASV1704	88.367	447	48	4	2	446	311	755	3.89e-151	534	tax=d:Bacteria,p:Actinobacteria,c:Actinobacteria_c,o:Micrococcales,f:Micrococcaceae,g:Kocuria,s:Kocuria dechangensis
ASV1704	88.367	447	48	4	2	446	312	756	3.89e-151	534	tax=d:Bacteria,p:Actinobacteria,c:Nitriliruptoria,o:Egibacterales,f:Egibacteraceae,g:Egibacter,s:HQ396924_s
ASV1704	88.172	465	34	7	2	446	322	785	3.89e-151	534	tax=d:Bacteria,p:Firmicutes,c:Bacilli,o:Bacillales,f:Bacillaceae,g:Anoxybacillus,s:Anoxybacillus eryuanensis
ASV1704	88.367	447	48	4	2	446	310	754	3.89e-151	534	tax=d:Bacteria,p:Actinobacteria,c:Actinobacteria_c,o:Micrococcales,f:Micrococcaceae,g:Arthrobacter,s:Arthrobacter crystallopoietes
ASV1704	88.172	465	34	7	2	446	322	785	3.89e-151	534	tax=d:Bacteria,p:Firmicutes,c:Bacilli,o:Bacillales,f:Bacillaceae,g:Anoxybacillus,s:Anoxybacillus tengchongensis
ASV1704	88.172	465	34	11	2	446	279	742	3.89e-151	534	tax=d:Bacteria,p:Firmicutes,c:Bacilli,o:Bacillales,f:Bacillaceae,g:Anoxybacillus,s:Anoxybacillus salavatliensis
ASV1704	88.223	467	30	13	2	446	320	783	3.89e-151	534	tax=d:Bacteria,p:Firmicutes,c:Bacilli,o:Bacillales,f:Planococcaceae,g:Bhargavaea,s:Bhargavaea beijingensis
ASV1704	88.341	446	50	2	2	446	303	747	3.89e-151	534	tax=d:Bacteria,p:Actinobacteria,c:Actinobacteria_c,o:Streptomycetales,f:Streptomycetaceae,g:Streptomyces,s:Streptomyces niveus
ASV1704	88.367	447	48	4	2	446	313	757	3.89e-151	534	tax=d:Bacteria,p:Actinobacteria,c:Actinobacteria_c,o:Micrococcales,f:Micrococcaceae,g:Kocuria,s:Kocuria aegyptia
ASV1704	88.341	446	50	2	2	446	306	750	3.89e-151	534	tax=d:Bacteria,p:Actinobacteria,c:Actinobacteria_c,o:Streptomycetales,f:Streptomycetaceae,g:Streptomyces,s:Streptomyces cacaoi
ASV1704	96.330	327	8	4	121	446	457	780	3.89e-151	534	tax=d:Bacteria,p:Firmicutes,c:Bacilli,o:Bacillales,f:Planococcaceae,g:Planococcus,s:Planococcus donghaensis
ASV1704	88.367	447	48	4	2	446	290	734	3.89e-151	534	tax=d:Bacteria,p:Actinobacteria,c:Actinobacteria_c,o:Streptomycetales,f:Streptomycetaceae,g:Streptomyces,s:Streptomyces bangladeshensis
ASV1704	96.330	327	9	3	121	446	456	780	3.89e-151	534	tax=d:Bacteria,p:Firmicutes,c:Bacilli,o:Bacillales,f:Planococcaceae,g:Planococcus,s:Planomicrobium stackebrandtii
ASV1704	96.330	327	8	4	121	446	458	781	3.89e-151	534	tax=d:Bacteria,p:Firmicutes,c:Bacilli,o:Bacillales,f:Planococcaceae,g:Planococcus,s:Planomicrobium chinense
ASV1704	88.341	446	50	2	2	446	307	751	3.89e-151	534	tax=d:Bacteria,p:Actinobacteria,c:Actinobacteria_c,o:Streptomycetales,f:Streptomycetaceae,g:Streptomyces,s:Streptomyces glomeroaurantiacus
ASV1704	88.341	446	50	2	2	446	305	749	3.89e-151	534	tax=d:Bacteria,p:Actinobacteria,c:Actinobacteria_c,o:Streptomycetales,f:Streptomycetaceae,g:Streptomyces,s:Streptomyces cinereoruber
ASV1704	88.367	447	48	4	2	446	287	731	3.89e-151	534	tax=d:Bacteria,p:Actinobacteria,c:Actinobacteria_c,o:Streptomycetales,f:Streptomycetaceae,g:Streptomyces,s:Streptomyces sannanensis
ASV1704	88.367	447	48	4	2	446	301	745	3.89e-151	534	tax=d:Bacteria,p:Actinobacteria,c:Actinobacteria_c,o:Streptomycetales,f:Streptomycetaceae,g:Streptomyces,s:Streptomyces griseosporeus
ASV1704	88.341	446	50	2	2	446	305	749	3.89e-151	534	tax=d:Bacteria,p:Actinobacteria,c:Actinobacteria_c,o:Streptomycetales,f:Streptomycetaceae,g:Streptomyces,s:Streptomyces rishiriensis
ASV1704	88.341	446	50	2	2	446	304	748	3.89e-151	534	tax=d:Bacteria,p:Actinobacteria,c:Actinobacteria_c,o:Streptomycetales,f:Streptomycetaceae,g:Streptomyces,s:Streptomyces aurantiacus
ASV1704	88.341	446	50	2	2	446	305	749	3.89e-151	534	tax=d:Bacteria,p:Actinobacteria,c:Actinobacteria_c,o:Streptomycetales,f:Streptomycetaceae,g:Streptomyces,s:Streptomyces humidus
ASV1704	88.341	446	50	2	2	446	306	750	3.89e-151	534	tax=d:Bacteria,p:Actinobacteria,c:Actinobacteria_c,o:Streptomycetales,f:Streptomycetaceae,g:Streptomyces,s:Streptomyces tauricus
ASV1704	88.341	446	50	2	2	446	306	750	3.89e-151	534	tax=d:Bacteria,p:Actinobacteria,c:Actinobacteria_c,o:Streptomycetales,f:Streptomycetaceae,g:Streptomyces,s:Streptomyces turgidiscabies
ASV1704	96.024	327	13	0	120	446	455	781	1.40e-150	532	tax=d:Bacteria,p:Firmicutes,c:Bacilli,o:Bacillales,f:Bacillaceae,g:Geobacillus,s:Saccharococcus thermophilus
ASV1704	88.428	458	31	8	2	438	320	776	1.40e-150	532	tax=d:Bacteria,p:Firmicutes,c:Bacilli,o:Bacillales,f:Bacillaceae,g:Bacillus,s:Bacillus abyssalis
ASV1704	96.024	327	13	0	120	446	461	787	1.40e-150	532	tax=d:Bacteria,p:Firmicutes,c:Bacilli,o:Bacillales,f:Bacillaceae,g:Geobacillus,s:Geobacillus thermantarcticus
ASV1704	96.024	327	11	2	121	446	462	787	1.40e-150	532	tax=d:Bacteria,p:Firmicutes,c:Bacilli,o:Bacillales,f:Bacillaceae,g:Bacillus,s:EF682896_s
ASV1704	96.024	327	13	0	120	446	461	787	1.40e-150	532	tax=d:Bacteria,p:Firmicutes,c:Bacilli,o:Bacillales,f:Bacillaceae,g:Geobacillus,s:CM002692_s
ASV1704	96.024	327	13	0	120	446	461	787	1.40e-150	532	tax=d:Bacteria,p:Firmicutes,c:Bacilli,o:Bacillales,f:Bacillaceae,g:Geobacillus,s:Geobacillus thermoglucosidasius
ASV1704	88.009	467	32	10	2	446	322	786	5.03e-150	531	tax=d:Bacteria,p:Firmicutes,c:Bacilli,o:Bacillales,f:Planococcaceae,g:Sporosarcina,s:PAC001979_s
ASV1704	88.034	468	31	10	2	446	323	788	5.03e-150	531	tax=d:Bacteria,p:Firmicutes,c:Bacilli,o:Bacillales,f:Bacillaceae,g:Bacillus,s:LFZV_s
ASV1704	87.983	466	34	13	2	446	319	783	5.03e-150	531	tax=d:Bacteria,p:Firmicutes,c:Bacilli,o:Bacillales,f:Planococcaceae,g:Lysinibacillus,s:Lysinibacillus endophyticus
ASV1704	87.983	466	35	6	2	446	322	787	5.03e-150	531	tax=d:Bacteria,p:Firmicutes,c:Bacilli,o:Bacillales,f:Bacillaceae,g:Anoxybacillus,s:Anoxybacillus geothermalis
ASV1704	88.009	467	32	10	2	446	320	784	5.03e-150	531	tax=d:Bacteria,p:Firmicutes,c:Bacilli,o:Bacillales,f:Planococcaceae,g:Sporosarcina,s:Sporosarcina siberiensis
ASV1704	87.983	466	34	13	2	446	322	786	5.03e-150	531	tax=d:Bacteria,p:Firmicutes,c:Bacilli,o:Bacillales,f:Planococcaceae,g:Lysinibacillus,s:Lysinibacillus manganicus
ASV1704	96.024	327	11	2	121	446	431	756	5.03e-150	531	tax=d:Bacteria,p:Firmicutes,c:Bacilli,o:Bacillales,f:Bacillaceae,g:Bacillus,s:JX840387_s
ASV1704	87.983	466	34	12	2	446	405	869	5.03e-150	531	tax=d:Bacteria,p:Firmicutes,c:Bacilli,o:Bacillales,f:Bacillaceae,g:Compostibacillus,s:Compostibacillus humi
ASV1704	87.957	465	36	10	2	446	319	783	5.03e-150	531	tax=d:Bacteria,p:Firmicutes,c:Bacilli,o:Bacillales,f:Bacillaceae,g:Bacillus,s:Bacillus kochii
ASV1704	87.983	466	35	7	2	446	301	766	5.03e-150	531	tax=d:Bacteria,p:Firmicutes,c:Bacilli,o:Bacillales,f:Bacillaceae,g:Bacillus,s:FN667224_s
ASV1704	88.009	467	33	13	2	446	320	785	5.03e-150	531	tax=d:Bacteria,p:Firmicutes,c:Bacilli,o:Bacillales,f:Bacillaceae,g:Bacillus,s:EU776151_s
ASV1704	87.957	465	36	10	2	446	320	784	5.03e-150	531	tax=d:Bacteria,p:Firmicutes,c:Bacilli,o:Bacillales,f:Bacillaceae,g:Bacillus,s:Bacillus nealsonii
ASV1704	87.983	466	34	12	2	446	320	784	5.03e-150	531	tax=d:Bacteria,p:Firmicutes,c:Bacilli,o:Bacillales,f:Bacillaceae,g:Bacillus,s:Bacillus thioparans
ASV1704	87.957	465	36	10	2	446	320	784	5.03e-150	531	tax=d:Bacteria,p:Firmicutes,c:Bacilli,o:Bacillales,f:Bacillaceae,g:Bacillus,s:DQ129449_s
ASV1704	87.983	466	34	10	2	446	322	786	5.03e-150	531	tax=d:Bacteria,p:Firmicutes,c:Bacilli,o:Bacillales,f:Bacillaceae,g:Bacillus,s:DM463634_s
ASV1704	96.024	327	11	2	121	446	460	785	5.03e-150	531	tax=d:Bacteria,p:Firmicutes,c:Bacilli,o:Bacillales,f:Planococcaceae,g:Planococcus,s:Planococcus antarcticus
ASV1704	88.009	467	33	16	2	446	322	787	5.03e-150	531	tax=d:Bacteria,p:Firmicutes,c:Bacilli,o:Bacillales,f:Bacillaceae,g:Bacillus,s:Bacillus smithii
ASV1704	96.024	327	11	2	121	446	458	783	5.03e-150	531	tax=d:Bacteria,p:Firmicutes,c:Bacilli,o:Bacillales,f:Planococcaceae,g:Planococcus,s:CP009129_s
ASV1704	88.009	467	33	11	2	446	283	748	5.03e-150	531	tax=d:Bacteria,p:Firmicutes,c:Bacilli,o:Bacillales,f:Bacillaceae,g:Bacillus,s:Bacillus seohaeanensis
ASV1704	87.983	466	34	11	2	446	319	783	5.03e-150	531	tax=d:Bacteria,p:Firmicutes,c:Bacilli,o:Bacillales,f:Bacillaceae,g:Anaerobacillus,s:Bacillus ligniniphilus
ASV1704	96.024	327	11	2	121	446	459	784	5.03e-150	531	tax=d:Bacteria,p:Firmicutes,c:Bacilli,o:Bacillales,f:Planococcaceae,g:Planococcus,s:Planococcus halocryophilus
ASV1704	88.143	447	49	4	2	446	308	752	5.03e-150	531	tax=d:Bacteria,p:Actinobacteria,c:Actinobacteria_c,o:Streptomycetales,f:Streptomycetaceae,g:Streptomyces,s:Streptomyces rameus
ASV1704	96.024	327	11	2	121	446	458	783	5.03e-150	531	tax=d:Bacteria,p:Firmicutes,c:Bacilli,o:Bacillales,f:Planococcaceae,g:Planococcus,s:Planomicrobium psychrophilum
ASV1704	88.009	467	32	14	2	446	315	779	5.03e-150	531	tax=d:Bacteria,p:Firmicutes,c:Bacilli,o:Bacillales,f:Planococcaceae,g:Psychrobacillus,s:Psychrobacillus psychrotolerans
ASV1704	87.957	465	36	10	2	446	333	797	5.03e-150	531	tax=d:Bacteria,p:Firmicutes,c:Bacilli,o:Bacillales,f:Bacillaceae,g:Bacillus,s:AB533891_s
ASV1704	88.170	448	47	6	2	446	306	750	1.81e-149	529	tax=d:Bacteria,p:Actinobacteria,c:Actinobacteria_c,o:Streptomycetales,f:Streptomycetaceae,g:Streptomyces,s:Streptomyces subrutilus
ASV1704	88.170	448	47	6	2	446	308	752	1.81e-149	529	tax=d:Bacteria,p:Actinobacteria,c:Actinobacteria_c,o:Streptomycetales,f:Streptomycetaceae,g:Streptomyces,s:Streptomyces setonii
ASV1704	88.143	447	49	4	2	446	307	751	1.81e-149	529	tax=d:Bacteria,p:Actinobacteria,c:Actinobacteria_c,o:Streptomycetales,f:Streptomycetaceae,g:Streptomyces,s:Streptomyces pharetrae
ASV1704	88.170	448	47	6	2	446	306	750	1.81e-149	529	tax=d:Bacteria,p:Actinobacteria,c:Actinobacteria_c,o:Streptomycetales,f:Streptomycetaceae,g:Streptomyces,s:Streptomyces amritsarensis
ASV1704	88.143	447	49	4	2	446	318	762	1.81e-149	529	tax=d:Bacteria,p:Actinobacteria,c:Actinobacteria_c,o:Micrococcales,f:Micrococcaceae,g:Kocuria,s:LT835160_s
ASV1704	88.143	447	49	4	2	446	283	727	1.81e-149	529	tax=d:Bacteria,p:Actinobacteria,c:Actinobacteria_c,o:Micrococcales,f:Micrococcaceae,g:Kocuria,s:Kocuria salina
ASV1704	88.170	448	47	6	2	446	282	726	1.81e-149	529	tax=d:Bacteria,p:Actinobacteria,c:Actinobacteria_c,o:Streptomycetales,f:Streptomycetaceae,g:Streptomyces,s:Streptomyces aridus
ASV1704	88.117	446	51	2	2	446	307	751	1.81e-149	529	tax=d:Bacteria,p:Actinobacteria,c:Actinobacteria_c,o:Streptomycetales,f:Streptomycetaceae,g:Streptomyces,s:Streptomyces ossamyceticus
ASV1704	88.117	446	51	2	2	446	307	751	1.81e-149	529	tax=d:Bacteria,p:Actinobacteria,c:Actinobacteria_c,o:Streptomycetales,f:Streptomycetaceae,g:Streptomyces,s:Streptomyces neyagawaensis
ASV1704	88.170	448	47	6	2	446	306	750	1.81e-149	529	tax=d:Bacteria,p:Actinobacteria,c:Actinobacteria_c,o:Streptomycetales,f:Streptomycetaceae,g:Streptomyces,s:Streptomyces luridiscabiei
ASV1704	88.117	446	51	2	2	446	306	750	1.81e-149	529	tax=d:Bacteria,p:Actinobacteria,c:Actinobacteria_c,o:Streptomycetales,f:Streptomycetaceae,g:Streptomyces,s:Streptomyces graminilatus
ASV1704	88.117	446	51	2	2	446	307	751	1.81e-149	529	tax=d:Bacteria,p:Actinobacteria,c:Actinobacteria_c,o:Streptomycetales,f:Streptomycetaceae,g:Streptomyces,s:Streptomyces stelliscabiei
ASV1704	88.117	446	51	2	2	446	307	751	1.81e-149	529	tax=d:Bacteria,p:Actinobacteria,c:Actinobacteria_c,o:Streptomycetales,f:Streptomycetaceae,g:Streptomyces,s:Streptomyces scabiei
ASV1704	88.170	448	47	6	2	446	306	750	1.81e-149	529	tax=d:Bacteria,p:Actinobacteria,c:Actinobacteria_c,o:Streptomycetales,f:Streptomycetaceae,g:Streptomyces,s:Streptomyces yangpuensis
ASV1704	88.117	446	51	2	2	446	307	751	1.81e-149	529	tax=d:Bacteria,p:Actinobacteria,c:Actinobacteria_c,o:Streptomycetales,f:Streptomycetaceae,g:Streptomyces,s:Streptomyces capitiformicae
ASV1704	88.143	447	49	4	2	446	315	759	1.81e-149	529	tax=d:Bacteria,p:Actinobacteria,c:Actinobacteria_c,o:Micrococcales,f:Micrococcaceae,g:Kocuria,s:Kocuria subflava
ASV1704	88.170	448	47	6	2	446	282	726	1.81e-149	529	tax=d:Bacteria,p:Actinobacteria,c:Actinobacteria_c,o:Streptomycetales,f:Streptomycetaceae,g:Streptomyces,s:Streptomyces lunaelactis
ASV1704	88.143	447	49	4	2	446	306	750	1.81e-149	529	tax=d:Bacteria,p:Actinobacteria,c:Actinobacteria_c,o:Streptomycetales,f:Streptomycetaceae,g:Streptomyces,s:Streptomyces maoxianensis
ASV1704	88.117	446	51	2	2	446	307	751	1.81e-149	529	tax=d:Bacteria,p:Actinobacteria,c:Actinobacteria_c,o:Streptomycetales,f:Streptomycetaceae,g:Streptomyces,s:Streptomyces bottropensis
ASV1704	88.170	448	47	6	2	446	306	750	1.81e-149	529	tax=d:Bacteria,p:Actinobacteria,c:Actinobacteria_c,o:Streptomycetales,f:Streptomycetaceae,g:Streptomyces,s:Streptomyces katrae
ASV1704	87.957	465	35	12	2	446	320	783	1.81e-149	529	tax=d:Bacteria,p:Firmicutes,c:Bacilli,o:Bacillales,f:Bacillaceae,g:Bacillus,s:Bacillus thermophilum
ASV1704	88.143	447	49	4	2	446	312	756	1.81e-149	529	tax=d:Bacteria,p:Actinobacteria,c:Actinobacteria_c,o:Micrococcales,f:Micrococcaceae,g:Kocuria,s:Kocuria polaris
ASV1704	88.170	448	47	6	2	446	267	711	1.81e-149	529	tax=d:Bacteria,p:Actinobacteria,c:Actinobacteria_c,o:Streptomycetales,f:Streptomycetaceae,g:Streptomyces,s:Streptomyces pratensis
ASV1704	88.170	448	47	6	2	446	306	750	1.81e-149	529	tax=d:Bacteria,p:Actinobacteria,c:Actinobacteria_c,o:Streptomycetales,f:Streptomycetaceae,g:Streptomyces,s:Streptomyces xanthophaeus
ASV1704	88.170	448	47	6	2	446	306	750	1.81e-149	529	tax=d:Bacteria,p:Actinobacteria,c:Actinobacteria_c,o:Streptomycetales,f:Streptomycetaceae,g:Streptomyces,s:Streptomyces griseolus
ASV1704	88.170	448	47	6	2	446	306	750	1.81e-149	529	tax=d:Bacteria,p:Actinobacteria,c:Actinobacteria_c,o:Streptomycetales,f:Streptomycetaceae,g:Streptomyces,s:Streptomyces lavendulae
ASV1704	88.170	448	47	6	2	446	306	750	1.81e-149	529	tax=d:Bacteria,p:Actinobacteria,c:Actinobacteria_c,o:Streptomycetales,f:Streptomycetaceae,g:Streptomyces,s:Streptomyces cyaneofuscatus
ASV1704	88.143	447	49	4	2	446	309	753	1.81e-149	529	tax=d:Bacteria,p:Actinobacteria,c:Actinobacteria_c,o:Streptomycetales,f:Streptomycetaceae,g:Streptomyces,s:Streptomyces violens
ASV1704	88.143	447	49	4	2	446	307	751	1.81e-149	529	tax=d:Bacteria,p:Actinobacteria,c:Actinobacteria_c,o:Streptomycetales,f:Streptomycetaceae,g:Streptomyces,s:Streptomyces varsoviensis
ASV1704	88.170	448	47	6	2	446	306	750	1.81e-149	529	tax=d:Bacteria,p:Actinobacteria,c:Actinobacteria_c,o:Streptomycetales,f:Streptomycetaceae,g:Streptomyces,s:Streptomyces virginiae
ASV1704	88.170	448	47	6	2	446	306	750	1.81e-149	529	tax=d:Bacteria,p:Actinobacteria,c:Actinobacteria_c,o:Streptomycetales,f:Streptomycetaceae,g:Streptomyces,s:Streptomyces flavotricini
ASV1704	88.143	447	49	4	2	446	280	724	1.81e-149	529	tax=d:Bacteria,p:Actinobacteria,c:Actinobacteria_c,o:Streptomycetales,f:Streptomycetaceae,g:Streptomyces,s:Streptomyces kanasensis
ASV1704	88.170	448	47	6	2	446	306	750	1.81e-149	529	tax=d:Bacteria,p:Actinobacteria,c:Actinobacteria_c,o:Streptomycetales,f:Streptomycetaceae,g:Streptomyces,s:Streptomyces hundungensis
ASV1704	88.170	448	47	6	2	446	306	750	1.81e-149	529	tax=d:Bacteria,p:Actinobacteria,c:Actinobacteria_c,o:Streptomycetales,f:Streptomycetaceae,g:Streptomyces,s:Streptomyces manipurensis
ASV1704	88.143	447	49	4	2	446	318	762	1.81e-149	529	tax=d:Bacteria,p:Actinobacteria,c:Actinobacteria_c,o:Micrococcales,f:Micrococcaceae,g:Kocuria,s:JHEL_s
ASV1704	88.170	448	47	6	2	446	278	722	1.81e-149	529	tax=d:Bacteria,p:Actinobacteria,c:Actinobacteria_c,o:Streptomycetales,f:Streptomycetaceae,g:Streptomyces,s:Streptomyces wellingtoniae
ASV1704	88.170	448	47	6	2	446	306	750	1.81e-149	529	tax=d:Bacteria,p:Actinobacteria,c:Actinobacteria_c,o:Streptomycetales,f:Streptomycetaceae,g:Streptomyces,s:Streptomyces xanthochromogenes
ASV1704	88.170	448	47	6	2	446	305	749	1.81e-149	529	tax=d:Bacteria,p:Actinobacteria,c:Actinobacteria_c,o:Streptomycetales,f:Streptomycetaceae,g:Streptomyces,s:Streptomyces polyantibioticus
ASV1704	88.170	448	47	6	2	446	306	750	1.81e-149	529	tax=d:Bacteria,p:Actinobacteria,c:Actinobacteria_c,o:Streptomycetales,f:Streptomycetaceae,g:Streptomyces,s:Streptomyces colombiensis
ASV1704	88.170	448	47	6	2	446	306	750	1.81e-149	529	tax=d:Bacteria,p:Actinobacteria,c:Actinobacteria_c,o:Streptomycetales,f:Streptomycetaceae,g:Streptomyces,s:Streptomyces anulatus
ASV1704	88.170	448	47	6	2	446	306	750	1.81e-149	529	tax=d:Bacteria,p:Actinobacteria,c:Actinobacteria_c,o:Streptomycetales,f:Streptomycetaceae,g:Streptomyces,s:Streptomyces fulvissimus
ASV1704	88.143	447	49	4	2	446	315	759	1.81e-149	529	tax=d:Bacteria,p:Actinobacteria,c:Actinobacteria_c,o:Micrococcales,f:Micrococcaceae,g:Arthrobacter,s:Arthrobacter luteolus
ASV1704	88.170	448	47	6	2	446	306	750	1.81e-149	529	tax=d:Bacteria,p:Actinobacteria,c:Actinobacteria_c,o:Streptomycetales,f:Streptomycetaceae,g:Streptomyces,s:Streptomyces cirratus
ASV1704	88.143	447	49	4	2	446	306	750	1.81e-149	529	tax=d:Bacteria,p:Actinobacteria,c:Actinobacteria_c,o:Streptomycetales,f:Streptomycetaceae,g:Streptomyces,s:Streptomyces chryseus
ASV1704	88.170	448	47	6	2	446	308	752	1.81e-149	529	tax=d:Bacteria,p:Actinobacteria,c:Actinobacteria_c,o:Streptomycetales,f:Streptomycetaceae,g:Streptomyces,s:Streptomyces badius
ASV1704	88.117	446	51	2	2	446	307	751	1.81e-149	529	tax=d:Bacteria,p:Actinobacteria,c:Actinobacteria_c,o:Streptomycetales,f:Streptomycetaceae,g:Streptomyces,s:Streptomyces europaeiscabiei
ASV1704	87.957	465	35	12	2	446	318	781	1.81e-149	529	tax=d:Bacteria,p:Firmicutes,c:Bacilli,o:Bacillales,f:Bacillaceae,g:Bacillus,s:Bacillus stamsii
ASV1704	88.143	447	49	4	2	446	313	757	1.81e-149	529	tax=d:Bacteria,p:Actinobacteria,c:Actinobacteria_c,o:Micrococcales,f:Micrococcaceae,g:Arthrobacter,s:Arthrobacter koreensis
ASV1704	88.170	448	47	6	2	446	306	750	1.81e-149	529	tax=d:Bacteria,p:Actinobacteria,c:Actinobacteria_c,o:Streptomycetales,f:Streptomycetaceae,g:Streptomyces,s:Streptomyces spororaveus
ASV1704	88.170	448	47	6	2	446	306	750	1.81e-149	529	tax=d:Bacteria,p:Actinobacteria,c:Actinobacteria_c,o:Streptomycetales,f:Streptomycetaceae,g:Streptomyces,s:Streptomyces mauvecolor
ASV1704	88.170	448	47	6	2	446	306	750	1.81e-149	529	tax=d:Bacteria,p:Actinobacteria,c:Actinobacteria_c,o:Streptomycetales,f:Streptomycetaceae,g:Streptomyces,s:Streptomyces nojiriensis
ASV1704	88.117	446	51	2	2	446	308	752	1.81e-149	529	tax=d:Bacteria,p:Actinobacteria,c:Actinobacteria_c,o:Streptomycetales,f:Streptomycetaceae,g:Streptomyces,s:Streptomyces globosus
ASV1704	88.143	447	49	4	2	446	308	752	1.81e-149	529	tax=d:Bacteria,p:Actinobacteria,c:Actinobacteria_c,o:Streptomycetales,f:Streptomycetaceae,g:Streptomyces,s:Streptomyces rimosus
ASV1704	88.143	447	49	4	2	446	305	749	1.81e-149	529	tax=d:Bacteria,p:Actinobacteria,c:Actinobacteria_c,o:Streptomycetales,f:Streptomycetaceae,g:Streptomyces,s:Streptomyces chrestomyceticus
ASV1704	88.143	447	49	4	2	446	306	750	1.81e-149	529	tax=d:Bacteria,p:Actinobacteria,c:Actinobacteria_c,o:Streptomycetales,f:Streptomycetaceae,g:Streptomyces,s:Streptomyces spiroverticillatus
ASV1704	88.117	446	51	2	2	446	304	748	1.81e-149	529	tax=d:Bacteria,p:Actinobacteria,c:Actinobacteria_c,o:Streptomycetales,f:Streptomycetaceae,g:Streptomyces,s:Streptomyces ipomoeae
ASV1704	88.143	447	49	4	2	446	306	750	1.81e-149	529	tax=d:Bacteria,p:Actinobacteria,c:Actinobacteria_c,o:Streptomycetales,f:Streptomycetaceae,g:Streptomyces,s:Streptomyces glaucescens
ASV1704	88.170	448	47	6	2	446	306	750	1.81e-149	529	tax=d:Bacteria,p:Actinobacteria,c:Actinobacteria_c,o:Streptomycetales,f:Streptomycetaceae,g:Streptomyces,s:Streptomyces flavovirens
ASV1704	88.170	448	47	6	2	446	307	751	1.81e-149	529	tax=d:Bacteria,p:Actinobacteria,c:Actinobacteria_c,o:Streptomycetales,f:Streptomycetaceae,g:Streptomyces,s:Streptomyces sindenensis
ASV1704	88.170	448	47	6	2	446	306	750	1.81e-149	529	tax=d:Bacteria,p:Actinobacteria,c:Actinobacteria_c,o:Streptomycetales,f:Streptomycetaceae,g:Streptomyces,s:Streptomyces parvus
ASV1704	88.170	448	47	6	2	446	304	748	1.81e-149	529	tax=d:Bacteria,p:Actinobacteria,c:Actinobacteria_c,o:Streptomycetales,f:Streptomycetaceae,g:Streptomyces,s:Streptomyces nitrosporeus
ASV1704	88.170	448	47	6	2	446	304	748	1.81e-149	529	tax=d:Bacteria,p:Actinobacteria,c:Actinobacteria_c,o:Streptomycetales,f:Streptomycetaceae,g:Streptomyces,s:Streptomyces fulvorobeus
ASV1704	88.170	448	47	6	2	446	305	749	1.81e-149	529	tax=d:Bacteria,p:Actinobacteria,c:Actinobacteria_c,o:Streptomycetales,f:Streptomycetaceae,g:Streptomyces,s:Streptomyces cinnamonensis
ASV1704	88.170	448	47	6	2	446	298	742	1.81e-149	529	tax=d:Bacteria,p:Actinobacteria,c:Actinobacteria_c,o:Streptomycetales,f:Streptomycetaceae,g:Streptomyces,s:Streptomyces sporoverrucosus
ASV1704	88.143	447	49	4	2	446	307	751	1.81e-149	529	tax=d:Bacteria,p:Actinobacteria,c:Actinobacteria_c,o:Streptomycetales,f:Streptomycetaceae,g:Streptomyces,s:Streptomyces gobitricini
ASV1704	88.170	448	47	6	2	446	296	740	1.81e-149	529	tax=d:Bacteria,p:Actinobacteria,c:Actinobacteria_c,o:Streptomycetales,f:Streptomycetaceae,g:Streptomyces,s:Streptomyces crystallinus
ASV1704	88.143	447	49	4	2	446	308	752	1.81e-149	529	tax=d:Bacteria,p:Actinobacteria,c:Actinobacteria_c,o:Streptomycetales,f:Streptomycetaceae,g:Streptomyces,s:Streptomyces coeruleoprunus
ASV1704	88.170	448	47	6	2	446	299	743	1.81e-149	529	tax=d:Bacteria,p:Actinobacteria,c:Actinobacteria_c,o:Streptomycetales,f:Streptomycetaceae,g:Kitasatospora,s:Kitasatospora cinereorecta
ASV1704	88.143	447	49	4	2	446	298	742	1.81e-149	529	tax=d:Bacteria,p:Actinobacteria,c:Actinobacteria_c,o:Streptomycetales,f:Streptomycetaceae,g:Streptomyces,s:Streptomyces olivoverticillatus
ASV1704	88.117	446	51	2	2	446	301	745	1.81e-149	529	tax=d:Bacteria,p:Actinobacteria,c:Actinobacteria_c,o:Streptomycetales,f:Streptomycetaceae,g:Streptomyces,s:Streptomyces hygroscopicus
ASV1704	88.143	447	49	4	2	446	307	751	1.81e-149	529	tax=d:Bacteria,p:Actinobacteria,c:Actinobacteria_c,o:Streptomycetales,f:Streptomycetaceae,g:Streptomyces,s:Streptomyces purpureus
ASV1704	88.170	448	47	6	2	446	305	749	1.81e-149	529	tax=d:Bacteria,p:Actinobacteria,c:Actinobacteria_c,o:Streptomycetales,f:Streptomycetaceae,g:Streptomyces,s:Streptomyces avidinii
ASV1704	88.170	448	47	6	2	446	300	744	1.81e-149	529	tax=d:Bacteria,p:Actinobacteria,c:Actinobacteria_c,o:Streptomycetales,f:Streptomycetaceae,g:Streptomyces,s:Streptomyces vinaceus
ASV1704	88.143	447	49	4	2	446	305	749	1.81e-149	529	tax=d:Bacteria,p:Actinobacteria,c:Actinobacteria_c,o:Streptomycetales,f:Streptomycetaceae,g:Streptomyces,s:Streptomyces helvaticus
ASV1704	88.170	448	47	6	2	446	300	744	1.81e-149	529	tax=d:Bacteria,p:Actinobacteria,c:Actinobacteria_c,o:Streptomycetales,f:Streptomycetaceae,g:Streptomyces,s:Streptomyces polychromogenes
ASV1704	88.170	448	47	6	2	446	305	749	1.81e-149	529	tax=d:Bacteria,p:Actinobacteria,c:Actinobacteria_c,o:Streptomycetales,f:Streptomycetaceae,g:Streptomyces,s:Streptomyces noboritoensis
ASV1704	88.170	448	47	6	2	446	306	750	1.81e-149	529	tax=d:Bacteria,p:Actinobacteria,c:Actinobacteria_c,o:Streptomycetales,f:Streptomycetaceae,g:Streptomyces,s:Streptomyces microflavus
ASV1704	88.170	448	47	6	2	446	298	742	1.81e-149	529	tax=d:Bacteria,p:Actinobacteria,c:Actinobacteria_c,o:Streptomycetales,f:Streptomycetaceae,g:Streptomyces,s:Streptomyces rubiginosohelvolus
ASV1704	88.170	448	47	6	2	446	305	749	1.81e-149	529	tax=d:Bacteria,p:Actinobacteria,c:Actinobacteria_c,o:Streptomycetales,f:Streptomycetaceae,g:Streptomyces,s:Streptomyces melanogenes
ASV1704	88.143	447	49	4	2	446	307	751	1.81e-149	529	tax=d:Bacteria,p:Actinobacteria,c:Actinobacteria_c,o:Streptomycetales,f:Streptomycetaceae,g:Streptomyces,s:Streptomyces lavendofoliae
ASV1704	88.170	448	47	6	2	446	293	737	1.81e-149	529	tax=d:Bacteria,p:Actinobacteria,c:Actinobacteria_c,o:Streptomycetales,f:Streptomycetaceae,g:Streptomyces,s:Streptomyces goshikiensis
ASV1704	88.170	448	47	6	2	446	305	749	1.81e-149	529	tax=d:Bacteria,p:Actinobacteria,c:Actinobacteria_c,o:Streptomycetales,f:Streptomycetaceae,g:Streptomyces,s:Streptomyces globisporus
ASV1704	88.143	447	49	4	2	446	306	750	1.81e-149	529	tax=d:Bacteria,p:Actinobacteria,c:Actinobacteria_c,o:Streptomycetales,f:Streptomycetaceae,g:Streptomyces,s:Streptomyces aurantiogriseus
ASV1704	88.117	446	51	2	2	446	305	749	1.81e-149	529	tax=d:Bacteria,p:Actinobacteria,c:Actinobacteria_c,o:Streptomycetales,f:Streptomycetaceae,g:Streptomyces,s:Streptomyces toxytricini
ASV1704	88.170	448	47	6	2	446	301	745	1.81e-149	529	tax=d:Bacteria,p:Actinobacteria,c:Actinobacteria_c,o:Streptomycetales,f:Streptomycetaceae,g:Streptomyces,s:Streptomyces pluricolorescens
ASV1704	88.170	448	47	6	2	446	304	748	1.81e-149	529	tax=d:Bacteria,p:Actinobacteria,c:Actinobacteria_c,o:Streptomycetales,f:Streptomycetaceae,g:Streptomyces,s:Streptomyces michiganensis
ASV1704	88.170	448	47	6	2	446	305	749	1.81e-149	529	tax=d:Bacteria,p:Actinobacteria,c:Actinobacteria_c,o:Streptomycetales,f:Streptomycetaceae,g:Streptomyces,s:Streptomyces halstedii
ASV1704	88.143	447	49	4	2	446	300	744	1.81e-149	529	tax=d:Bacteria,p:Actinobacteria,c:Actinobacteria_c,o:Streptomycetales,f:Streptomycetaceae,g:Streptomyces,s:Streptomyces cremeus
ASV1704	88.117	446	49	4	2	446	321	763	6.51e-149	527	tax=d:Bacteria,p:Firmicutes,c:Negativicutes,o:Hydrogenispora_o,f:Hydrogenispora_f,g:EU878324_g,s:HQ183802_s
ASV1704	87.742	465	37	11	2	446	318	782	6.51e-149	527	tax=d:Bacteria,p:Firmicutes,c:Bacilli,o:Bacillales,f:Bacillaceae,g:Bacillus,s:Bacillus circulans
ASV1704	95.732	328	11	3	121	446	457	783	2.34e-148	525	tax=d:Bacteria,p:Firmicutes,c:Bacilli,o:Bacillales,f:Planococcaceae,g:Planococcus,s:Planococcus faecalis
ASV1704	87.768	466	35	14	2	446	308	772	2.34e-148	525	tax=d:Bacteria,p:Firmicutes,c:Bacilli,o:Bacillales,f:Bacillaceae,g:Domibacillus,s:Domibacillus mangrovi
ASV1704	87.742	465	37	10	2	446	319	783	2.34e-148	525	tax=d:Bacteria,p:Firmicutes,c:Bacilli,o:Bacillales,f:Bacillaceae,g:Bacillus,s:LN851186_s
ASV1704	87.768	466	36	12	2	446	277	742	2.34e-148	525	tax=d:Bacteria,p:Firmicutes,c:Bacilli,o:Bacillales,f:Bacillaceae,g:Bacillus,s:Bacillus filamentosus
ASV1704	87.794	467	33	14	2	446	324	788	2.34e-148	525	tax=d:Bacteria,p:Firmicutes,c:Bacilli,o:Bacillales,f:Bacillaceae,g:Bacillus,s:Bacillus badius
ASV1704	87.768	466	35	14	2	446	322	786	2.34e-148	525	tax=d:Bacteria,p:Firmicutes,c:Bacilli,o:Bacillales,f:Bacillaceae,g:Domibacillus,s:JQMI_s
ASV1704	87.794	467	34	12	2	446	277	742	2.34e-148	525	tax=d:Bacteria,p:Firmicutes,c:Bacilli,o:Bacillales,f:Bacillaceae,g:Bacillus,s:JN606109_s
ASV1704	87.794	467	33	10	2	446	321	785	2.34e-148	525	tax=d:Bacteria,p:Firmicutes,c:Bacilli,o:Bacillales,f:Planococcaceae,g:Sporosarcina,s:JF750766_s
ASV1704	87.742	465	37	10	2	446	294	758	2.34e-148	525	tax=d:Bacteria,p:Firmicutes,c:Bacilli,o:Bacillales,f:Bacillaceae,g:Bacillus,s:HQ670755_s
ASV1704	87.794	467	34	13	2	446	323	788	2.34e-148	525	tax=d:Bacteria,p:Firmicutes,c:Bacilli,o:Bacillales,f:Bacillaceae,g:Geobacillus,s:Geobacillus subterraneus
ASV1704	87.742	465	37	11	2	446	314	778	2.34e-148	525	tax=d:Bacteria,p:Firmicutes,c:Bacilli,o:Bacillales,f:Bacillaceae,g:Salirhabdus,s:Salirhabdus salicampi
ASV1704	95.719	327	12	2	121	446	458	783	2.34e-148	525	tax=d:Bacteria,p:Firmicutes,c:Bacilli,o:Bacillales,f:Planococcaceae,g:Planococcus,s:Planococcus versutus
ASV1704	95.719	327	12	2	121	446	458	783	2.34e-148	525	tax=d:Bacteria,p:Firmicutes,c:Bacilli,o:Bacillales,f:Planococcaceae,g:Planococcus,s:Planococcus kocurii
ASV1704	87.919	447	50	4	2	446	306	750	2.34e-148	525	tax=d:Bacteria,p:Actinobacteria,c:Actinobacteria_c,o:Streptomycetales,f:Streptomycetaceae,g:Streptomyces,s:Streptomyces blastmyceticus
ASV1704	87.794	467	33	9	2	446	322	786	2.34e-148	525	tax=d:Bacteria,p:Firmicutes,c:Bacilli,o:Bacillales,f:Planococcaceae,g:Psychrobacillus,s:Psychrobacillus insolitus
ASV1704	87.794	467	34	12	2	446	321	786	2.34e-148	525	tax=d:Bacteria,p:Firmicutes,c:Bacilli,o:Bacillales,f:Bacillaceae,g:Bacillus,s:Bacillus humi
ASV1704	87.768	466	35	12	2	446	323	787	2.34e-148	525	tax=d:Bacteria,p:Firmicutes,c:Bacilli,o:Bacillales,f:Bacillaceae,g:Fictibacillus,s:Fictibacillus gelatini
ASV1704	87.768	466	36	12	2	446	315	780	2.34e-148	525	tax=d:Bacteria,p:Firmicutes,c:Bacilli,o:Bacillales,f:Bacillaceae,g:Bacillus,s:Bacillus endophyticus
ASV1704	95.719	327	12	2	121	446	461	786	2.34e-148	525	tax=d:Bacteria,p:Firmicutes,c:Bacilli,o:Bacillales,f:Bacillaceae,g:Bacillus,s:ABCF_s
ASV1704	87.919	447	50	4	2	446	306	750	8.42e-148	523	tax=d:Bacteria,p:Actinobacteria,c:Actinobacteria_c,o:Micrococcales,f:Micrococcaceae,g:Kocuria,s:Kocuria rhizophila
ASV1704	87.919	447	50	4	2	446	312	756	8.42e-148	523	tax=d:Bacteria,p:Actinobacteria,c:Actinobacteria_c,o:Micrococcales,f:Micrococcaceae,g:Kocuria,s:Kocuria rosea
ASV1704	87.946	448	48	6	2	446	306	750	8.42e-148	523	tax=d:Bacteria,p:Actinobacteria,c:Actinobacteria_c,o:Streptomycetales,f:Streptomycetaceae,g:Streptomyces,s:Streptomyces galbus
ASV1704	87.919	447	50	4	2	446	309	753	8.42e-148	523	tax=d:Bacteria,p:Actinobacteria,c:Actinobacteria_c,o:Streptomycetales,f:Streptomycetaceae,g:Streptomyces,s:Streptomyces mashuensis
ASV1704	87.919	447	50	4	2	446	306	750	8.42e-148	523	tax=d:Bacteria,p:Actinobacteria,c:Actinobacteria_c,o:Streptomycetales,f:Streptomycetaceae,g:Streptomyces,s:Streptomyces griseocarneus
ASV1704	87.946	448	48	6	2	446	306	750	8.42e-148	523	tax=d:Bacteria,p:Actinobacteria,c:Actinobacteria_c,o:Streptomycetales,f:Streptomycetaceae,g:Streptomyces,s:Streptomyces bobili
ASV1704	87.919	447	50	4	2	446	309	753	8.42e-148	523	tax=d:Bacteria,p:Actinobacteria,c:Actinobacteria_c,o:Streptomycetales,f:Streptomycetaceae,g:Streptomyces,s:Streptomyces angustmyceticus
ASV1704	87.946	448	48	6	2	446	306	750	8.42e-148	523	tax=d:Bacteria,p:Actinobacteria,c:Actinobacteria_c,o:Streptomycetales,f:Streptomycetaceae,g:Streptomyces,s:Streptomyces phaeoluteigriseus
ASV1704	87.946	448	48	6	2	446	306	750	8.42e-148	523	tax=d:Bacteria,p:Actinobacteria,c:Actinobacteria_c,o:Streptomycetales,f:Streptomycetaceae,g:Streptomyces,s:MJAH_s
ASV1704	87.946	448	48	6	2	446	306	750	8.42e-148	523	tax=d:Bacteria,p:Actinobacteria,c:Actinobacteria_c,o:Streptomycetales,f:Streptomycetaceae,g:Streptomyces,s:Streptomyces cinnabarigriseus
ASV1704	87.919	447	50	4	2	446	308	752	8.42e-148	523	tax=d:Bacteria,p:Actinobacteria,c:Actinobacteria_c,o:Streptomycetales,f:Streptomycetaceae,g:Streptomyces,s:Streptomyces sparsogenes
ASV1704	87.919	447	50	4	2	446	306	750	8.42e-148	523	tax=d:Bacteria,p:Actinobacteria,c:Actinobacteria_c,o:Streptomycetales,f:Streptomycetaceae,g:Streptomyces,s:Streptomyces lushanensis
ASV1704	87.946	448	48	6	2	446	306	750	8.42e-148	523	tax=d:Bacteria,p:Actinobacteria,c:Actinobacteria_c,o:Streptomycetales,f:Streptomycetaceae,g:Streptomyces,s:Streptomyces griseus
ASV1704	87.946	448	48	6	2	446	306	750	8.42e-148	523	tax=d:Bacteria,p:Actinobacteria,c:Actinobacteria_c,o:Streptomycetales,f:Streptomycetaceae,g:Streptomyces,s:Streptomyces griseoruber
ASV1704	87.946	448	48	6	2	446	306	750	8.42e-148	523	tax=d:Bacteria,p:Actinobacteria,c:Actinobacteria_c,o:Streptomycetales,f:Streptomycetaceae,g:Streptomyces,s:Streptomyces alboniger
ASV1704	87.919	447	50	4	2	446	309	753	8.42e-148	523	tax=d:Bacteria,p:Actinobacteria,c:Actinobacteria_c,o:Streptomycetales,f:Streptomycetaceae,g:Streptomyces,s:Streptomyces decoyicus
ASV1704	87.919	447	50	4	2	446	309	753	8.42e-148	523	tax=d:Bacteria,p:Actinobacteria,c:Actinobacteria_c,o:Streptomycetales,f:Streptomycetaceae,g:Streptomyces,s:Streptomyces chattanoogensis
ASV1704	87.946	448	48	6	2	446	306	750	8.42e-148	523	tax=d:Bacteria,p:Actinobacteria,c:Actinobacteria_c,o:Streptomycetales,f:Streptomycetaceae,g:Streptomyces,s:Streptomyces adustus
ASV1704	87.919	447	50	4	2	446	308	752	8.42e-148	523	tax=d:Bacteria,p:Actinobacteria,c:Actinobacteria_c,o:Streptomycetales,f:Streptomycetaceae,g:Streptomyces,s:Streptomyces tritici
ASV1704	87.919	447	50	4	2	446	308	752	8.42e-148	523	tax=d:Bacteria,p:Actinobacteria,c:Actinobacteria_c,o:Streptomycetales,f:Streptomycetaceae,g:Streptomyces,s:Streptomyces gamaensis
ASV1704	87.973	449	46	8	2	446	309	753	8.42e-148	523	tax=d:Bacteria,p:Actinobacteria,c:Actinobacteria_c,o:Streptosporangiales,f:Thermomonosporaceae,g:Actinomadura,s:Actinomadura algeriensis
ASV1704	87.946	448	48	6	2	446	306	750	8.42e-148	523	tax=d:Bacteria,p:Actinobacteria,c:Actinobacteria_c,o:Streptomycetales,f:Streptomycetaceae,g:Streptomyces,s:Streptomyces caeruleatus
ASV1704	87.946	448	48	6	2	446	306	750	8.42e-148	523	tax=d:Bacteria,p:Actinobacteria,c:Actinobacteria_c,o:Streptomycetales,f:Streptomycetaceae,g:Streptomyces,s:Streptomyces bungoensis
ASV1704	87.919	447	50	4	2	446	306	750	8.42e-148	523	tax=d:Bacteria,p:Actinobacteria,c:Actinobacteria_c,o:Streptomycetales,f:Streptomycetaceae,g:Streptomyces,s:Streptomyces griseorubiginosus
ASV1704	87.946	448	48	6	2	446	306	750	8.42e-148	523	tax=d:Bacteria,p:Actinobacteria,c:Actinobacteria_c,o:Streptomycetales,f:Streptomycetaceae,g:Streptomyces,s:Streptomyces canus
ASV1704	87.946	448	48	6	2	446	306	750	8.42e-148	523	tax=d:Bacteria,p:Actinobacteria,c:Actinobacteria_c,o:Streptomycetales,f:Streptomycetaceae,g:Streptomyces,s:Streptomyces longwoodensis
ASV1704	87.946	448	48	6	2	446	306	750	8.42e-148	523	tax=d:Bacteria,p:Actinobacteria,c:Actinobacteria_c,o:Streptomycetales,f:Streptomycetaceae,g:Streptomyces,s:Streptomyces olivochromogenes
ASV1704	87.946	448	48	6	2	446	306	750	8.42e-148	523	tax=d:Bacteria,p:Actinobacteria,c:Actinobacteria_c,o:Streptomycetales,f:Streptomycetaceae,g:Streptomyces,s:Streptomyces corchorusii
ASV1704	87.946	448	48	6	2	446	306	750	8.42e-148	523	tax=d:Bacteria,p:Actinobacteria,c:Actinobacteria_c,o:Streptomycetales,f:Streptomycetaceae,g:Streptomyces,s:Streptomyces yokosukanensis
ASV1704	87.946	448	48	6	2	446	306	750	8.42e-148	523	tax=d:Bacteria,p:Actinobacteria,c:Actinobacteria_c,o:Streptomycetales,f:Streptomycetaceae,g:Streptomyces,s:Streptomyces pseudovenezuelae
ASV1704	87.946	448	48	6	2	446	306	750	8.42e-148	523	tax=d:Bacteria,p:Actinobacteria,c:Actinobacteria_c,o:Streptomycetales,f:Streptomycetaceae,g:Streptomyces,s:Streptomyces cellostaticus
ASV1704	87.946	448	48	6	2	446	306	750	8.42e-148	523	tax=d:Bacteria,p:Actinobacteria,c:Actinobacteria_c,o:Streptomycetales,f:Streptomycetaceae,g:Streptomyces,s:Streptomyces curacoi
ASV1704	87.919	447	50	4	2	446	298	742	8.42e-148	523	tax=d:Bacteria,p:Actinobacteria,c:Actinobacteria_c,o:Micrococcales,f:Micrococcaceae,g:Kocuria,s:Kocuria arsenatis
ASV1704	87.892	446	52	2	2	446	307	751	8.42e-148	523	tax=d:Bacteria,p:Actinobacteria,c:Actinobacteria_c,o:Streptomycetales,f:Streptomycetaceae,g:Streptomyces,s:Streptomyces polymachus
ASV1704	87.892	446	52	2	2	446	306	750	8.42e-148	523	tax=d:Bacteria,p:Actinobacteria,c:Actinobacteria_c,o:Streptomycetales,f:Streptomycetaceae,g:Streptomyces,s:Streptomyces vulcanius
ASV1704	87.919	447	50	4	2	446	316	760	8.42e-148	523	tax=d:Bacteria,p:Actinobacteria,c:Actinobacteria_c,o:Micrococcales,f:Micrococcaceae,g:Rothia,s:Rothia endophytica
ASV1704	87.946	448	48	6	2	446	306	750	8.42e-148	523	tax=d:Bacteria,p:Actinobacteria,c:Actinobacteria_c,o:Streptomycetales,f:Streptomycetaceae,g:Streptomyces,s:Streptomyces seymenliensis
ASV1704	87.892	446	52	2	2	446	312	756	8.42e-148	523	tax=d:Bacteria,p:Actinobacteria,c:Actinobacteria_c,o:Kineosporiales,f:Kineosporiaceae,g:Angustibacter,s:Angustibacter aerolatus
ASV1704	87.919	447	50	4	2	446	294	738	8.42e-148	523	tax=d:Bacteria,p:Actinobacteria,c:Nitriliruptoria,o:Egibacterales,f:Egibacteraceae,g:Egibacter,s:JQ426021_s
ASV1704	87.973	449	46	8	2	446	287	731	8.42e-148	523	tax=d:Bacteria,p:Actinobacteria,c:Actinobacteria_c,o:Streptomycetales,f:Streptomycetaceae,g:Streptomyces,s:Streptomyces yaanensis
ASV1704	87.919	447	50	4	2	446	306	750	8.42e-148	523	tax=d:Bacteria,p:Actinobacteria,c:Actinobacteria_c,o:Streptomycetales,f:Streptomycetaceae,g:Streptomyces,s:JOGB_s
ASV1704	87.919	447	50	4	2	446	307	751	8.42e-148	523	tax=d:Bacteria,p:Actinobacteria,c:Actinobacteria_c,o:Streptomycetales,f:Streptomycetaceae,g:Streptomyces,s:JOFZ_s
ASV1704	87.919	447	50	4	2	446	309	753	8.42e-148	523	tax=d:Bacteria,p:Actinobacteria,c:Actinobacteria_c,o:Streptomycetales,f:Streptomycetaceae,g:Streptomyces,s:Streptomyces catenulae
ASV1704	87.919	447	50	4	2	446	309	753	8.42e-148	523	tax=d:Bacteria,p:Actinobacteria,c:Actinobacteria_c,o:Streptomycetales,f:Streptomycetaceae,g:Streptomyces,s:Streptomyces sclerotialus
ASV1704	87.946	448	48	6	2	446	306	750	8.42e-148	523	tax=d:Bacteria,p:Actinobacteria,c:Actinobacteria_c,o:Streptomycetales,f:Streptomycetaceae,g:Streptomyces,s:Streptomyces resistomycificus
ASV1704	87.946	448	48	6	2	446	306	750	8.42e-148	523	tax=d:Bacteria,p:Actinobacteria,c:Actinobacteria_c,o:Streptomycetales,f:Streptomycetaceae,g:Streptomyces,s:Streptomyces aureocirculatus
ASV1704	87.919	447	50	4	2	446	309	753	8.42e-148	523	tax=d:Bacteria,p:Actinobacteria,c:Actinobacteria_c,o:Streptomycetales,f:Streptomycetaceae,g:Streptomyces,s:Streptomyces monomycini
ASV1704	87.892	446	52	2	2	446	307	751	8.42e-148	523	tax=d:Bacteria,p:Actinobacteria,c:Actinobacteria_c,o:Streptomycetales,f:Streptomycetaceae,g:Streptomyces,s:Streptomyces heilongjiangensis
ASV1704	87.919	447	51	3	2	446	312	757	8.42e-148	523	tax=d:Bacteria,p:Actinobacteria,c:Actinobacteria_c,o:Micrococcales,f:Micrococcaceae,g:Kocuria,s:Kocuria oceani
ASV1704	87.946	448	48	6	2	446	306	750	8.42e-148	523	tax=d:Bacteria,p:Actinobacteria,c:Actinobacteria_c,o:Streptomycetales,f:Streptomycetaceae,g:Streptomyces,s:Streptomyces graminifolii
ASV1704	87.919	447	50	4	2	446	270	714	8.42e-148	523	tax=d:Bacteria,p:Actinobacteria,c:Actinobacteria_c,o:Streptomycetales,f:Streptomycetaceae,g:Streptomyces,s:Streptomyces glebosus
ASV1704	87.946	448	48	6	2	446	304	748	8.42e-148	523	tax=d:Bacteria,p:Actinobacteria,c:Actinobacteria_c,o:Streptomycetales,f:Streptomycetaceae,g:Streptomyces,s:Streptomyces kaempferi
ASV1704	87.946	448	48	6	2	446	307	751	8.42e-148	523	tax=d:Bacteria,p:Actinobacteria,c:Actinobacteria_c,o:Streptosporangiales,f:Thermomonosporaceae,g:Actinomadura,s:Actinomadura meridiana
ASV1704	87.946	448	48	6	2	446	295	739	8.42e-148	523	tax=d:Bacteria,p:Actinobacteria,c:Actinobacteria_c,o:Streptomycetales,f:Streptomycetaceae,g:Streptomyces,s:Streptomyces shaanxiensis
ASV1704	87.919	447	50	4	2	446	302	746	8.42e-148	523	tax=d:Bacteria,p:Actinobacteria,c:Actinobacteria_c,o:Micrococcales,f:Micrococcaceae,g:Rothia,s:Rothia marina
ASV1704	87.946	448	48	6	2	446	294	738	8.42e-148	523	tax=d:Bacteria,p:Actinobacteria,c:Actinobacteria_c,o:Streptomycetales,f:Streptomycetaceae,g:Streptomyces,s:Streptomyces plumbiresistens
ASV1704	87.946	448	48	6	2	446	279	723	8.42e-148	523	tax=d:Bacteria,p:Actinobacteria,c:Actinobacteria_c,o:Streptomycetales,f:Streptomycetaceae,g:Streptomyces,s:Streptomyces neopeptinius
ASV1704	87.919	447	50	4	2	446	276	720	8.42e-148	523	tax=d:Bacteria,p:Actinobacteria,c:Actinobacteria_c,o:Streptomycetales,f:Streptomycetaceae,g:Streptomyces,s:Streptomyces milbemycinicus
ASV1704	87.919	447	50	4	2	446	277	721	8.42e-148	523	tax=d:Bacteria,p:Actinobacteria,c:Actinobacteria_c,o:Streptomycetales,f:Streptomycetaceae,g:Streptomyces,s:Streptomyces ascomycinicus
ASV1704	87.919	447	50	4	2	446	309	753	8.42e-148	523	tax=d:Bacteria,p:Actinobacteria,c:Actinobacteria_c,o:Streptomycetales,f:Streptomycetaceae,g:Streptomyces,s:Streptomyces sudanensis
ASV1704	87.892	446	52	2	2	446	307	751	8.42e-148	523	tax=d:Bacteria,p:Actinobacteria,c:Actinobacteria_c,o:Streptomycetales,f:Streptomycetaceae,g:Streptomyces,s:Streptomyces deccanensis
ASV1704	87.919	447	50	4	2	446	319	763	8.42e-148	523	tax=d:Bacteria,p:Actinobacteria,c:Actinobacteria_c,o:Micrococcales,f:Micrococcaceae,g:Kocuria,s:Kocuria halotolerans
ASV1704	87.919	447	50	4	2	446	283	727	8.42e-148	523	tax=d:Bacteria,p:Actinobacteria,c:Actinobacteria_c,o:Streptomycetales,f:Streptomycetaceae,g:Streptomyces,s:Streptomyces indonesiensis
ASV1704	87.919	447	50	4	2	446	309	753	8.42e-148	523	tax=d:Bacteria,p:Actinobacteria,c:Actinobacteria_c,o:Streptomycetales,f:Streptomycetaceae,g:Streptomyces,s:Streptomyces ramulosus
ASV1704	87.973	449	47	7	2	446	306	751	8.42e-148	523	tax=d:Bacteria,p:Actinobacteria,c:Actinobacteria_c,o:Streptomycetales,f:Streptomycetaceae,g:Streptomyces,s:Streptomyces racemochromogenes
ASV1704	87.919	447	50	4	2	446	306	750	8.42e-148	523	tax=d:Bacteria,p:Actinobacteria,c:Actinobacteria_c,o:Streptomycetales,f:Streptomycetaceae,g:Streptomyces,s:Streptomyces acidiscabies
ASV1704	87.919	447	50	4	2	446	309	753	8.42e-148	523	tax=d:Bacteria,p:Actinobacteria,c:Actinobacteria_c,o:Streptomycetales,f:Streptomycetaceae,g:Streptomyces,s:CP017157_s
ASV1704	87.946	448	48	6	2	446	306	750	8.42e-148	523	tax=d:Bacteria,p:Actinobacteria,c:Actinobacteria_c,o:Streptomycetales,f:Streptomycetaceae,g:Streptomyces,s:Streptomyces lincolnensis
ASV1704	87.946	448	48	6	2	446	306	750	8.42e-148	523	tax=d:Bacteria,p:Actinobacteria,c:Actinobacteria_c,o:Streptomycetales,f:Streptomycetaceae,g:Streptomyces,s:Streptomyces griseochromogenes
ASV1704	87.946	448	49	5	2	446	314	759	8.42e-148	523	tax=d:Bacteria,p:Actinobacteria,c:Actinobacteria_c,o:Micrococcales,f:Micrococcaceae,g:Kocuria,s:Kocuria flava
ASV1704	87.919	447	50	4	2	446	308	752	8.42e-148	523	tax=d:Bacteria,p:Actinobacteria,c:Actinobacteria_c,o:Streptomycetales,f:Streptomycetaceae,g:Streptomyces,s:Streptomyces bingchenggensis
ASV1704	87.946	448	48	6	2	446	306	750	8.42e-148	523	tax=d:Bacteria,p:Actinobacteria,c:Actinobacteria_c,o:Streptomycetales,f:Streptomycetaceae,g:Streptomyces,s:Streptomyces avermitilis
ASV1704	87.919	447	50	4	2	446	306	750	8.42e-148	523	tax=d:Bacteria,p:Actinobacteria,c:Actinobacteria_c,o:Streptomycetales,f:Streptomycetaceae,g:Streptomyces,s:Streptomyces eurocidicus
ASV1704	87.919	447	50	4	2	446	309	753	8.42e-148	523	tax=d:Bacteria,p:Actinobacteria,c:Actinobacteria_c,o:Streptomycetales,f:Streptomycetaceae,g:Streptomyces,s:AUKN_s
ASV1704	87.919	447	50	4	2	446	308	752	8.42e-148	523	tax=d:Bacteria,p:Actinobacteria,c:Actinobacteria_c,o:Streptomycetales,f:Streptomycetaceae,g:Streptomyces,s:Streptomyces mobaraensis
ASV1704	87.919	447	50	4	2	446	307	751	8.42e-148	523	tax=d:Bacteria,p:Actinobacteria,c:Actinobacteria_c,o:Streptomycetales,f:Streptomycetaceae,g:Streptomyces,s:Streptomyces rimosus
ASV1704	87.919	447	50	4	2	446	306	750	8.42e-148	523	tax=d:Bacteria,p:Actinobacteria,c:Actinobacteria_c,o:Streptomycetales,f:Streptomycetaceae,g:Streptomyces,s:Streptomyces pulveraceus
ASV1704	87.919	447	50	4	2	446	306	750	8.42e-148	523	tax=d:Bacteria,p:Actinobacteria,c:Actinobacteria_c,o:Streptomycetales,f:Streptomycetaceae,g:Streptomyces,s:Streptomyces thioluteus
ASV1704	87.919	447	50	4	2	446	298	742	8.42e-148	523	tax=d:Bacteria,p:Actinobacteria,c:Actinobacteria_c,o:Streptomycetales,f:Streptomycetaceae,g:Streptomyces,s:Streptomyces libani
ASV1704	87.919	447	50	4	2	446	305	749	8.42e-148	523	tax=d:Bacteria,p:Actinobacteria,c:Actinobacteria_c,o:Streptomycetales,f:Streptomycetaceae,g:Streptomyces,s:Streptomyces tubercidicus
ASV1704	87.919	447	50	4	2	446	276	720	8.42e-148	523	tax=d:Bacteria,p:Actinobacteria,c:Actinobacteria_c,o:Streptomycetales,f:Streptomycetaceae,g:Streptomyces,s:Streptomyces longisporus
ASV1704	87.919	447	50	4	2	446	315	759	8.42e-148	523	tax=d:Bacteria,p:Actinobacteria,c:Actinobacteria_c,o:Micrococcales,f:Micrococcaceae,g:Rothia,s:Rothia nasimurium
ASV1704	87.919	447	50	4	2	446	302	746	8.42e-148	523	tax=d:Bacteria,p:Actinobacteria,c:Actinobacteria_c,o:Streptomycetales,f:Streptomycetaceae,g:Streptomyces,s:Streptomyces somaliensis
ASV1704	87.919	447	50	4	2	446	308	752	8.42e-148	523	tax=d:Bacteria,p:Actinobacteria,c:Actinobacteria_c,o:Streptomycetales,f:Streptomycetaceae,g:Streptomyces,s:Streptomyces thermocoprophilus
ASV1704	87.946	448	48	6	2	446	306	750	8.42e-148	523	tax=d:Bacteria,p:Actinobacteria,c:Actinobacteria_c,o:Streptomycetales,f:Streptomycetaceae,g:Streptomyces,s:Streptomyces cyaneus
ASV1704	87.946	448	48	6	2	446	306	750	8.42e-148	523	tax=d:Bacteria,p:Actinobacteria,c:Actinobacteria_c,o:Streptomycetales,f:Streptomycetaceae,g:Streptomyces,s:Streptomyces cyslabdanicus
ASV1704	87.919	447	50	4	2	446	306	750	8.42e-148	523	tax=d:Bacteria,p:Actinobacteria,c:Actinobacteria_c,o:Streptomycetales,f:Streptomycetaceae,g:Streptomyces,s:Streptomyces chiangmaiensis
ASV1704	87.919	447	50	4	2	446	306	750	8.42e-148	523	tax=d:Bacteria,p:Actinobacteria,c:Actinobacteria_c,o:Streptomycetales,f:Streptomycetaceae,g:Streptomyces,s:Streptomyces coacervatus
ASV1704	87.919	447	50	4	2	446	306	750	8.42e-148	523	tax=d:Bacteria,p:Actinobacteria,c:Actinobacteria_c,o:Streptomycetales,f:Streptomycetaceae,g:Streptomyces,s:Streptomyces albidochromogenes
ASV1704	87.919	447	50	4	2	446	309	753	8.42e-148	523	tax=d:Bacteria,p:Actinobacteria,c:Actinobacteria_c,o:Streptomycetales,f:Streptomycetaceae,g:Streptomyces,s:Streptomyces rhizosphaericus
ASV1704	87.919	447	50	4	2	446	298	742	8.42e-148	523	tax=d:Bacteria,p:Actinobacteria,c:Actinobacteria_c,o:Streptomycetales,f:Streptomycetaceae,g:Streptomyces,s:Streptomyces ardus
ASV1704	87.919	447	50	4	2	446	305	749	8.42e-148	523	tax=d:Bacteria,p:Actinobacteria,c:Actinobacteria_c,o:Streptomycetales,f:Streptomycetaceae,g:Streptomyces,s:Streptomyces cinnamoneus
ASV1704	87.946	448	48	6	2	446	305	749	8.42e-148	523	tax=d:Bacteria,p:Actinobacteria,c:Actinobacteria_c,o:Streptomycetales,f:Streptomycetaceae,g:Streptomyces,s:Streptomyces chartreusis
ASV1704	87.919	447	50	4	2	446	298	742	8.42e-148	523	tax=d:Bacteria,p:Actinobacteria,c:Actinobacteria_c,o:Streptomycetales,f:Streptomycetaceae,g:Streptomyces,s:Streptomyces hiroshimensis
ASV1704	87.919	447	50	4	2	446	305	749	8.42e-148	523	tax=d:Bacteria,p:Actinobacteria,c:Actinobacteria_c,o:Streptomycetales,f:Streptomycetaceae,g:Streptomyces,s:Streptomyces netropsis
ASV1704	87.919	447	50	4	2	446	305	749	8.42e-148	523	tax=d:Bacteria,p:Actinobacteria,c:Actinobacteria_c,o:Streptomycetales,f:Streptomycetaceae,g:Streptomyces,s:Streptomyces stramineus
ASV1704	87.892	446	52	2	2	446	308	752	8.42e-148	523	tax=d:Bacteria,p:Actinobacteria,c:Actinobacteria_c,o:Streptomycetales,f:Streptomycetaceae,g:Streptomyces,s:Streptomyces glaucosporus
ASV1704	87.919	447	50	4	2	446	307	751	8.42e-148	523	tax=d:Bacteria,p:Actinobacteria,c:Actinobacteria_c,o:Streptomycetales,f:Streptomycetaceae,g:Streptomyces,s:Streptomyces caniferus
ASV1704	87.919	447	50	4	2	446	285	729	8.42e-148	523	tax=d:Bacteria,p:Actinobacteria,c:Actinobacteria_c,o:Streptomycetales,f:Streptomycetaceae,g:Streptomyces,s:Streptomyces albosporeus
ASV1704	87.919	447	50	4	2	446	300	744	8.42e-148	523	tax=d:Bacteria,p:Actinobacteria,c:Actinobacteria_c,o:Streptomycetales,f:Streptomycetaceae,g:Streptomyces,s:Streptomyces aculeolatus
ASV1704	87.919	447	50	4	2	446	277	721	8.42e-148	523	tax=d:Bacteria,p:Actinobacteria,c:Actinobacteria_c,o:Streptomycetales,f:Streptomycetaceae,g:Streptomyces,s:Streptomyces ruber
ASV1704	87.919	447	50	4	2	446	306	750	8.42e-148	523	tax=d:Bacteria,p:Actinobacteria,c:Actinobacteria_c,o:Streptomycetales,f:Streptomycetaceae,g:Streptomyces,s:Streptomyces abikoensis
ASV1704	87.919	447	50	4	2	446	307	751	8.42e-148	523	tax=d:Bacteria,p:Actinobacteria,c:Actinobacteria_c,o:Streptomycetales,f:Streptomycetaceae,g:Streptomyces,s:Streptomyces cinerochromogenes
ASV1704	87.919	447	50	4	2	446	308	752	8.42e-148	523	tax=d:Bacteria,p:Actinobacteria,c:Actinobacteria_c,o:Streptomycetales,f:Streptomycetaceae,g:Streptomyces,s:Streptomyces hygroscopicus
ASV1704	87.946	448	48	6	2	446	307	751	8.42e-148	523	tax=d:Bacteria,p:Actinobacteria,c:Actinobacteria_c,o:Streptomycetales,f:Streptomycetaceae,g:Streptomyces,s:Streptomyces bacillaris
ASV1704	87.946	448	48	6	2	446	307	751	8.42e-148	523	tax=d:Bacteria,p:Actinobacteria,c:Actinobacteria_c,o:Streptomycetales,f:Streptomycetaceae,g:Kitasatospora,s:Kitasatospora albolonga
ASV1704	87.919	447	50	4	2	446	294	738	8.42e-148	523	tax=d:Bacteria,p:Actinobacteria,c:Actinobacteria_c,o:Streptomycetales,f:Streptomycetaceae,g:Streptomyces,s:Streptomyces libani
ASV1704	87.946	448	48	6	2	446	305	749	8.42e-148	523	tax=d:Bacteria,p:Actinobacteria,c:Actinobacteria_c,o:Streptomycetales,f:Streptomycetaceae,g:Streptomyces,s:Streptomyces mirabilis
ASV1704	87.946	448	48	6	2	446	305	749	8.42e-148	523	tax=d:Bacteria,p:Actinobacteria,c:Actinobacteria_c,o:Streptomycetales,f:Streptomycetaceae,g:Streptomyces,s:Streptomyces canarius
ASV1704	87.919	447	50	4	2	446	294	738	8.42e-148	523	tax=d:Bacteria,p:Actinobacteria,c:Actinobacteria_c,o:Streptomycetales,f:Streptomycetaceae,g:Streptomyces,s:Streptomyces xantholiticus
ASV1704	87.919	447	50	4	2	446	302	746	8.42e-148	523	tax=d:Bacteria,p:Actinobacteria,c:Actinobacteria_c,o:Streptomycetales,f:Streptomycetaceae,g:Streptomyces,s:Streptomyces kurssanovii
ASV1704	87.946	448	48	6	2	446	305	749	8.42e-148	523	tax=d:Bacteria,p:Actinobacteria,c:Actinobacteria_c,o:Streptomycetales,f:Streptomycetaceae,g:Streptomyces,s:Streptomyces olivaceoviridis
ASV1704	87.919	447	50	4	2	446	310	754	8.42e-148	523	tax=d:Bacteria,p:Actinobacteria,c:Actinobacteria_c,o:Streptomycetales,f:Streptomycetaceae,g:Streptomyces,s:Streptomyces lydicus
ASV1704	87.946	448	48	6	2	446	284	728	8.42e-148	523	tax=d:Bacteria,p:Actinobacteria,c:Actinobacteria_c,o:Streptomycetales,f:Streptomycetaceae,g:Streptomyces,s:Streptomyces lucensis
ASV1704	87.919	447	50	4	2	446	305	749	8.42e-148	523	tax=d:Bacteria,p:Actinobacteria,c:Actinobacteria_c,o:Streptomycetales,f:Streptomycetaceae,g:Streptomyces,s:Streptomyces flavidovirens
ASV1704	87.946	448	48	6	2	446	307	751	8.42e-148	523	tax=d:Bacteria,p:Actinobacteria,c:Actinobacteria_c,o:Streptomycetales,f:Streptomycetaceae,g:Streptomyces,s:Streptomyces cavourensis
ASV1704	87.919	447	50	4	2	446	306	750	8.42e-148	523	tax=d:Bacteria,p:Actinobacteria,c:Actinobacteria_c,o:Streptomycetales,f:Streptomycetaceae,g:Streptomyces,s:Streptomyces roseiscleroticus
ASV1704	87.919	447	50	4	2	446	306	750	8.42e-148	523	tax=d:Bacteria,p:Actinobacteria,c:Actinobacteria_c,o:Streptomycetales,f:Streptomycetaceae,g:Streptomyces,s:Streptomyces nigrescens
ASV1704	87.919	447	50	4	2	446	289	733	8.42e-148	523	tax=d:Bacteria,p:Actinobacteria,c:Actinobacteria_c,o:Streptomycetales,f:Streptomycetaceae,g:Streptomyces,s:Streptomyces lavendulocolor
ASV1704	87.946	448	48	6	2	446	305	749	8.42e-148	523	tax=d:Bacteria,p:Actinobacteria,c:Actinobacteria_c,o:Streptomycetales,f:Streptomycetaceae,g:Streptomyces,s:Streptomyces antibioticus
ASV1704	87.946	448	48	6	2	446	305	749	8.42e-148	523	tax=d:Bacteria,p:Actinobacteria,c:Actinobacteria_c,o:Streptomycetales,f:Streptomycetaceae,g:Streptomyces,s:Streptomyces puniceus
ASV1704	87.919	447	50	4	2	446	290	734	8.42e-148	523	tax=d:Bacteria,p:Actinobacteria,c:Actinobacteria_c,o:Streptomycetales,f:Streptomycetaceae,g:Streptomyces,s:Streptomyces luridus
ASV1704	87.946	448	48	6	2	446	308	752	8.42e-148	523	tax=d:Bacteria,p:Actinobacteria,c:Actinobacteria_c,o:Streptomycetales,f:Streptomycetaceae,g:Streptomyces,s:Streptomyces achromogenes
ASV1704	87.919	447	50	4	2	446	306	750	8.42e-148	523	tax=d:Bacteria,p:Actinobacteria,c:Actinobacteria_c,o:Streptomycetales,f:Streptomycetaceae,g:Streptomyces,s:Streptomyces pseudoechinosporeus
ASV1704	87.919	447	50	4	2	446	287	731	8.42e-148	523	tax=d:Bacteria,p:Actinobacteria,c:Actinobacteria_c,o:Streptomycetales,f:Streptomycetaceae,g:Streptomyces,s:Streptomyces cuspidosporus
ASV1704	87.919	447	50	4	2	446	292	736	8.42e-148	523	tax=d:Bacteria,p:Actinobacteria,c:Actinobacteria_c,o:Streptomycetales,f:Streptomycetaceae,g:Streptomyces,s:Streptomyces cinereus
ASV1704	87.919	447	50	4	2	446	308	752	8.42e-148	523	tax=d:Bacteria,p:Actinobacteria,c:Actinobacteria_c,o:Streptomycetales,f:Streptomycetaceae,g:Streptomyces,s:Streptomyces peucetius
ASV1704	87.919	447	50	4	2	446	309	753	8.42e-148	523	tax=d:Bacteria,p:Actinobacteria,c:Actinobacteria_c,o:Streptomycetales,f:Streptomycetaceae,g:Streptomyces,s:Streptomyces albofaciens
ASV1704	87.946	448	48	6	2	446	306	750	8.42e-148	523	tax=d:Bacteria,p:Actinobacteria,c:Actinobacteria_c,o:Streptomycetales,f:Streptomycetaceae,g:Streptomyces,s:Streptomyces galilaeus
ASV1704	87.946	448	48	6	2	446	306	750	8.42e-148	523	tax=d:Bacteria,p:Actinobacteria,c:Actinobacteria_c,o:Streptomycetales,f:Streptomycetaceae,g:Streptomyces,s:Streptomyces capoamus
ASV1704	87.865	445	52	1	2	446	321	763	3.03e-147	521	tax=d:Bacteria,p:Firmicutes,c:Clostridia,o:Clostridiales,f:Eubacteriaceae,g:Irregularibacter,s:Irregularibacter muris
ASV1704	87.946	448	47	7	2	446	306	749	3.03e-147	521	tax=d:Bacteria,p:Actinobacteria,c:Actinobacteria_c,o:Streptomycetales,f:Streptomycetaceae,g:Streptomyces,s:Streptomyces rhizosphaerihabitans
ASV1704	87.919	447	48	6	2	446	302	744	3.03e-147	521	tax=d:Bacteria,p:Firmicutes,c:Bacilli,o:Bacillales,f:Thermoactinomycetaceae,g:Thermoflavimicrobium,s:HQ183748_s
ASV1704	87.919	447	48	5	2	446	301	743	3.03e-147	521	tax=d:Bacteria,p:Firmicutes,c:Bacilli,o:Bacillales,f:Thermoactinomycetaceae,g:Thermoflavimicrobium,s:FJ671330_s
ASV1704	87.919	447	49	5	2	446	318	761	3.03e-147	521	tax=d:Bacteria,p:Actinobacteria,c:Actinobacteria_c,o:Micrococcales,f:Micrococcaceae,g:Kocuria,s:Kocuria koreensis
ASV1704	95.455	330	10	5	121	446	434	762	3.03e-147	521	tax=d:Bacteria,p:Firmicutes,c:Bacilli,o:Bacillales,f:Bacillaceae,g:Bacillus,s:Bacillus pakistanensis
ASV1704	95.427	328	11	4	121	446	459	784	1.09e-146	520	tax=d:Bacteria,p:Firmicutes,c:Bacilli,o:Bacillales,f:Bacillaceae,g:Domibacillus,s:Domibacillus epiphyticus
ASV1704	95.427	328	11	4	121	446	460	785	1.09e-146	520	tax=d:Bacteria,p:Firmicutes,c:Bacilli,o:Bacillales,f:Bacillaceae,g:Domibacillus,s:Domibacillus antri
ASV1704	87.580	467	35	8	2	446	321	786	1.09e-146	520	tax=d:Bacteria,p:Firmicutes,c:Bacilli,o:Bacillales,f:Bacillaceae,g:Bacillus_g26,s:KV917381_s
ASV1704	95.413	327	13	2	121	446	427	752	1.09e-146	520	tax=d:Bacteria,p:Firmicutes,c:Bacilli,o:Bacillales,f:Planococcaceae,g:Sporosarcina,s:Sporosarcina terrae
ASV1704	87.554	466	36	12	2	446	321	785	1.09e-146	520	tax=d:Bacteria,p:Firmicutes,c:Bacilli,o:Bacillales,f:Bacillaceae,g:Bacillus,s:Bacillus thermotolerans
ASV1704	96.795	312	9	1	136	446	460	771	1.09e-146	520	tax=d:Bacteria,p:Firmicutes,c:Bacilli,o:Bacillales,f:Planococcaceae,g:Lysinibacillus,s:HQ257252_s
ASV1704	95.399	326	15	0	121	446	475	800	1.09e-146	520	tax=d:Bacteria,p:Firmicutes,c:Bacilli,o:Bacillales,f:Bacillaceae,g:Thalassobacillus,s:Thalassobacillus pellis
ASV1704	87.580	467	35	14	2	446	316	781	1.09e-146	520	tax=d:Bacteria,p:Firmicutes,c:Bacilli,o:Bacillales,f:Planococcaceae,g:Lysinibacillus,s:Lysinibacillus acetophenoni
ASV1704	95.413	327	13	2	121	446	474	799	1.09e-146	520	tax=d:Bacteria,p:Firmicutes,c:Bacilli,o:Bacillales,f:Bacillaceae,g:EU369167_g,s:EU369167_s
ASV1704	87.527	465	38	10	2	446	293	757	1.09e-146	520	tax=d:Bacteria,p:Firmicutes,c:Bacilli,o:Bacillales,f:Bacillaceae,g:Falsibacillus,s:Falsibacillus pallidus
ASV1704	95.413	327	13	2	121	446	413	738	1.09e-146	520	tax=d:Bacteria,p:Firmicutes,c:Bacilli,o:Bacillales,f:Planococcaceae,g:Psychrobacillus,s:EF377302_s
ASV1704	87.554	466	36	11	2	446	297	761	1.09e-146	520	tax=d:Bacteria,p:Firmicutes,c:Bacilli,o:Bacillales,f:Bacillaceae,g:Bacillus,s:Bacillus canaveralius
ASV1704	87.554	466	36	11	2	446	320	784	1.09e-146	520	tax=d:Bacteria,p:Firmicutes,c:Bacilli,o:Bacillales,f:Bacillaceae,g:Bacillus,s:Bacillus kribbensis
ASV1704	95.413	327	13	2	121	446	460	785	1.09e-146	520	tax=d:Bacteria,p:Firmicutes,c:Bacilli,o:Bacillales,f:Bacillaceae,g:Bacillus,s:CTDX_s
ASV1704	95.413	327	13	2	121	446	477	802	1.09e-146	520	tax=d:Bacteria,p:Firmicutes,c:Bacilli,o:Bacillales,f:Bacillaceae,g:Virgibacillus,s:Virgibacillus halodenitrificans
ASV1704	87.607	468	33	11	2	446	336	801	1.09e-146	520	tax=d:Bacteria,p:Firmicutes,c:Bacilli,o:Bacillales,f:Bacillaceae,g:Virgibacillus,s:Virgibacillus kekensis
ASV1704	95.413	327	13	2	121	446	477	802	1.09e-146	520	tax=d:Bacteria,p:Firmicutes,c:Bacilli,o:Bacillales,f:Bacillaceae,g:Virgibacillus,s:Virgibacillus sediminis
