ASV1505	97.849	465	10	0	1	465	314	778	0.0	804	tax=d:Bacteria,p:Proteobacteria,c:Gammaproteobacteria,o:Xanthomonadales,f:Xanthomonadaceae,g:Lysobacter,s:Lysobacter panacisoli
ASV1505	97.849	465	10	0	1	465	314	778	0.0	804	tax=d:Bacteria,p:Proteobacteria,c:Gammaproteobacteria,o:Xanthomonadales,f:Xanthomonadaceae,g:Lysobacter,s:Lysobacter soli
ASV1505	97.419	465	12	0	1	465	314	778	0.0	793	tax=d:Bacteria,p:Proteobacteria,c:Gammaproteobacteria,o:Xanthomonadales,f:Xanthomonadaceae,g:Lysobacter,s:LMGS_s
ASV1505	97.419	465	12	0	1	465	314	778	0.0	793	tax=d:Bacteria,p:Proteobacteria,c:Gammaproteobacteria,o:Xanthomonadales,f:Xanthomonadaceae,g:Lysobacter,s:Lysobacter olei
ASV1505	97.419	465	12	0	1	465	314	778	0.0	793	tax=d:Bacteria,p:Proteobacteria,c:Gammaproteobacteria,o:Xanthomonadales,f:Xanthomonadaceae,g:Lysobacter,s:Lysobacter caeni
ASV1505	97.419	465	12	0	1	465	314	778	0.0	793	tax=d:Bacteria,p:Proteobacteria,c:Gammaproteobacteria,o:Xanthomonadales,f:Xanthomonadaceae,g:Lysobacter,s:Lysobacter ruishenii
ASV1505	97.419	465	12	0	1	465	314	778	0.0	793	tax=d:Bacteria,p:Proteobacteria,c:Gammaproteobacteria,o:Xanthomonadales,f:Xanthomonadaceae,g:Lysobacter,s:FOSS_s
ASV1505	97.204	465	13	0	1	465	314	778	0.0	787	tax=d:Bacteria,p:Proteobacteria,c:Gammaproteobacteria,o:Xanthomonadales,f:Xanthomonadaceae,g:Lysobacter,s:LMJN_s
ASV1505	96.996	466	12	2	1	465	311	775	0.0	782	tax=d:Bacteria,p:Proteobacteria,c:Gammaproteobacteria,o:Xanthomonadales,f:Xanthomonadaceae,g:Lysobacter,s:Lysobacter daejeonensis
ASV1505	96.559	465	16	0	1	465	314	778	0.0	771	tax=d:Bacteria,p:Proteobacteria,c:Gammaproteobacteria,o:Xanthomonadales,f:Xanthomonadaceae,g:Lysobacter,s:Lysobacter aestuarii
ASV1505	96.559	465	16	0	1	465	282	746	0.0	771	tax=d:Bacteria,p:Proteobacteria,c:Gammaproteobacteria,o:Xanthomonadales,f:Xanthomonadaceae,g:Lysobacter,s:Lysobacter korlensis
ASV1505	96.559	465	16	0	1	465	288	752	0.0	771	tax=d:Bacteria,p:Proteobacteria,c:Gammaproteobacteria,o:Xanthomonadales,f:Xanthomonadaceae,g:Lysobacter,s:Lysobacter bugurensis
ASV1505	96.574	467	12	4	1	465	314	778	0.0	771	tax=d:Bacteria,p:Proteobacteria,c:Gammaproteobacteria,o:Xanthomonadales,f:Xanthomonadaceae,g:Lysobacter,s:Lysobacter niastensis
ASV1505	96.559	465	16	0	1	465	314	778	0.0	771	tax=d:Bacteria,p:Proteobacteria,c:Gammaproteobacteria,o:Xanthomonadales,f:Xanthomonadaceae,g:Lysobacter,s:Lysobacter gummosus
ASV1505	96.352	466	15	2	1	465	314	778	0.0	765	tax=d:Bacteria,p:Proteobacteria,c:Gammaproteobacteria,o:Xanthomonadales,f:Xanthomonadaceae,g:Lysobacter,s:Lysobacter antibioticus
ASV1505	96.344	465	17	0	1	465	314	778	0.0	765	tax=d:Bacteria,p:Proteobacteria,c:Gammaproteobacteria,o:Xanthomonadales,f:Xanthomonadaceae,g:Lysobacter,s:CP013140_s
ASV1505	96.129	465	18	0	1	465	314	778	0.0	760	tax=d:Bacteria,p:Proteobacteria,c:Gammaproteobacteria,o:Xanthomonadales,f:Xanthomonadaceae,g:Lysobacter,s:Lysobacter firmicutimachus
ASV1505	96.129	465	18	0	1	465	314	778	0.0	760	tax=d:Bacteria,p:Proteobacteria,c:Gammaproteobacteria,o:Xanthomonadales,f:Xanthomonadaceae,g:Thermomonas,s:Thermomonas carbonis
ASV1505	96.129	465	18	0	1	465	314	778	0.0	760	tax=d:Bacteria,p:Proteobacteria,c:Gammaproteobacteria,o:Xanthomonadales,f:Xanthomonadaceae,g:Lysobacter,s:Lysobacter enzymogenes
ASV1505	96.129	465	18	0	1	465	314	778	0.0	760	tax=d:Bacteria,p:Proteobacteria,c:Gammaproteobacteria,o:Xanthomonadales,f:Xanthomonadaceae,g:Lysobacter,s:Lysobacter spongiicola
ASV1505	96.137	466	16	2	1	465	282	746	0.0	760	tax=d:Bacteria,p:Proteobacteria,c:Gammaproteobacteria,o:Xanthomonadales,f:Xanthomonadaceae,g:Lysobacter,s:Lysobacter oryzae
ASV1505	96.129	465	18	0	1	465	314	778	0.0	760	tax=d:Bacteria,p:Proteobacteria,c:Gammaproteobacteria,o:Xanthomonadales,f:Xanthomonadaceae,g:Lysobacter,s:Lysobacter capsici
ASV1505	96.129	465	18	0	1	465	316	780	0.0	760	tax=d:Bacteria,p:Proteobacteria,c:Gammaproteobacteria,o:Xanthomonadales,f:Xanthomonadaceae,g:Lysobacter,s:Lysobacter koreensis
ASV1505	95.699	465	20	0	1	465	316	780	0.0	749	tax=d:Bacteria,p:Proteobacteria,c:Gammaproteobacteria,o:Xanthomonadales,f:Xanthomonadaceae,g:Luteimonas,s:JF922559_s
ASV1505	95.708	466	18	2	1	465	314	778	0.0	749	tax=d:Bacteria,p:Proteobacteria,c:Gammaproteobacteria,o:Xanthomonadales,f:Xanthomonadaceae,g:Lysobacter,s:Lysobacter ginsengisoli
ASV1505	95.699	465	20	0	1	465	313	777	0.0	749	tax=d:Bacteria,p:Proteobacteria,c:Gammaproteobacteria,o:Xanthomonadales,f:Xanthomonadaceae,g:Lysobacter,s:Lysobacter brunescens
ASV1505	95.484	465	21	0	1	465	286	750	0.0	743	tax=d:Bacteria,p:Proteobacteria,c:Gammaproteobacteria,o:Xanthomonadales,f:Xanthomonadaceae,g:Lysobacter,s:Lysobacter maris
ASV1505	95.484	465	21	0	1	465	308	772	0.0	743	tax=d:Bacteria,p:Proteobacteria,c:Gammaproteobacteria,o:Xanthomonadales,f:Xanthomonadaceae,g:Lysobacter,s:Lysobacter rhizophilus
ASV1505	95.494	466	20	1	1	465	288	753	0.0	743	tax=d:Bacteria,p:Proteobacteria,c:Gammaproteobacteria,o:Xanthomonadales,f:Xanthomonadaceae,g:Lysobacter,s:Lysobacter terrae
ASV1505	95.484	465	21	0	1	465	313	777	0.0	743	tax=d:Bacteria,p:Proteobacteria,c:Gammaproteobacteria,o:Xanthomonadales,f:Xanthomonadaceae,g:Lysobacter,s:Lysobacter niabensis
ASV1505	95.494	466	19	2	1	465	314	778	0.0	743	tax=d:Bacteria,p:Proteobacteria,c:Gammaproteobacteria,o:Xanthomonadales,f:Xanthomonadaceae,g:Lysobacter,s:Lysobacter oligotrophicus
ASV1505	95.484	465	21	0	1	465	314	778	0.0	743	tax=d:Bacteria,p:Proteobacteria,c:Gammaproteobacteria,o:Xanthomonadales,f:Xanthomonadaceae,g:Lysobacter,s:Lysobacter daecheongensis
ASV1505	95.289	467	20	2	1	465	296	762	0.0	739	tax=d:Bacteria,p:Proteobacteria,c:Gammaproteobacteria,o:Xanthomonadales,f:Xanthomonadaceae,g:Lysobacter,s:JQ428790_s
ASV1505	95.289	467	18	4	1	465	314	778	0.0	737	tax=d:Bacteria,p:Proteobacteria,c:Gammaproteobacteria,o:Xanthomonadales,f:Xanthomonadaceae,g:Lysobacter,s:Lysobacter solanacearum
ASV1505	95.269	465	22	0	1	465	314	778	0.0	737	tax=d:Bacteria,p:Proteobacteria,c:Gammaproteobacteria,o:Xanthomonadales,f:Xanthomonadaceae,g:Lysobacter,s:Lysobacter lycopersici
ASV1505	95.269	465	22	0	1	465	314	778	0.0	737	tax=d:Bacteria,p:Proteobacteria,c:Gammaproteobacteria,o:Xanthomonadales,f:Xanthomonadaceae,g:Lysobacter,s:Lysobacter dokdonensis
ASV1505	95.279	466	20	2	1	465	314	778	0.0	737	tax=d:Bacteria,p:Proteobacteria,c:Gammaproteobacteria,o:Xanthomonadales,f:Xanthomonadaceae,g:Lysobacter,s:JN217202_s
ASV1505	95.269	465	22	0	1	465	314	778	0.0	737	tax=d:Bacteria,p:Proteobacteria,c:Gammaproteobacteria,o:Xanthomonadales,f:Xanthomonadaceae,g:Thermomonas,s:AY218573_s
ASV1505	95.269	465	22	0	1	465	314	778	0.0	737	tax=d:Bacteria,p:Proteobacteria,c:Gammaproteobacteria,o:Xanthomonadales,f:Xanthomonadaceae,g:Lysobacter,s:Lysobacter concretionis
ASV1505	95.269	465	22	0	1	465	308	772	0.0	737	tax=d:Bacteria,p:Proteobacteria,c:Gammaproteobacteria,o:Xanthomonadales,f:Xanthomonadaceae,g:Lysobacter,s:AB636980_s
ASV1505	95.064	466	21	2	1	465	314	778	0.0	732	tax=d:Bacteria,p:Proteobacteria,c:Gammaproteobacteria,o:Xanthomonadales,f:Xanthomonadaceae,g:PAC001789_g,s:PAC001930_s
ASV1505	95.054	465	23	0	1	465	314	778	0.0	732	tax=d:Bacteria,p:Proteobacteria,c:Gammaproteobacteria,o:Xanthomonadales,f:Xanthomonadaceae,g:Luteimonas,s:Luteimonas abyssi
ASV1505	95.064	466	21	2	1	465	312	776	0.0	732	tax=d:Bacteria,p:Proteobacteria,c:Gammaproteobacteria,o:Xanthomonadales,f:Xanthomonadaceae,g:Luteimonas,s:Luteimonas terrae
ASV1505	95.054	465	23	0	1	465	326	790	0.0	732	tax=d:Bacteria,p:Proteobacteria,c:Gammaproteobacteria,o:Xanthomonadales,f:Xanthomonadaceae,g:Lysobacter,s:JQ978960_s
ASV1505	95.054	465	23	0	1	465	290	754	0.0	732	tax=d:Bacteria,p:Proteobacteria,c:Gammaproteobacteria,o:Xanthomonadales,f:Xanthomonadaceae,g:Lysobacter,s:JQ427192_s
ASV1505	95.075	467	19	4	1	465	314	778	0.0	732	tax=d:Bacteria,p:Proteobacteria,c:Gammaproteobacteria,o:Xanthomonadales,f:Xanthomonadaceae,g:Lysobacter,s:Lysobacter hankyongensis
ASV1505	95.054	465	23	0	1	465	302	766	0.0	732	tax=d:Bacteria,p:Proteobacteria,c:Gammaproteobacteria,o:Xanthomonadales,f:Xanthomonadaceae,g:Lysobacter,s:Lysobacter defluvii
ASV1505	95.064	466	21	2	1	465	314	778	0.0	732	tax=d:Bacteria,p:Proteobacteria,c:Gammaproteobacteria,o:Xanthomonadales,f:Xanthomonadaceae,g:Thermomonas,s:Thermomonas haemolytica
ASV1505	94.872	468	20	4	1	465	316	782	0.0	730	tax=d:Bacteria,p:Proteobacteria,c:Gammaproteobacteria,o:Xanthomonadales,f:Xanthomonadaceae,g:Luteimonas,s:HQ323425_s
ASV1505	94.861	467	22	2	1	465	298	764	0.0	728	tax=d:Bacteria,p:Proteobacteria,c:Gammaproteobacteria,o:Xanthomonadales,f:Xanthomonadaceae,g:Lysobacter,s:Lysobacter tyrosinelyticus
ASV1505	94.861	467	22	2	1	465	299	765	0.0	728	tax=d:Bacteria,p:Proteobacteria,c:Gammaproteobacteria,o:Xanthomonadales,f:Xanthomonadaceae,g:Lysobacter,s:Lysobacter fragariae
ASV1505	94.850	466	22	2	1	465	314	778	0.0	726	tax=d:Bacteria,p:Proteobacteria,c:Gammaproteobacteria,o:Xanthomonadales,f:Xanthomonadaceae,g:PAC001789_g,s:PAC001789_s
ASV1505	94.839	465	24	0	1	465	314	778	0.0	726	tax=d:Bacteria,p:Proteobacteria,c:Gammaproteobacteria,o:Xanthomonadales,f:Xanthomonadaceae,g:Luteimonas,s:NTJI_s
ASV1505	94.839	465	24	0	1	465	308	772	0.0	726	tax=d:Bacteria,p:Proteobacteria,c:Gammaproteobacteria,o:Xanthomonadales,f:Xanthomonadaceae,g:Lysobacter,s:Lysobacter humi
ASV1505	94.850	466	22	2	1	465	308	772	0.0	726	tax=d:Bacteria,p:Proteobacteria,c:Gammaproteobacteria,o:Xanthomonadales,f:Xanthomonadaceae,g:Lysobacter,s:Lysobacter mobilis
ASV1505	94.839	465	24	0	1	465	314	778	0.0	726	tax=d:Bacteria,p:Proteobacteria,c:Gammaproteobacteria,o:Xanthomonadales,f:Xanthomonadaceae,g:EU273938_g,s:EU273938_s
ASV1505	94.839	465	24	0	1	465	314	778	0.0	726	tax=d:Bacteria,p:Proteobacteria,c:Gammaproteobacteria,o:Xanthomonadales,f:Xanthomonadaceae,g:Lysobacter,s:EU244050_s
ASV1505	94.839	465	24	0	1	465	313	777	0.0	726	tax=d:Bacteria,p:Proteobacteria,c:Gammaproteobacteria,o:Xanthomonadales,f:Xanthomonadaceae,g:Luteimonas,s:CP023406_s
ASV1505	94.839	465	24	0	1	465	313	777	0.0	726	tax=d:Bacteria,p:Proteobacteria,c:Gammaproteobacteria,o:Xanthomonadales,f:Xanthomonadaceae,g:Luteimonas,s:Luteimonas vadosa
ASV1505	94.624	465	25	0	1	465	314	778	0.0	721	tax=d:Bacteria,p:Proteobacteria,c:Gammaproteobacteria,o:Xanthomonadales,f:Xanthomonadaceae,g:Luteimonas,s:PAC002330_s
ASV1505	94.647	467	21	4	1	465	312	776	0.0	721	tax=d:Bacteria,p:Proteobacteria,c:Gammaproteobacteria,o:Xanthomonadales,f:Xanthomonadaceae,g:Lysobacter,s:Lysobacter terricola
ASV1505	94.624	465	25	0	1	465	314	778	0.0	721	tax=d:Bacteria,p:Proteobacteria,c:Gammaproteobacteria,o:Xanthomonadales,f:Xanthomonadaceae,g:Lysobacter,s:Lysobacter sediminicola
ASV1505	94.624	465	25	0	1	465	305	769	0.0	721	tax=d:Bacteria,p:Proteobacteria,c:Gammaproteobacteria,o:Xanthomonadales,f:Xanthomonadaceae,g:Lysobacter,s:Lysobacter yangpyeongensis
ASV1505	94.456	469	21	5	1	465	308	775	0.0	717	tax=d:Bacteria,p:Proteobacteria,c:Gammaproteobacteria,o:Xanthomonadales,f:Xanthomonadaceae,g:Lysobacter,s:Lysobacter rhizosphaerae
ASV1505	94.409	465	26	0	1	465	316	780	0.0	715	tax=d:Bacteria,p:Proteobacteria,c:Gammaproteobacteria,o:Xanthomonadales,f:Xanthomonadaceae,g:Stenotrophomonas,s:Stenotrophomonas panacihumi
ASV1505	94.433	467	22	3	1	465	314	778	0.0	715	tax=d:Bacteria,p:Proteobacteria,c:Gammaproteobacteria,o:Xanthomonadales,f:Xanthomonadaceae,g:Vulcaniibacterium,s:Vulcaniibacterium tengchongense
ASV1505	94.409	465	26	0	1	465	308	772	0.0	715	tax=d:Bacteria,p:Proteobacteria,c:Gammaproteobacteria,o:Xanthomonadales,f:Xanthomonadaceae,g:Vulcaniibacterium,s:FR774560_s
ASV1505	94.409	465	26	0	1	465	279	743	0.0	715	tax=d:Bacteria,p:Proteobacteria,c:Gammaproteobacteria,o:Xanthomonadales,f:Xanthomonadaceae,g:Lysobacter,s:Lysobacter xinjiangensis
ASV1505	94.421	466	23	2	1	465	311	774	0.0	713	tax=d:Bacteria,p:Proteobacteria,c:Gammaproteobacteria,o:Xanthomonadales,f:Xanthomonadaceae,g:Lysobacter,s:AY599704_s
ASV1505	94.194	465	27	0	1	465	316	780	0.0	710	tax=d:Bacteria,p:Proteobacteria,c:Gammaproteobacteria,o:Xanthomonadales,f:Xanthomonadaceae,g:Xanthomonas,s:Xanthomonas codiaei
ASV1505	94.194	465	27	0	1	465	314	778	0.0	710	tax=d:Bacteria,p:Proteobacteria,c:Gammaproteobacteria,o:Xanthomonadales,f:Xanthomonadaceae,g:Lysobacter,s:Lysobacter cavernae
ASV1505	94.206	466	25	2	1	465	314	778	0.0	710	tax=d:Bacteria,p:Proteobacteria,c:Gammaproteobacteria,o:Xanthomonadales,f:Xanthomonadaceae,g:Luteimonas,s:Luteimonas huabeiensis
ASV1505	94.206	466	25	2	1	465	314	778	0.0	710	tax=d:Bacteria,p:Proteobacteria,c:Gammaproteobacteria,o:Xanthomonadales,f:Xanthomonadaceae,g:Lysobacter,s:GQ396993_s
ASV1505	94.206	466	25	2	1	465	314	778	0.0	710	tax=d:Bacteria,p:Proteobacteria,c:Gammaproteobacteria,o:Xanthomonadales,f:Xanthomonadaceae,g:Luteimonas,s:Luteimonas tolerans
ASV1505	94.194	465	27	0	1	465	314	778	0.0	710	tax=d:Bacteria,p:Proteobacteria,c:Gammaproteobacteria,o:Xanthomonadales,f:Xanthomonadaceae,g:Arenimonas,s:EU801470_s
ASV1505	94.194	465	27	0	1	465	287	751	0.0	710	tax=d:Bacteria,p:Proteobacteria,c:Gammaproteobacteria,o:Xanthomonadales,f:Xanthomonadaceae,g:Luteimonas,s:Luteimonas aestuarii
ASV1505	94.194	465	27	0	1	465	314	778	0.0	710	tax=d:Bacteria,p:Proteobacteria,c:Gammaproteobacteria,o:Xanthomonadales,f:Xanthomonadaceae,g:Thermomonas,s:Thermomonas brevis
ASV1505	93.978	465	28	0	1	465	316	780	0.0	704	tax=d:Bacteria,p:Proteobacteria,c:Gammaproteobacteria,o:Xanthomonadales,f:Xanthomonadaceae,g:Xanthomonas,s:Xanthomonas bromi
ASV1505	93.978	465	28	0	1	465	316	780	0.0	704	tax=d:Bacteria,p:Proteobacteria,c:Gammaproteobacteria,o:Xanthomonadales,f:Xanthomonadaceae,g:Xanthomonas,s:Xanthomonas theicola
ASV1505	93.978	465	28	0	1	465	316	780	0.0	704	tax=d:Bacteria,p:Proteobacteria,c:Gammaproteobacteria,o:Xanthomonadales,f:Xanthomonadaceae,g:Xanthomonas,s:Xanthomonas hortorum
ASV1505	93.978	465	28	0	1	465	316	780	0.0	704	tax=d:Bacteria,p:Proteobacteria,c:Gammaproteobacteria,o:Xanthomonadales,f:Xanthomonadaceae,g:Xanthomonas,s:Xanthomonas arboricola
ASV1505	93.978	465	28	0	1	465	316	780	0.0	704	tax=d:Bacteria,p:Proteobacteria,c:Gammaproteobacteria,o:Xanthomonadales,f:Xanthomonadaceae,g:Xanthomonas,s:Xanthomonas nasturtii
ASV1505	93.978	465	28	0	1	465	316	780	0.0	704	tax=d:Bacteria,p:Proteobacteria,c:Gammaproteobacteria,o:Xanthomonadales,f:Xanthomonadaceae,g:Xanthomonas,s:Xanthomonas floridensis
ASV1505	93.978	465	28	0	1	465	299	763	0.0	704	tax=d:Bacteria,p:Proteobacteria,c:Gammaproteobacteria,o:Xanthomonadales,f:Xanthomonadaceae,g:Lysobacter,s:Lysobacter erysipheiresistens
ASV1505	93.978	465	28	0	1	465	281	745	0.0	704	tax=d:Bacteria,p:Proteobacteria,c:Gammaproteobacteria,o:Xanthomonadales,f:Xanthomonadaceae,g:Luteimonas,s:Luteimonas arsenica
ASV1505	93.978	465	28	0	1	465	314	778	0.0	704	tax=d:Bacteria,p:Proteobacteria,c:Gammaproteobacteria,o:Xanthomonadales,f:Xanthomonadaceae,g:Luteimonas,s:Luteimonas notoginsengisoli
ASV1505	93.978	465	28	0	1	465	316	780	0.0	704	tax=d:Bacteria,p:Proteobacteria,c:Gammaproteobacteria,o:Xanthomonadales,f:Xanthomonadaceae,g:Xanthomonas,s:Xanthomonas alfalfae
ASV1505	93.978	465	28	0	1	465	316	780	0.0	704	tax=d:Bacteria,p:Proteobacteria,c:Gammaproteobacteria,o:Xanthomonadales,f:Xanthomonadaceae,g:Xanthomonas,s:Xanthomonas fuscans
ASV1505	93.978	465	28	0	1	465	316	780	0.0	704	tax=d:Bacteria,p:Proteobacteria,c:Gammaproteobacteria,o:Xanthomonadales,f:Xanthomonadaceae,g:Xanthomonas,s:Xanthomonas fuscans
ASV1505	93.978	465	28	0	1	465	316	780	0.0	704	tax=d:Bacteria,p:Proteobacteria,c:Gammaproteobacteria,o:Xanthomonadales,f:Xanthomonadaceae,g:Xanthomonas,s:Xanthomonas vasicola
ASV1505	93.978	465	28	0	1	465	299	763	0.0	704	tax=d:Bacteria,p:Proteobacteria,c:Gammaproteobacteria,o:Xanthomonadales,f:Xanthomonadaceae,g:Xanthomonas,s:Xanthomonas dyei
ASV1505	93.978	465	28	0	1	465	316	780	0.0	704	tax=d:Bacteria,p:Proteobacteria,c:Gammaproteobacteria,o:Xanthomonadales,f:Xanthomonadaceae,g:Xanthomonas,s:Xanthomonas alfalfae
ASV1505	93.978	465	28	0	1	465	316	780	0.0	704	tax=d:Bacteria,p:Proteobacteria,c:Gammaproteobacteria,o:Xanthomonadales,f:Xanthomonadaceae,g:Xanthomonas,s:Xanthomonas pisi
ASV1505	93.978	465	28	0	1	465	316	780	0.0	704	tax=d:Bacteria,p:Proteobacteria,c:Gammaproteobacteria,o:Xanthomonadales,f:Xanthomonadaceae,g:Xanthomonas,s:Xanthomonas axonopodis
ASV1505	93.978	465	28	0	1	465	314	778	0.0	704	tax=d:Bacteria,p:Proteobacteria,c:Gammaproteobacteria,o:Xanthomonadales,f:Xanthomonadaceae,g:Luteimonas,s:Luteimonas lutimaris
ASV1505	93.978	465	28	0	1	465	316	780	0.0	704	tax=d:Bacteria,p:Proteobacteria,c:Gammaproteobacteria,o:Xanthomonadales,f:Xanthomonadaceae,g:Xanthomonas,s:Xanthomonas citri
ASV1505	93.978	465	28	0	1	465	316	780	0.0	704	tax=d:Bacteria,p:Proteobacteria,c:Gammaproteobacteria,o:Xanthomonadales,f:Xanthomonadaceae,g:Xanthomonas,s:Xanthomonas perforans
ASV1505	93.978	465	28	0	1	465	316	780	0.0	704	tax=d:Bacteria,p:Proteobacteria,c:Gammaproteobacteria,o:Xanthomonadales,f:Xanthomonadaceae,g:Xanthomonas,s:Xanthomonas euvesicatoria
ASV1505	93.978	465	28	0	1	465	313	777	0.0	704	tax=d:Bacteria,p:Proteobacteria,c:Gammaproteobacteria,o:Xanthomonadales,f:Xanthomonadaceae,g:Luteimonas,s:EU313792_s
ASV1505	93.978	465	28	0	1	465	314	778	0.0	704	tax=d:Bacteria,p:Proteobacteria,c:Gammaproteobacteria,o:Xanthomonadales,f:Xanthomonadaceae,g:Luteimonas,s:EU313791_s
ASV1505	93.991	466	26	2	1	465	308	772	0.0	704	tax=d:Bacteria,p:Proteobacteria,c:Gammaproteobacteria,o:Xanthomonadales,f:Xanthomonadaceae,g:Luteimonas,s:Luteimonas aquatica
ASV1505	93.978	465	28	0	1	465	316	780	0.0	704	tax=d:Bacteria,p:Proteobacteria,c:Gammaproteobacteria,o:Xanthomonadales,f:Xanthomonadaceae,g:Xanthomonas,s:Xanthomonas oryzae
ASV1505	93.978	465	28	0	1	465	316	780	0.0	704	tax=d:Bacteria,p:Proteobacteria,c:Gammaproteobacteria,o:Xanthomonadales,f:Xanthomonadaceae,g:Xanthomonas,s:Xanthomonas cassavae
ASV1505	93.978	465	28	0	1	465	313	777	0.0	704	tax=d:Bacteria,p:Proteobacteria,c:Gammaproteobacteria,o:Xanthomonadales,f:Xanthomonadaceae,g:AJ318204_g,s:AJ318204_s
ASV1505	93.978	465	28	0	1	465	316	780	0.0	704	tax=d:Bacteria,p:Proteobacteria,c:Gammaproteobacteria,o:Xanthomonadales,f:Xanthomonadaceae,g:Xanthomonas,s:Xanthomonas cynarae
ASV1505	93.978	465	28	0	1	465	316	780	0.0	704	tax=d:Bacteria,p:Proteobacteria,c:Gammaproteobacteria,o:Xanthomonadales,f:Xanthomonadaceae,g:Xanthomonas,s:Xanthomonas gardneri
ASV1505	93.978	465	28	0	1	465	316	780	0.0	704	tax=d:Bacteria,p:Proteobacteria,c:Gammaproteobacteria,o:Xanthomonadales,f:Xanthomonadaceae,g:Xanthomonas,s:Xanthomonas vesicatoria
ASV1505	93.978	465	28	0	1	465	316	780	0.0	704	tax=d:Bacteria,p:Proteobacteria,c:Gammaproteobacteria,o:Xanthomonadales,f:Xanthomonadaceae,g:Xanthomonas,s:Xanthomonas campestris
ASV1505	93.978	465	28	0	1	465	314	778	0.0	704	tax=d:Bacteria,p:Proteobacteria,c:Gammaproteobacteria,o:Xanthomonadales,f:Xanthomonadaceae,g:Luteimonas,s:Lysobacter panaciterrae
ASV1505	93.978	465	28	0	1	465	316	780	0.0	704	tax=d:Bacteria,p:Proteobacteria,c:Gammaproteobacteria,o:Xanthomonadales,f:Xanthomonadaceae,g:Xanthomonas,s:Pseudomonas cissicola
ASV1505	93.978	465	27	1	1	465	306	769	0.0	702	tax=d:Bacteria,p:Proteobacteria,c:Gammaproteobacteria,o:Xanthomonadales,f:Xanthomonadaceae,g:Arenimonas,s:AY922114_s
ASV1505	93.763	465	29	0	1	465	316	780	0.0	701	tax=d:Bacteria,p:Proteobacteria,c:Gammaproteobacteria,o:Xanthomonadales,f:Xanthomonadaceae,g:Xanthomonas,s:Xanthomonas populi
ASV1505	93.763	465	29	0	1	465	250	714	0.0	699	tax=d:Bacteria,p:Proteobacteria,c:Gammaproteobacteria,o:Xanthomonadales,f:Xanthomonadaceae,g:Xanthomonas,s:Xanthomonas maliensis
ASV1505	93.790	467	25	4	1	465	308	772	0.0	699	tax=d:Bacteria,p:Proteobacteria,c:Gammaproteobacteria,o:Xanthomonadales,f:Xanthomonadaceae,g:Vulcaniibacterium,s:Vulcaniibacterium thermophilum
ASV1505	93.763	465	29	0	1	465	294	758	0.0	699	tax=d:Bacteria,p:Proteobacteria,c:Gammaproteobacteria,o:Xanthomonadales,f:Xanthomonadaceae,g:Lysobacter,s:FJ889350_s
ASV1505	93.777	466	27	2	1	465	286	750	0.0	699	tax=d:Bacteria,p:Proteobacteria,c:Gammaproteobacteria,o:Xanthomonadales,f:Xanthomonadaceae,g:Lysobacter,s:Lysobacter ximonensis
ASV1505	93.790	467	25	4	1	465	312	776	0.0	699	tax=d:Bacteria,p:Proteobacteria,c:Gammaproteobacteria,o:Xanthomonadales,f:Xanthomonadaceae,g:Arenimonas,s:Arenimonas malthae
ASV1505	93.763	465	29	0	1	465	314	778	0.0	699	tax=d:Bacteria,p:Proteobacteria,c:Gammaproteobacteria,o:Xanthomonadales,f:Xanthomonadaceae,g:Thermomonas,s:Thermomonas koreensis
ASV1505	93.763	465	28	1	1	465	314	777	0.0	699	tax=d:Bacteria,p:Proteobacteria,c:Gammaproteobacteria,o:Xanthomonadales,f:Xanthomonadaceae,g:Luteimonas,s:DQ001634_s
ASV1505	93.763	465	29	0	1	465	316	780	0.0	699	tax=d:Bacteria,p:Proteobacteria,c:Gammaproteobacteria,o:Xanthomonadales,f:Xanthomonadaceae,g:Stenotrophomonas,s:Stenotrophomonas rhizophila
ASV1505	93.763	465	29	0	1	465	316	780	0.0	699	tax=d:Bacteria,p:Proteobacteria,c:Gammaproteobacteria,o:Xanthomonadales,f:Xanthomonadaceae,g:Xanthomonas,s:Xanthomonas citri
ASV1505	93.777	466	27	2	1	465	314	778	0.0	699	tax=d:Bacteria,p:Proteobacteria,c:Gammaproteobacteria,o:Xanthomonadales,f:Xanthomonadaceae,g:Lysobacter,s:Lysobacter arseniciresistens
ASV1505	93.763	465	29	0	1	465	314	778	0.0	699	tax=d:Bacteria,p:Proteobacteria,c:Gammaproteobacteria,o:Xanthomonadales,f:Xanthomonadaceae,g:Luteimonas,s:Luteimonas mephitis
ASV1505	93.548	465	30	0	1	465	316	780	0.0	697	tax=d:Bacteria,p:Proteobacteria,c:Gammaproteobacteria,o:Xanthomonadales,f:Xanthomonadaceae,g:Xanthomonas,s:Xanthomonas cucurbitae
ASV1505	93.763	465	25	4	1	465	296	756	0.0	697	tax=d:Bacteria,p:Proteobacteria,c:Gammaproteobacteria,o:Xanthomonadales,f:Xanthomonadaceae,g:EU273938_g,s:HM438433_s
ASV1505	93.763	465	28	1	1	465	298	761	0.0	697	tax=d:Bacteria,p:Proteobacteria,c:Gammaproteobacteria,o:Xanthomonadales,f:Xanthomonadaceae,g:Xanthomonas,s:Xanthomonas phaseoli
ASV1505	93.548	465	30	0	1	465	314	778	0.0	695	tax=d:Bacteria,p:Proteobacteria,c:Gammaproteobacteria,o:Xanthomonadales,f:Xanthomonadaceae,g:Xanthomonas,s:Xanthomonas sacchari
ASV1505	93.658	473	17	12	3	465	306	775	0.0	695	tax=d:Bacteria,p:Proteobacteria,c:Gammaproteobacteria,o:Xanthomonadales,f:Xanthomonadaceae,g:Lysobacter,s:Lysobacter agri
ASV1505	93.562	466	28	2	1	465	304	768	0.0	693	tax=d:Bacteria,p:Proteobacteria,c:Gammaproteobacteria,o:Xanthomonadales,f:Xanthomonadaceae,g:Lysobacter,s:Lysobacter novalis
ASV1505	93.562	466	28	2	1	465	314	778	0.0	693	tax=d:Bacteria,p:Proteobacteria,c:Gammaproteobacteria,o:Xanthomonadales,f:Xanthomonadaceae,g:Thermomonas,s:JQ766317_s
ASV1505	93.576	467	26	4	1	465	302	766	0.0	693	tax=d:Bacteria,p:Proteobacteria,c:Gammaproteobacteria,o:Xanthomonadales,f:Xanthomonadaceae,g:Luteimonas,s:Luteimonas dalianensis
ASV1505	93.548	465	30	0	1	465	314	778	0.0	693	tax=d:Bacteria,p:Proteobacteria,c:Gammaproteobacteria,o:Xanthomonadales,f:Xanthomonadaceae,g:Luteimonas,s:Luteimonas cucumeris
ASV1505	93.548	465	30	0	1	465	308	772	0.0	693	tax=d:Bacteria,p:Proteobacteria,c:Gammaproteobacteria,o:Xanthomonadales,f:Xanthomonadaceae,g:Arenimonas,s:HQ592548_s
ASV1505	93.548	465	30	0	1	465	314	778	0.0	693	tax=d:Bacteria,p:Proteobacteria,c:Gammaproteobacteria,o:Xanthomonadales,f:Xanthomonadaceae,g:Arenimonas,s:HQ114145_s
ASV1505	93.576	467	26	4	1	465	312	776	0.0	693	tax=d:Bacteria,p:Proteobacteria,c:Gammaproteobacteria,o:Xanthomonadales,f:Xanthomonadaceae,g:Luteimonas,s:CP017074_s
ASV1505	93.333	465	31	0	1	465	314	778	0.0	688	tax=d:Bacteria,p:Proteobacteria,c:Gammaproteobacteria,o:Xanthomonadales,f:Xanthomonadaceae,g:Luteimonas,s:Luteimonas soli
ASV1505	93.376	468	25	4	1	465	307	771	0.0	688	tax=d:Bacteria,p:Proteobacteria,c:Gammaproteobacteria,o:Xanthomonadales,f:Xanthomonadaceae,g:Arenimonas,s:Arenimonas taoyuanensis
ASV1505	93.362	467	27	4	1	465	312	776	0.0	688	tax=d:Bacteria,p:Proteobacteria,c:Gammaproteobacteria,o:Xanthomonadales,f:Xanthomonadaceae,g:JXCB_g,s:JXCB_s
ASV1505	93.348	466	29	2	1	465	292	756	0.0	688	tax=d:Bacteria,p:Proteobacteria,c:Gammaproteobacteria,o:Xanthomonadales,f:Xanthomonadaceae,g:AJ318204_g,s:JN023490_s
ASV1505	93.362	467	27	3	1	465	308	772	0.0	688	tax=d:Bacteria,p:Proteobacteria,c:Gammaproteobacteria,o:Xanthomonadales,f:Xanthomonadaceae,g:Silanimonas,s:Silanimonas mangrovi
ASV1505	93.348	466	29	2	1	465	314	778	0.0	688	tax=d:Bacteria,p:Proteobacteria,c:Gammaproteobacteria,o:Xanthomonadales,f:Xanthomonadaceae,g:Thermomonas,s:Thermomonas hydrothermalis
ASV1505	93.362	467	27	4	1	465	287	751	0.0	688	tax=d:Bacteria,p:Proteobacteria,c:Gammaproteobacteria,o:Xanthomonadales,f:Xanthomonadaceae,g:Luteimonas,s:Luteimonas marina
ASV1505	93.333	465	31	0	1	465	308	772	0.0	688	tax=d:Bacteria,p:Proteobacteria,c:Gammaproteobacteria,o:Xanthomonadales,f:Xanthomonadaceae,g:Arenimonas,s:Arenimonas composti
ASV1505	93.362	467	27	4	1	465	308	772	0.0	688	tax=d:Bacteria,p:Proteobacteria,c:Gammaproteobacteria,o:Xanthomonadales,f:Xanthomonadaceae,g:Arenimonas,s:Arenimonas daejeonensis
ASV1505	93.118	465	32	0	1	465	314	778	0.0	682	tax=d:Bacteria,p:Proteobacteria,c:Gammaproteobacteria,o:Xanthomonadales,f:Xanthomonadaceae,g:Xanthomonas,s:Xanthomonas melonis
ASV1505	93.118	465	32	0	1	465	314	778	0.0	682	tax=d:Bacteria,p:Proteobacteria,c:Gammaproteobacteria,o:Xanthomonadales,f:Xanthomonadaceae,g:Xanthomonas,s:Xanthomonas hyacinthi
ASV1505	92.903	465	33	0	1	465	316	780	0.0	682	tax=d:Bacteria,p:Proteobacteria,c:Gammaproteobacteria,o:Xanthomonadales,f:Xanthomonadaceae,g:Xanthomonas,s:Xanthomonas fragariae
ASV1505	93.118	465	32	0	1	465	314	778	0.0	682	tax=d:Bacteria,p:Proteobacteria,c:Gammaproteobacteria,o:Xanthomonadales,f:Xanthomonadaceae,g:Luteimonas,s:Luteimonas padinae
ASV1505	93.133	466	30	2	1	465	314	778	0.0	682	tax=d:Bacteria,p:Proteobacteria,c:Gammaproteobacteria,o:Xanthomonadales,f:Xanthomonadaceae,g:Stenotrophomonas,s:Stenotrophomonas ginsengisoli
ASV1505	93.133	466	30	2	1	465	316	780	0.0	682	tax=d:Bacteria,p:Proteobacteria,c:Gammaproteobacteria,o:Xanthomonadales,f:Xanthomonadaceae,g:Stenotrophomonas,s:Stenotrophomonas tumulicola
ASV1505	93.118	465	32	0	1	465	314	778	0.0	682	tax=d:Bacteria,p:Proteobacteria,c:Gammaproteobacteria,o:Xanthomonadales,f:Xanthomonadaceae,g:Lysobacter,s:Luteimonas pelagia
ASV1505	93.133	466	31	1	1	465	290	755	0.0	682	tax=d:Bacteria,p:Proteobacteria,c:Gammaproteobacteria,o:Xanthomonadales,f:Xanthomonadaceae,g:Lysobacter,s:JQ427928_s
ASV1505	93.118	465	32	0	1	465	314	778	0.0	682	tax=d:Bacteria,p:Proteobacteria,c:Gammaproteobacteria,o:Xanthomonadales,f:Xanthomonadaceae,g:Luteimonas,s:Luteimonas terricola
ASV1505	93.118	465	32	0	1	465	291	755	0.0	682	tax=d:Bacteria,p:Proteobacteria,c:Gammaproteobacteria,o:Xanthomonadales,f:Xanthomonadaceae,g:GQ441248_g,s:FJ152578_s
ASV1505	93.118	465	32	0	1	465	308	772	0.0	682	tax=d:Bacteria,p:Proteobacteria,c:Gammaproteobacteria,o:Xanthomonadales,f:Xanthomonadaceae,g:AJ318204_g,s:EF515987_s
ASV1505	93.162	468	26	5	1	465	314	778	0.0	682	tax=d:Bacteria,p:Proteobacteria,c:Gammaproteobacteria,o:Xanthomonadales,f:Xanthomonadaceae,g:Arenimonas,s:Arenimonas donghaensis
ASV1505	93.118	465	32	0	1	465	316	780	0.0	682	tax=d:Bacteria,p:Proteobacteria,c:Gammaproteobacteria,o:Xanthomonadales,f:Xanthomonadaceae,g:Stenotrophomonas,s:CP016294_s
ASV1505	93.118	465	32	0	1	465	314	778	0.0	682	tax=d:Bacteria,p:Proteobacteria,c:Gammaproteobacteria,o:Xanthomonadales,f:Xanthomonadaceae,g:Xanthomonas,s:CP010409_s
ASV1505	93.118	465	32	0	1	465	314	778	0.0	682	tax=d:Bacteria,p:Proteobacteria,c:Gammaproteobacteria,o:Xanthomonadales,f:Xanthomonadaceae,g:Xanthomonas,s:Xanthomonas translucens
ASV1505	93.118	465	32	0	1	465	316	780	0.0	682	tax=d:Bacteria,p:Proteobacteria,c:Gammaproteobacteria,o:Xanthomonadales,f:Xanthomonadaceae,g:Stenotrophomonas,s:ALYK_s
ASV1505	93.118	465	32	0	1	465	314	778	0.0	682	tax=d:Bacteria,p:Proteobacteria,c:Gammaproteobacteria,o:Xanthomonadales,f:Xanthomonadaceae,g:Thermomonas,s:AB101447_s
ASV1505	93.118	465	32	0	1	465	304	768	0.0	682	tax=d:Bacteria,p:Proteobacteria,c:Gammaproteobacteria,o:Xanthomonadales,f:Xanthomonadaceae,g:Xylella,s:Pseudomonas boreopolis
ASV1505	92.903	465	33	0	1	465	314	778	0.0	676	tax=d:Bacteria,p:Proteobacteria,c:Gammaproteobacteria,o:Xanthomonadales,f:Xanthomonadaceae,g:Pseudoxanthomonas,s:Pseudoxanthomonas dokdonensis
ASV1505	92.949	468	27	5	1	465	314	778	0.0	676	tax=d:Bacteria,p:Proteobacteria,c:Gammaproteobacteria,o:Xanthomonadales,f:Xanthomonadaceae,g:Arenimonas,s:Arenimonas soli
ASV1505	92.964	469	26	6	1	465	314	779	0.0	676	tax=d:Bacteria,p:Proteobacteria,c:Gammaproteobacteria,o:Xanthomonadales,f:Xanthomonadaceae,g:Arenimonas,s:Arenimonas aestuarii
ASV1505	92.903	465	33	0	1	465	314	778	0.0	676	tax=d:Bacteria,p:Proteobacteria,c:Gammaproteobacteria,o:Xanthomonadales,f:Xanthomonadaceae,g:Arenimonas,s:Arenimonas maotaiensis
ASV1505	92.903	465	33	0	1	465	314	778	0.0	676	tax=d:Bacteria,p:Proteobacteria,c:Gammaproteobacteria,o:Xanthomonadales,f:Xanthomonadaceae,g:Arenimonas,s:JN679192_s
ASV1505	92.903	465	33	0	1	465	314	778	0.0	676	tax=d:Bacteria,p:Proteobacteria,c:Gammaproteobacteria,o:Xanthomonadales,f:Xanthomonadaceae,g:Arenimonas,s:HQ178912_s
ASV1505	92.918	466	31	2	1	465	314	778	0.0	676	tax=d:Bacteria,p:Proteobacteria,c:Gammaproteobacteria,o:Xanthomonadales,f:Xanthomonadaceae,g:Xanthomonas,s:FCOY_s
ASV1505	92.964	469	25	8	1	465	308	772	0.0	676	tax=d:Bacteria,p:Proteobacteria,c:Gammaproteobacteria,o:Xanthomonadales,f:Xanthomonadaceae,g:Silanimonas,s:Silanimonas lenta
ASV1505	92.903	465	33	0	1	465	314	778	0.0	676	tax=d:Bacteria,p:Proteobacteria,c:Gammaproteobacteria,o:Xanthomonadales,f:Xanthomonadaceae,g:Pseudoxanthomonas,s:Pseudoxanthomonas helianthi
ASV1505	92.704	466	32	2	1	465	276	740	0.0	671	tax=d:Bacteria,p:Proteobacteria,c:Gammaproteobacteria,o:Xanthomonadales,f:Xanthomonadaceae,g:Arenimonas,s:Arenimonas daechungensis
ASV1505	92.688	465	34	0	1	465	301	765	0.0	671	tax=d:Bacteria,p:Proteobacteria,c:Gammaproteobacteria,o:Xanthomonadales,f:Xanthomonadaceae,g:Thermomonas,s:JF820843_s
ASV1505	92.688	465	34	0	1	465	314	778	0.0	671	tax=d:Bacteria,p:Proteobacteria,c:Gammaproteobacteria,o:Xanthomonadales,f:Xanthomonadaceae,g:Arenimonas,s:HQ114180_s
ASV1505	92.704	466	32	2	1	465	290	754	0.0	671	tax=d:Bacteria,p:Proteobacteria,c:Gammaproteobacteria,o:Xanthomonadales,f:Xanthomonadaceae,g:GQ441248_g,s:HM438444_s
ASV1505	92.688	465	34	0	1	465	314	778	0.0	671	tax=d:Bacteria,p:Proteobacteria,c:Gammaproteobacteria,o:Xanthomonadales,f:Xanthomonadaceae,g:Pseudoxanthomonas,s:FOAX_s
ASV1505	92.704	466	32	2	1	465	308	772	0.0	671	tax=d:Bacteria,p:Proteobacteria,c:Gammaproteobacteria,o:Xanthomonadales,f:Xanthomonadaceae,g:Aquimonas,s:EU662524_s
ASV1505	92.688	465	34	0	1	465	314	778	0.0	671	tax=d:Bacteria,p:Proteobacteria,c:Gammaproteobacteria,o:Xanthomonadales,f:Xanthomonadaceae,g:Pseudoxanthomonas,s:EF522125_s
ASV1505	92.719	467	30	4	1	465	314	778	0.0	671	tax=d:Bacteria,p:Proteobacteria,c:Gammaproteobacteria,o:Xanthomonadales,f:Xanthomonadaceae,g:Luteimonas,s:Luteimonas composti
ASV1505	92.688	465	34	0	1	465	312	776	0.0	671	tax=d:Bacteria,p:Proteobacteria,c:Gammaproteobacteria,o:Xanthomonadales,f:Xanthomonadaceae,g:Arenimonas,s:Arenimonas oryziterrae
ASV1505	92.688	465	34	0	1	465	315	779	0.0	671	tax=d:Bacteria,p:Proteobacteria,c:Gammaproteobacteria,o:Xanthomonadales,f:Xanthomonadaceae,g:Pseudoxanthomonas,s:Pseudoxanthomonas spadix
ASV1505	92.688	465	34	0	1	465	309	773	0.0	671	tax=d:Bacteria,p:Proteobacteria,c:Gammaproteobacteria,o:Xanthomonadales,f:Xanthomonadaceae,g:Rudaea,s:AB179523_s
ASV1505	92.473	465	35	0	1	465	314	778	0.0	669	tax=d:Bacteria,p:Proteobacteria,c:Gammaproteobacteria,o:Xanthomonadales,f:Xanthomonadaceae,g:Xanthomonas,s:Xanthomonas albilineans
ASV1505	92.489	466	33	2	1	465	316	780	0.0	665	tax=d:Bacteria,p:Proteobacteria,c:Gammaproteobacteria,o:Xanthomonadales,f:Xanthomonadaceae,g:Stenotrophomonas,s:PEJT_s
ASV1505	92.489	466	33	2	1	465	314	778	0.0	665	tax=d:Bacteria,p:Proteobacteria,c:Gammaproteobacteria,o:Xanthomonadales,f:Xanthomonadaceae,g:Arenimonas,s:PAC002078_s
ASV1505	92.489	466	33	2	1	465	314	778	0.0	665	tax=d:Bacteria,p:Proteobacteria,c:Gammaproteobacteria,o:Xanthomonadales,f:Xanthomonadaceae,g:Stenotrophomonas,s:MUYX_s
ASV1505	92.489	466	33	2	1	465	276	740	0.0	665	tax=d:Bacteria,p:Proteobacteria,c:Gammaproteobacteria,o:Xanthomonadales,f:Xanthomonadaceae,g:Stenotrophomonas,s:Stenotrophomonas bentonitica
ASV1505	92.489	466	33	2	1	465	316	780	0.0	665	tax=d:Bacteria,p:Proteobacteria,c:Gammaproteobacteria,o:Xanthomonadales,f:Xanthomonadaceae,g:Stenotrophomonas,s:Stenotrophomonas chelatiphaga
ASV1505	92.489	466	33	2	1	465	314	778	0.0	665	tax=d:Bacteria,p:Proteobacteria,c:Gammaproteobacteria,o:Xanthomonadales,f:Xanthomonadaceae,g:Stenotrophomonas,s:Stenotrophomonas koreensis
ASV1505	92.473	465	35	0	1	465	314	778	0.0	665	tax=d:Bacteria,p:Proteobacteria,c:Gammaproteobacteria,o:Xanthomonadales,f:Xanthomonadaceae,g:Pseudoxanthomonas,s:Pseudoxanthomonas sangjuensis
ASV1505	92.505	467	31	4	1	465	308	772	0.0	665	tax=d:Bacteria,p:Proteobacteria,c:Gammaproteobacteria,o:Xanthomonadales,f:Xanthomonadaceae,g:Rehaibacterium,s:JQ801097_s
ASV1505	92.473	465	35	0	1	465	314	778	0.0	665	tax=d:Bacteria,p:Proteobacteria,c:Gammaproteobacteria,o:Xanthomonadales,f:Xanthomonadaceae,g:Thermomonas,s:JQ191139_s
ASV1505	92.473	465	35	0	1	465	314	778	0.0	665	tax=d:Bacteria,p:Proteobacteria,c:Gammaproteobacteria,o:Xanthomonadales,f:Xanthomonadaceae,g:Arenimonas,s:Arenimonas subflava
ASV1505	92.489	466	33	2	1	465	314	778	0.0	665	tax=d:Bacteria,p:Proteobacteria,c:Gammaproteobacteria,o:Xanthomonadales,f:Xanthomonadaceae,g:GQ441248_g,s:GQ441248_s
ASV1505	92.473	465	35	0	1	465	325	789	0.0	665	tax=d:Bacteria,p:Proteobacteria,c:Gammaproteobacteria,o:Xanthomonadales,f:Xanthomonadaceae,g:Rehaibacterium,s:FJ710721_s
ASV1505	92.505	467	30	5	1	465	314	777	0.0	665	tax=d:Bacteria,p:Proteobacteria,c:Gammaproteobacteria,o:Xanthomonadales,f:Xanthomonadaceae,g:Luteimonas,s:FJ675302_s
ASV1505	92.505	467	31	4	1	465	314	778	0.0	665	tax=d:Bacteria,p:Proteobacteria,c:Gammaproteobacteria,o:Xanthomonadales,f:Xanthomonadaceae,g:Luteimonas,s:AWZR_s
ASV1505	92.308	468	30	6	1	465	279	743	0.0	660	tax=d:Bacteria,p:Proteobacteria,c:Gammaproteobacteria,o:Xanthomonadales,f:Xanthomonadaceae,g:Silanimonas,s:Silanimonas algicola
ASV1505	92.275	466	34	2	1	465	314	778	0.0	660	tax=d:Bacteria,p:Proteobacteria,c:Gammaproteobacteria,o:Xanthomonadales,f:Xanthomonadaceae,g:Stenotrophomonas,s:Stenotrophomonas maltophilia
ASV1505	92.291	467	32	4	1	465	316	780	0.0	660	tax=d:Bacteria,p:Proteobacteria,c:Gammaproteobacteria,o:Xanthomonadales,f:Xanthomonadaceae,g:EF648150_g,s:EF648150_s
ASV1505	92.258	465	36	0	1	465	311	775	0.0	660	tax=d:Bacteria,p:Proteobacteria,c:Gammaproteobacteria,o:Xanthomonadales,f:Xanthomonadaceae,g:Aquimonas,s:DQ337007_s
ASV1505	92.275	466	34	2	1	465	316	780	0.0	660	tax=d:Bacteria,p:Proteobacteria,c:Gammaproteobacteria,o:Xanthomonadales,f:Xanthomonadaceae,g:Stenotrophomonas,s:CP001111_s
ASV1505	92.258	465	36	0	1	465	313	777	0.0	660	tax=d:Bacteria,p:Proteobacteria,c:Gammaproteobacteria,o:Xanthomonadales,f:Xanthomonadaceae,g:Pseudoxanthomonas,s:Pseudoxanthomonas daejeonensis
ASV1505	92.258	465	36	0	1	465	310	774	0.0	660	tax=d:Bacteria,p:Proteobacteria,c:Gammaproteobacteria,o:Xanthomonadales,f:Xanthomonadaceae,g:AJ318204_g,s:AY294012_s
ASV1505	92.291	467	32	4	1	465	308	772	0.0	660	tax=d:Bacteria,p:Proteobacteria,c:Gammaproteobacteria,o:Xanthomonadales,f:Xanthomonadaceae,g:Rudaea,s:AB672147_s
ASV1505	92.043	465	37	0	1	465	308	772	0.0	654	tax=d:Bacteria,p:Proteobacteria,c:Gammaproteobacteria,o:Xanthomonadales,f:Xanthomonadaceae,g:Rudaea,s:PAC002003_s
ASV1505	92.060	466	35	2	1	465	314	778	0.0	654	tax=d:Bacteria,p:Proteobacteria,c:Gammaproteobacteria,o:Xanthomonadales,f:Xanthomonadaceae,g:Stenotrophomonas,s:Stenotrophomonas pavanii
ASV1505	92.094	468	31	6	1	465	308	772	0.0	654	tax=d:Bacteria,p:Proteobacteria,c:Gammaproteobacteria,o:Xanthomonadales,f:Xanthomonadaceae,g:Rehaibacterium,s:Rehaibacterium terrae
ASV1505	92.043	465	37	0	1	465	293	757	0.0	654	tax=d:Bacteria,p:Proteobacteria,c:Gammaproteobacteria,o:Xanthomonadales,f:Xanthomonadaceae,g:Pseudoxanthomonas,s:Pseudoxanthomonas wuyuanensis
ASV1505	92.060	466	35	2	1	465	308	772	0.0	654	tax=d:Bacteria,p:Proteobacteria,c:Gammaproteobacteria,o:Xanthomonadales,f:Xanthomonadaceae,g:Stenotrophomonas,s:GQ443099_s
ASV1505	92.077	467	33	4	1	465	312	776	0.0	654	tax=d:Bacteria,p:Proteobacteria,c:Gammaproteobacteria,o:Xanthomonadales,f:Xanthomonadaceae,g:Vulcaniibacterium,s:FR846898_s
ASV1505	92.043	465	37	0	1	465	314	778	0.0	654	tax=d:Bacteria,p:Proteobacteria,c:Gammaproteobacteria,o:Xanthomonadales,f:Xanthomonadaceae,g:Pseudoxanthomonas,s:Pseudoxanthomonas icgebensis
ASV1505	92.043	465	37	0	1	465	316	780	0.0	654	tax=d:Bacteria,p:Proteobacteria,c:Gammaproteobacteria,o:Xanthomonadales,f:Xanthomonadaceae,g:AJ318204_g,s:EF018572_s
ASV1505	92.043	465	37	0	1	465	309	773	0.0	654	tax=d:Bacteria,p:Proteobacteria,c:Gammaproteobacteria,o:Xanthomonadales,f:Xanthomonadaceae,g:Pseudoxanthomonas,s:Pseudoxanthomonas kalamensis
ASV1505	92.043	465	37	0	1	465	314	778	0.0	654	tax=d:Bacteria,p:Proteobacteria,c:Gammaproteobacteria,o:Xanthomonadales,f:Xanthomonadaceae,g:Pseudoxanthomonas,s:Pseudoxanthomonas koreensis
ASV1505	92.043	465	37	0	1	465	314	778	0.0	654	tax=d:Bacteria,p:Proteobacteria,c:Gammaproteobacteria,o:Xanthomonadales,f:Xanthomonadaceae,g:Thermomonas,s:Thermomonas fusca
ASV1505	92.060	466	35	2	1	465	289	753	0.0	654	tax=d:Bacteria,p:Proteobacteria,c:Gammaproteobacteria,o:Xanthomonadales,f:Xanthomonadaceae,g:Stenotrophomonas,s:Pseudomonas beteli
ASV1505	92.060	466	35	2	1	465	289	753	0.0	654	tax=d:Bacteria,p:Proteobacteria,c:Gammaproteobacteria,o:Xanthomonadales,f:Xanthomonadaceae,g:Stenotrophomonas,s:Pseudomonas geniculata
ASV1505	92.060	466	34	3	1	465	314	777	0.0	652	tax=d:Bacteria,p:Proteobacteria,c:Gammaproteobacteria,o:Xanthomonadales,f:Xanthomonadaceae,g:Arenimonas,s:HQ178820_s
ASV1505	92.043	465	33	4	3	465	313	775	0.0	651	tax=d:Bacteria,p:Proteobacteria,c:Gammaproteobacteria,o:Xanthomonadales,f:Xanthomonadaceae,g:Lysobacter,s:AF139997_s
ASV1505	91.828	465	38	0	1	465	308	772	0.0	649	tax=d:Bacteria,p:Proteobacteria,c:Gammaproteobacteria,o:Xanthomonadales,f:Xanthomonadaceae,g:AB240487_g,s:JQ086973_s
ASV1505	91.828	465	38	0	1	465	314	778	0.0	649	tax=d:Bacteria,p:Proteobacteria,c:Gammaproteobacteria,o:Xanthomonadales,f:Xanthomonadaceae,g:Luteimonas,s:JN713440_s
ASV1505	91.828	465	38	0	1	465	314	778	0.0	649	tax=d:Bacteria,p:Proteobacteria,c:Gammaproteobacteria,o:Xanthomonadales,f:Xanthomonadaceae,g:Pseudoxanthomonas,s:Pseudoxanthomonas indica
ASV1505	91.828	465	38	0	1	465	314	778	0.0	649	tax=d:Bacteria,p:Proteobacteria,c:Gammaproteobacteria,o:Xanthomonadales,f:Xanthomonadaceae,g:Xylella,s:Xylella taiwanensis
ASV1505	91.828	465	38	0	1	465	314	778	0.0	649	tax=d:Bacteria,p:Proteobacteria,c:Gammaproteobacteria,o:Xanthomonadales,f:Xanthomonadaceae,g:Pseudoxanthomonas,s:Pseudoxanthomonas putridarboris
ASV1505	91.863	467	34	4	1	465	308	772	0.0	649	tax=d:Bacteria,p:Proteobacteria,c:Gammaproteobacteria,o:Xanthomonadales,f:Xanthomonadaceae,g:Chiayiivirga,s:Chiayiivirga flava
ASV1505	91.828	465	38	0	1	465	314	778	0.0	649	tax=d:Bacteria,p:Proteobacteria,c:Gammaproteobacteria,o:Xanthomonadales,f:Xanthomonadaceae,g:Xylella,s:Xylella fastidiosa
ASV1505	91.828	465	38	0	1	465	314	778	0.0	649	tax=d:Bacteria,p:Proteobacteria,c:Gammaproteobacteria,o:Xanthomonadales,f:Xanthomonadaceae,g:Pseudoxanthomonas,s:Pseudoxanthomonas suwonensis
ASV1505	91.828	465	38	0	1	465	314	778	0.0	649	tax=d:Bacteria,p:Proteobacteria,c:Gammaproteobacteria,o:Xanthomonadales,f:Xanthomonadaceae,g:AY546512_g,s:AY546512_s
ASV1505	91.828	465	38	0	1	465	314	778	0.0	649	tax=d:Bacteria,p:Proteobacteria,c:Gammaproteobacteria,o:Xanthomonadales,f:Xanthomonadaceae,g:Xylella,s:Xylella fastidiosa
ASV1505	91.828	465	37	1	1	465	313	776	0.0	649	tax=d:Bacteria,p:Proteobacteria,c:Gammaproteobacteria,o:Xanthomonadales,f:Xanthomonadaceae,g:Pseudoxanthomonas,s:Pseudoxanthomonas broegbernensis
ASV1505	91.631	466	37	2	1	465	307	771	0.0	645	tax=d:Bacteria,p:Proteobacteria,c:Gammaproteobacteria,o:Xanthomonadales,f:Xanthomonadaceae,g:Tahibacter,s:Tahibacter aquaticus
ASV1505	91.613	465	39	0	1	465	316	780	0.0	643	tax=d:Bacteria,p:Proteobacteria,c:Gammaproteobacteria,o:Xanthomonadales,f:Xanthomonadaceae,g:Stenotrophomonas,s:Stenotrophomonas acidaminiphila
ASV1505	91.631	466	37	2	1	465	316	780	0.0	643	tax=d:Bacteria,p:Proteobacteria,c:Gammaproteobacteria,o:Xanthomonadales,f:Xanthomonadaceae,g:Stenotrophomonas,s:Stenotrophomonas terrae
ASV1505	91.613	465	39	0	1	465	314	778	0.0	643	tax=d:Bacteria,p:Proteobacteria,c:Gammaproteobacteria,o:Xanthomonadales,f:Xanthomonadaceae,g:Stenotrophomonas,s:Stenotrophomonas nitritireducens
ASV1505	91.649	467	35	4	1	465	306	770	0.0	643	tax=d:Bacteria,p:Proteobacteria,c:Gammaproteobacteria,o:Xanthomonadales,f:Xanthomonadaceae,g:Tahibacter,s:Tahibacter caeni
ASV1505	91.613	465	39	0	1	465	314	778	0.0	643	tax=d:Bacteria,p:Proteobacteria,c:Gammaproteobacteria,o:Xanthomonadales,f:Xanthomonadaceae,g:Xylella,s:Xylella fastidiosa
ASV1505	91.613	465	39	0	1	465	312	776	0.0	643	tax=d:Bacteria,p:Proteobacteria,c:Gammaproteobacteria,o:Xanthomonadales,f:Xanthomonadaceae,g:Arenimonas,s:JN869011_s
ASV1505	91.613	465	39	0	1	465	314	778	0.0	643	tax=d:Bacteria,p:Proteobacteria,c:Gammaproteobacteria,o:Xanthomonadales,f:Xanthomonadaceae,g:AB240487_g,s:JN391804_s
ASV1505	91.631	466	37	2	1	465	314	778	0.0	643	tax=d:Bacteria,p:Proteobacteria,c:Gammaproteobacteria,o:Xanthomonadales,f:Xanthomonadaceae,g:Arenimonas,s:Arenimonas metalli
ASV1505	91.631	466	37	2	1	465	312	776	0.0	643	tax=d:Bacteria,p:Proteobacteria,c:Gammaproteobacteria,o:Xanthomonadales,f:Xanthomonadaceae,g:Pseudoxanthomonas,s:GQ263823_s
ASV1505	91.613	465	39	0	1	465	314	778	0.0	643	tax=d:Bacteria,p:Proteobacteria,c:Gammaproteobacteria,o:Xanthomonadales,f:Xanthomonadaceae,g:Pseudoxanthomonas,s:Pseudoxanthomonas sacheonensis
ASV1505	91.631	466	37	2	1	465	316	780	0.0	643	tax=d:Bacteria,p:Proteobacteria,c:Gammaproteobacteria,o:Xanthomonadales,f:Xanthomonadaceae,g:Stenotrophomonas,s:CP014274_s
ASV1505	91.613	465	39	0	1	465	316	780	0.0	643	tax=d:Bacteria,p:Proteobacteria,c:Gammaproteobacteria,o:Xanthomonadales,f:Xanthomonadaceae,g:Pseudoxanthomonas,s:AZNZ_s
ASV1505	91.613	465	39	0	1	465	261	725	0.0	643	tax=d:Bacteria,p:Proteobacteria,c:Gammaproteobacteria,o:Xanthomonadales,f:Xanthomonadaceae,g:Pseudoxanthomonas,s:Pseudoxanthomonas kaohsiungensis
ASV1505	91.613	465	39	0	1	465	314	778	0.0	643	tax=d:Bacteria,p:Proteobacteria,c:Gammaproteobacteria,o:Xanthomonadales,f:Xanthomonadaceae,g:Pseudoxanthomonas,s:Pseudoxanthomonas mexicana
ASV1505	91.667	468	33	6	1	465	308	772	0.0	643	tax=d:Bacteria,p:Proteobacteria,c:Gammaproteobacteria,o:Xanthomonadales,f:Xanthomonadaceae,g:GQ441248_g,s:AB430336_s
ASV1505	91.631	466	37	2	1	465	314	778	0.0	643	tax=d:Bacteria,p:Proteobacteria,c:Gammaproteobacteria,o:Xanthomonadales,f:Xanthomonadaceae,g:Stenotrophomonas,s:Pseudomonas hibiscicola
ASV1505	91.631	466	36	3	1	465	315	778	0.0	641	tax=d:Bacteria,p:Proteobacteria,c:Gammaproteobacteria,o:Xanthomonadales,f:Xanthomonadaceae,g:Stenotrophomonas,s:Stenotrophomonas pictorum
ASV1505	91.416	466	38	2	1	465	316	780	0.0	640	tax=d:Bacteria,p:Proteobacteria,c:Gammaproteobacteria,o:Xanthomonadales,f:Xanthomonadaceae,g:Pseudoxanthomonas,s:Pseudoxanthomonas taiwanensis
ASV1505	91.398	465	40	0	1	465	314	778	0.0	638	tax=d:Bacteria,p:Proteobacteria,c:Gammaproteobacteria,o:Xanthomonadales,f:Xanthomonadaceae,g:Stenotrophomonas,s:Stenotrophomonas daejeonensis
ASV1505	91.435	467	36	4	1	465	297	761	0.0	638	tax=d:Bacteria,p:Proteobacteria,c:Gammaproteobacteria,o:Xanthomonadales,f:Xanthomonadaceae,g:Arenimonas,s:Arenimonas aquaticum
ASV1505	91.435	467	36	4	1	465	308	772	0.0	638	tax=d:Bacteria,p:Proteobacteria,c:Gammaproteobacteria,o:Xanthomonadales,f:Xanthomonadaceae,g:Rehaibacterium,s:EU662612_s
ASV1505	91.398	465	40	0	1	465	314	778	0.0	638	tax=d:Bacteria,p:Proteobacteria,c:Gammaproteobacteria,o:Xanthomonadales,f:Xanthomonadaceae,g:Arenimonas,s:AF418945_s
ASV1505	91.202	466	39	2	1	465	308	772	1.40e-180	632	tax=d:Bacteria,p:Proteobacteria,c:Gammaproteobacteria,o:Xanthomonadales,f:Xanthomonadaceae,g:Rudaea,s:PAC000387_s
ASV1505	91.183	465	41	0	1	465	314	778	1.40e-180	632	tax=d:Bacteria,p:Proteobacteria,c:Gammaproteobacteria,o:Xanthomonadales,f:Xanthomonadaceae,g:Stenotrophomonas,s:Stenotrophomonas humi
ASV1505	91.202	466	39	2	1	465	287	751	1.40e-180	632	tax=d:Bacteria,p:Proteobacteria,c:Gammaproteobacteria,o:Xanthomonadales,f:Xanthomonadaceae,g:Pseudoxanthomonas,s:Pseudoxanthomonas gei
ASV1505	91.183	465	41	0	1	465	314	778	1.40e-180	632	tax=d:Bacteria,p:Proteobacteria,c:Gammaproteobacteria,o:Xanthomonadales,f:Xanthomonadaceae,g:AB240487_g,s:FJ612198_s
ASV1505	91.202	466	39	2	1	465	308	772	1.40e-180	632	tax=d:Bacteria,p:Proteobacteria,c:Gammaproteobacteria,o:Xanthomonadales,f:Xanthomonadaceae,g:Dokdonella,s:Dokdonella immobilis
ASV1505	91.183	465	41	0	1	465	308	772	1.40e-180	632	tax=d:Bacteria,p:Proteobacteria,c:Gammaproteobacteria,o:Xanthomonadales,f:Xanthomonadaceae,g:HQ436500_g,s:FJ444733_s
ASV1505	91.221	467	37	4	1	465	290	754	1.40e-180	632	tax=d:Bacteria,p:Proteobacteria,c:Gammaproteobacteria,o:Xanthomonadales,f:Xanthomonadaceae,g:Dokdonella,s:Dokdonella soli
ASV1505	91.416	466	31	8	1	463	310	769	5.04e-180	630	tax=d:Bacteria,p:Proteobacteria,c:Gammaproteobacteria,o:Xanthomonadales,f:Xanthomonadaceae,g:Lysobacter,s:HM438498_s
ASV1505	90.968	465	42	0	1	465	311	775	1.81e-179	628	tax=d:Bacteria,p:Proteobacteria,c:Gammaproteobacteria,o:Xanthomonadales,f:Xanthomonadaceae,g:AB240487_g,s:AB240487_s
ASV1505	91.006	467	38	4	1	465	308	772	6.52e-179	627	tax=d:Bacteria,p:Proteobacteria,c:Gammaproteobacteria,o:Xanthomonadales,f:Xanthomonadaceae,g:Dokdonella,s:EU150285_s
ASV1505	90.968	465	42	0	1	465	310	774	6.52e-179	627	tax=d:Bacteria,p:Proteobacteria,c:Gammaproteobacteria,o:Xanthomonadales,f:Xanthomonadaceae,g:AB240487_g,s:EU131032_s
ASV1505	90.987	466	40	2	1	465	290	754	6.52e-179	627	tax=d:Bacteria,p:Proteobacteria,c:Gammaproteobacteria,o:Xanthomonadales,f:Xanthomonadaceae,g:Pseudoxanthomonas,s:Pseudoxanthomonas yeongjuensis
ASV1505	90.987	466	40	2	1	465	308	772	6.52e-179	627	tax=d:Bacteria,p:Proteobacteria,c:Gammaproteobacteria,o:Xanthomonadales,f:Xanthomonadaceae,g:Chiayiivirga,s:AM696987_s
ASV1505	91.006	467	38	4	1	465	314	778	6.52e-179	627	tax=d:Bacteria,p:Proteobacteria,c:Gammaproteobacteria,o:Xanthomonadales,f:Xanthomonadaceae,g:Rudaea,s:AB619707_s
ASV1505	90.968	465	42	0	1	465	314	778	6.52e-179	627	tax=d:Bacteria,p:Proteobacteria,c:Gammaproteobacteria,o:Xanthomonadales,f:Xanthomonadaceae,g:Pseudoxanthomonas,s:Pseudoxanthomonas japonensis
ASV1505	91.202	466	30	10	1	465	304	759	8.43e-178	623	tax=d:Bacteria,p:Proteobacteria,c:Gammaproteobacteria,o:Xanthomonadales,f:Xanthomonadaceae,g:Lysobacter,s:HM447666_s
ASV1505	90.753	465	43	0	1	465	322	786	8.43e-178	623	tax=d:Bacteria,p:Proteobacteria,c:Gammaproteobacteria,o:Xanthomonadales,f:Xanthomonadaceae,g:Dokdonella,s:FM213038_s
ASV1505	90.753	465	43	0	1	465	296	760	3.03e-177	621	tax=d:Bacteria,p:Proteobacteria,c:Gammaproteobacteria,o:Xanthomonadales,f:Xanthomonadaceae,g:Lysobacter,s:JQ426511_s
ASV1505	90.753	465	43	0	1	465	301	765	3.03e-177	621	tax=d:Bacteria,p:Proteobacteria,c:Gammaproteobacteria,o:Xanthomonadales,f:Xanthomonadaceae,g:HQ436500_g,s:JF703511_s
ASV1505	90.773	466	41	2	1	465	310	774	3.03e-177	621	tax=d:Bacteria,p:Proteobacteria,c:Gammaproteobacteria,o:Xanthomonadales,f:Xanthomonadaceae,g:HQ436500_g,s:HQ436500_s
ASV1505	90.773	466	41	2	1	465	290	754	3.03e-177	621	tax=d:Bacteria,p:Proteobacteria,c:Gammaproteobacteria,o:Xanthomonadales,f:Xanthomonadaceae,g:GQ441248_g,s:HM438438_s
ASV1505	90.792	467	39	4	1	465	314	778	3.03e-177	621	tax=d:Bacteria,p:Proteobacteria,c:Gammaproteobacteria,o:Xanthomonadales,f:Xanthomonadaceae,g:Pseudoxanthomonas,s:FR774558_s
ASV1505	90.792	467	40	3	1	465	308	773	3.03e-177	621	tax=d:Bacteria,p:Proteobacteria,c:Gammaproteobacteria,o:Xanthomonadales,f:Xanthomonadaceae,g:Rehaibacterium,s:EU800949_s
ASV1505	90.792	467	39	4	1	465	308	772	3.03e-177	621	tax=d:Bacteria,p:Proteobacteria,c:Gammaproteobacteria,o:Xanthomonadales,f:Xanthomonadaceae,g:Dokdonella,s:Dokdonella ginsengisoli
ASV1505	90.773	466	40	3	1	465	308	771	1.09e-176	619	tax=d:Bacteria,p:Proteobacteria,c:Gammaproteobacteria,o:Xanthomonadales,f:Xanthomonadaceae,g:AF407725_g,s:AF407725_s
ASV1505	90.538	465	44	0	1	465	310	774	1.41e-175	616	tax=d:Bacteria,p:Proteobacteria,c:Gammaproteobacteria,o:Xanthomonadales,f:Xanthomonadaceae,g:Rudaea,s:PAC000220_s
ASV1505	90.538	465	44	0	1	465	292	756	1.41e-175	616	tax=d:Bacteria,p:Proteobacteria,c:Gammaproteobacteria,o:Xanthomonadales,f:Xanthomonadaceae,g:PAC002346_g,s:JQ428528_s
ASV1505	90.538	465	44	0	1	465	312	776	1.41e-175	616	tax=d:Bacteria,p:Proteobacteria,c:Gammaproteobacteria,o:Xanthomonadales,f:Xanthomonadaceae,g:AB240487_g,s:JF747946_s
ASV1505	90.538	465	44	0	1	465	308	772	1.41e-175	616	tax=d:Bacteria,p:Proteobacteria,c:Gammaproteobacteria,o:Xanthomonadales,f:Xanthomonadaceae,g:PAC002346_g,s:JF183671_s
ASV1505	90.538	465	44	0	1	465	306	770	1.41e-175	616	tax=d:Bacteria,p:Proteobacteria,c:Gammaproteobacteria,o:Xanthomonadales,f:Xanthomonadaceae,g:PAC002346_g,s:HQ119992_s
ASV1505	90.578	467	40	4	1	465	308	772	1.41e-175	616	tax=d:Bacteria,p:Proteobacteria,c:Gammaproteobacteria,o:Xanthomonadales,f:Xanthomonadaceae,g:Dokdonella,s:Dokdonella koreensis
ASV1505	90.558	466	42	2	1	465	308	772	1.41e-175	616	tax=d:Bacteria,p:Proteobacteria,c:Gammaproteobacteria,o:Xanthomonadales,f:Xanthomonadaceae,g:Rudaea,s:AY218690_s
ASV1505	90.578	467	40	4	1	465	296	760	1.41e-175	616	tax=d:Bacteria,p:Proteobacteria,c:Gammaproteobacteria,o:Xanthomonadales,f:Xanthomonadaceae,g:Dokdonella,s:Dokdonella fugitiva
ASV1505	90.538	465	44	0	1	465	314	778	1.41e-175	616	tax=d:Bacteria,p:Proteobacteria,c:Gammaproteobacteria,o:Xanthomonadales,f:Xanthomonadaceae,g:Frateuria,s:Frateuria aurantia
ASV1505	90.323	465	45	0	1	465	312	776	6.57e-174	610	tax=d:Bacteria,p:Proteobacteria,c:Gammaproteobacteria,o:Xanthomonadales,f:Xanthomonadaceae,g:GQ396887_g,s:GQ396887_s
ASV1505	90.343	466	43	2	1	465	310	774	6.57e-174	610	tax=d:Bacteria,p:Proteobacteria,c:Gammaproteobacteria,o:Xanthomonadales,f:Xanthomonadaceae,g:PAC002346_g,s:AM991237_s
ASV1505	90.323	465	44	1	1	465	292	755	2.36e-173	608	tax=d:Bacteria,p:Proteobacteria,c:Gammaproteobacteria,o:Xanthomonadales,f:Xanthomonadaceae,g:Rudaea,s:JN023776_s
ASV1505	90.129	466	45	1	1	465	292	757	8.49e-173	606	tax=d:Bacteria,p:Proteobacteria,c:Gammaproteobacteria,o:Xanthomonadales,f:Xanthomonadaceae,g:HQ436500_g,s:JQ426059_s
ASV1505	90.108	465	46	0	1	465	308	772	3.06e-172	604	tax=d:Bacteria,p:Proteobacteria,c:Gammaproteobacteria,o:Xanthomonadales,f:Xanthomonadaceae,g:Dokdonella,s:Dokdonella kunshanensis
ASV1505	90.150	467	42	4	1	465	293	757	3.06e-172	604	tax=d:Bacteria,p:Proteobacteria,c:Gammaproteobacteria,o:Xanthomonadales,f:Xanthomonadaceae,g:Pseudofulvimonas,s:FN667411_s
ASV1505	90.108	465	46	0	1	465	286	750	3.06e-172	604	tax=d:Bacteria,p:Proteobacteria,c:Gammaproteobacteria,o:Xanthomonadales,f:Xanthomonadaceae,g:Dyella,s:Dyella soli
ASV1505	90.108	465	46	0	1	465	314	778	3.06e-172	604	tax=d:Bacteria,p:Proteobacteria,c:Gammaproteobacteria,o:Xanthomonadales,f:Xanthomonadaceae,g:Dyella,s:Dyella thiooxydans
ASV1505	89.892	465	47	0	1	465	314	778	1.42e-170	599	tax=d:Bacteria,p:Proteobacteria,c:Gammaproteobacteria,o:Xanthomonadales,f:Xanthomonadaceae,g:Dyella,s:Dyella lipolytica
ASV1505	89.892	465	47	0	1	465	307	771	1.42e-170	599	tax=d:Bacteria,p:Proteobacteria,c:Gammaproteobacteria,o:Xanthomonadales,f:Xanthomonadaceae,g:Oleiagrimonas,s:Oleiagrimonas citrea
ASV1505	89.892	465	47	0	1	465	278	742	1.42e-170	599	tax=d:Bacteria,p:Proteobacteria,c:Gammaproteobacteria,o:Xanthomonadales,f:Xanthomonadaceae,g:Pseudofulvimonas,s:Pseudofulvimonas gallinarii
ASV1505	89.892	465	47	0	1	465	314	778	1.42e-170	599	tax=d:Bacteria,p:Proteobacteria,c:Gammaproteobacteria,o:Xanthomonadales,f:Xanthomonadaceae,g:PAC002346_g,s:FJ437981_s
ASV1505	89.957	468	41	5	1	465	296	760	1.42e-170	599	tax=d:Bacteria,p:Proteobacteria,c:Gammaproteobacteria,o:Xanthomonadales,f:Xanthomonadaceae,g:PAC002346_g,s:EU193114_s
ASV1505	89.936	467	44	3	1	465	310	775	1.42e-170	599	tax=d:Bacteria,p:Proteobacteria,c:Gammaproteobacteria,o:Xanthomonadales,f:Xanthomonadaceae,g:Pseudofulvimonas,s:AY676484_s
ASV1505	89.677	465	48	0	1	465	314	778	6.61e-169	593	tax=d:Bacteria,p:Proteobacteria,c:Gammaproteobacteria,o:Xanthomonadales,f:Xanthomonadaceae,g:PAC002346_g,s:PAC002346_s
ASV1505	89.677	465	48	0	1	465	314	778	6.61e-169	593	tax=d:Bacteria,p:Proteobacteria,c:Gammaproteobacteria,o:Xanthomonadales,f:Xanthomonadaceae,g:Dyella,s:Dyella flava
ASV1505	89.677	465	48	0	1	465	314	778	6.61e-169	593	tax=d:Bacteria,p:Proteobacteria,c:Gammaproteobacteria,o:Xanthomonadales,f:Xanthomonadaceae,g:Fulvimonas,s:Fulvimonas yonginensis
ASV1505	89.677	465	48	0	1	465	308	772	6.61e-169	593	tax=d:Bacteria,p:Proteobacteria,c:Gammaproteobacteria,o:Xanthomonadales,f:Xanthomonadaceae,g:Frateuria,s:Frateuria terrea
ASV1505	89.744	468	42	4	1	465	308	772	6.61e-169	593	tax=d:Bacteria,p:Proteobacteria,c:Gammaproteobacteria,o:Xanthomonadales,f:Xanthomonadaceae,g:Pseudofulvimonas,s:GQ264123_s
ASV1505	89.677	465	48	0	1	465	314	778	6.61e-169	593	tax=d:Bacteria,p:Proteobacteria,c:Gammaproteobacteria,o:Xanthomonadales,f:Xanthomonadaceae,g:Metallibacterium,s:FN391810_s
ASV1505	89.677	465	48	0	1	465	308	772	6.61e-169	593	tax=d:Bacteria,p:Proteobacteria,c:Gammaproteobacteria,o:Xanthomonadales,f:Xanthomonadaceae,g:Pseudofulvimonas,s:EU305597_s
ASV1505	89.677	465	48	0	1	465	314	778	6.61e-169	593	tax=d:Bacteria,p:Proteobacteria,c:Gammaproteobacteria,o:Xanthomonadales,f:Xanthomonadaceae,g:Dyella,s:Dyella jiangningensis
ASV1505	89.722	467	44	4	1	465	314	778	6.61e-169	593	tax=d:Bacteria,p:Proteobacteria,c:Gammaproteobacteria,o:Xanthomonadales,f:Xanthomonadaceae,g:Dokdonella,s:AY218617_s
ASV1505	89.677	465	48	0	1	465	314	778	6.61e-169	593	tax=d:Bacteria,p:Proteobacteria,c:Gammaproteobacteria,o:Xanthomonadales,f:Xanthomonadaceae,g:Fulvimonas,s:Fulvimonas soli
ASV1505	89.700	466	44	4	1	465	313	775	2.38e-168	592	tax=d:Bacteria,p:Proteobacteria,c:Gammaproteobacteria,o:Xanthomonadales,f:Xanthomonadaceae,g:Rhodanobacter,s:AY218670_s
ASV1505	89.700	466	45	2	1	465	305	768	2.38e-168	592	tax=d:Bacteria,p:Proteobacteria,c:Gammaproteobacteria,o:Acidiferrobacterales,f:Acidiferrobacteraceae,g:Sulfurifustis,s:Sulfurifustis variabilis
ASV1505	89.462	465	49	0	1	465	314	778	3.08e-167	588	tax=d:Bacteria,p:Proteobacteria,c:Gammaproteobacteria,o:Xanthomonadales,f:Xanthomonadaceae,g:Dyella,s:LMSL_s
ASV1505	89.462	465	49	0	1	465	314	778	3.08e-167	588	tax=d:Bacteria,p:Proteobacteria,c:Gammaproteobacteria,o:Xanthomonadales,f:Xanthomonadaceae,g:Dyella,s:LFQR_s
ASV1505	89.462	465	49	0	1	465	308	772	3.08e-167	588	tax=d:Bacteria,p:Proteobacteria,c:Gammaproteobacteria,o:Xanthomonadales,f:Xanthomonadaceae,g:Metallibacterium,s:Metallibacterium scheffleri
ASV1505	89.507	467	45	4	1	465	285	749	3.08e-167	588	tax=d:Bacteria,p:Proteobacteria,c:Gammaproteobacteria,o:Xanthomonadales,f:Xanthomonadaceae,g:Dyella,s:Dyella jejuensis
ASV1505	89.485	466	47	2	1	465	309	773	3.08e-167	588	tax=d:Bacteria,p:Proteobacteria,c:Gammaproteobacteria,o:Chromatiales,f:Nitrococcus_f,g:Arhodomonas,s:JF421196_s
ASV1505	89.507	467	45	4	1	465	304	768	3.08e-167	588	tax=d:Bacteria,p:Proteobacteria,c:Gammaproteobacteria,o:Xanthomonadales,f:Xanthomonadaceae,g:EU104217_g,s:EU104217_s
ASV1505	89.530	468	42	7	1	465	305	768	1.11e-166	586	tax=d:Bacteria,p:Proteobacteria,c:Gammaproteobacteria,o:Acidiferrobacterales,f:Acidiferrobacteraceae,g:Sulfuricaulis,s:FJ936963_s
ASV1505	89.247	465	50	0	1	465	314	778	1.43e-165	582	tax=d:Bacteria,p:Proteobacteria,c:Gammaproteobacteria,o:Xanthomonadales,f:Xanthomonadaceae,g:Rhodanobacter,s:Rhodanobacter glycinis
ASV1505	89.270	466	48	2	1	465	314	778	1.43e-165	582	tax=d:Bacteria,p:Proteobacteria,c:Gammaproteobacteria,o:Xanthomonadales,f:Xanthomonadaceae,g:EF174287_g,s:JF521609_s
ASV1505	89.270	466	48	2	1	465	288	752	1.43e-165	582	tax=d:Bacteria,p:Proteobacteria,c:Gammaproteobacteria,o:Xanthomonadales,f:Xanthomonadaceae,g:Dyella,s:Dyella terrae
ASV1505	89.293	467	46	4	1	465	304	768	1.43e-165	582	tax=d:Bacteria,p:Proteobacteria,c:Gammaproteobacteria,o:Xanthomonadales,f:Xanthomonadaceae,g:EU104217_g,s:EU104136_s
ASV1505	89.293	467	46	4	1	465	314	778	1.43e-165	582	tax=d:Bacteria,p:Proteobacteria,c:Gammaproteobacteria,o:Immundisolibacterales,f:Immundisolibacteraceae,g:Immundisolibacter,s:EF648094_s
ASV1505	89.247	465	50	0	1	465	315	779	1.43e-165	582	tax=d:Bacteria,p:Proteobacteria,c:Gammaproteobacteria,o:Xanthomonadales,f:Xanthomonadaceae,g:Rhodanobacter,s:DQ125745_s
ASV1505	89.293	467	46	4	1	465	310	774	1.43e-165	582	tax=d:Bacteria,p:Proteobacteria,c:Gammaproteobacteria,o:Xanthomonadales,f:Xanthomonadaceae,g:Mizugakiibacter,s:Mizugakiibacter sediminis
ASV1505	89.293	467	46	4	1	465	308	772	1.43e-165	582	tax=d:Bacteria,p:Proteobacteria,c:Gammaproteobacteria,o:Chromatiales,f:Ectothiorhodospiraceae,g:Acidihalobacter,s:CP017448_s
ASV1505	89.270	466	48	2	1	465	314	778	1.43e-165	582	tax=d:Bacteria,p:Proteobacteria,c:Gammaproteobacteria,o:Xanthomonadales,f:Xanthomonadaceae,g:Dyella,s:CP008884_s
ASV1505	89.270	466	48	2	1	465	297	761	1.43e-165	582	tax=d:Bacteria,p:Proteobacteria,c:Gammaproteobacteria,o:Xanthomonadales,f:Xanthomonadaceae,g:Dyella,s:Dyella marensis
ASV1505	89.293	467	46	4	1	465	304	768	1.43e-165	582	tax=d:Bacteria,p:Proteobacteria,c:Gammaproteobacteria,o:Xanthomonadales,f:Xanthomonadaceae,g:EU104217_g,s:AB478683_s
ASV1505	89.247	465	50	0	1	465	315	779	1.43e-165	582	tax=d:Bacteria,p:Proteobacteria,c:Gammaproteobacteria,o:Xanthomonadales,f:Xanthomonadaceae,g:AB212893_g,s:AB212893_s
ASV1505	89.056	466	49	2	1	465	313	777	5.15e-165	580	tax=d:Bacteria,p:Proteobacteria,c:Gammaproteobacteria,o:Chromatiales,f:Wenzhouxiangellaceae,g:EU734943_g,s:FQ659893_s
ASV1505	89.032	465	51	0	1	465	314	778	6.66e-164	577	tax=d:Bacteria,p:Proteobacteria,c:Gammaproteobacteria,o:Xanthomonadales,f:Xanthomonadaceae,g:Dyella,s:Dyella acidisoli
ASV1505	89.032	465	51	0	1	465	314	778	6.66e-164	577	tax=d:Bacteria,p:Proteobacteria,c:Gammaproteobacteria,o:Xanthomonadales,f:Xanthomonadaceae,g:Dyella,s:Dyella humi
ASV1505	89.056	466	49	2	1	465	316	780	6.66e-164	577	tax=d:Bacteria,p:Proteobacteria,c:Gammaproteobacteria,o:Xanthomonadales,f:Xanthomonadaceae,g:Oleiagrimonas,s:Oleiagrimonas soli
ASV1505	89.032	465	51	0	1	465	312	776	6.66e-164	577	tax=d:Bacteria,p:Proteobacteria,c:Gammaproteobacteria,o:Xanthomonadales,f:Xanthomonadaceae,g:Metallibacterium,s:JQ287315_s
ASV1505	89.032	465	51	0	1	465	297	761	6.66e-164	577	tax=d:Bacteria,p:Proteobacteria,c:Gammaproteobacteria,o:Xanthomonadales,f:Xanthomonadaceae,g:Rhodanobacter,s:HM447914_s
ASV1505	89.032	465	51	0	1	465	295	759	6.66e-164	577	tax=d:Bacteria,p:Proteobacteria,c:Gammaproteobacteria,o:Xanthomonadales,f:Xanthomonadaceae,g:Luteibacter,s:Luteibacter anthropi
ASV1505	89.079	467	47	4	1	465	314	778	6.66e-164	577	tax=d:Bacteria,p:Proteobacteria,c:Gammaproteobacteria,o:Immundisolibacterales,f:Immundisolibacteraceae,g:Immundisolibacter,s:EU328080_s
ASV1505	89.103	468	45	5	1	465	314	778	6.66e-164	577	tax=d:Bacteria,p:Proteobacteria,c:Gammaproteobacteria,o:Xanthomonadales,f:Xanthomonadaceae,g:AB274846_g,s:AB274846_s
ASV1505	89.032	465	51	0	1	465	314	778	6.66e-164	577	tax=d:Bacteria,p:Proteobacteria,c:Gammaproteobacteria,o:Xanthomonadales,f:Xanthomonadaceae,g:Dyella,s:Dyella ginsengisoli
ASV1505	89.103	468	44	7	1	465	307	770	2.40e-163	575	tax=d:Bacteria,p:Proteobacteria,c:Gammaproteobacteria,o:Chromatiales,f:Ectothiorhodospiraceae,g:Acidihalobacter,s:Acidihalobacter prosperus
ASV1505	89.032	465	50	1	1	465	311	774	2.40e-163	575	tax=d:Bacteria,p:Proteobacteria,c:Gammaproteobacteria,o:Xanthomonadales,f:Xanthomonadaceae,g:AJ318180_g,s:AJ318180_s
ASV1505	88.817	465	52	0	1	465	310	774	3.10e-162	571	tax=d:Bacteria,p:Proteobacteria,c:Gammaproteobacteria,o:Xanthomonadales,f:Xanthomonadaceae,g:Dyella,s:Dyella nitratireducens
ASV1505	88.841	466	50	2	1	465	311	775	3.10e-162	571	tax=d:Bacteria,p:Proteobacteria,c:Gammaproteobacteria,o:Xanthomonadales,f:Xanthomonadaceae,g:Rhodanobacter,s:Rhodanobacter umsongensis
ASV1505	88.817	465	52	0	1	465	275	739	3.10e-162	571	tax=d:Bacteria,p:Proteobacteria,c:Gammaproteobacteria,o:Xanthomonadales,f:Xanthomonadaceae,g:Rhodanobacter,s:Rhodanobacter ginsengisoli
ASV1505	88.889	468	46	6	1	465	308	772	3.10e-162	571	tax=d:Bacteria,p:Proteobacteria,c:Gammaproteobacteria,o:Chromatiales,f:Ectothiorhodospiraceae,g:Acidihalobacter,s:CP017415_s
ASV1505	88.865	467	48	4	1	465	314	778	3.10e-162	571	tax=d:Bacteria,p:Proteobacteria,c:Gammaproteobacteria,o:Immundisolibacterales,f:Immundisolibacteraceae,g:Immundisolibacter,s:Immundisolibacter cernigliae
ASV1505	88.841	466	50	2	1	465	316	780	3.10e-162	571	tax=d:Bacteria,p:Proteobacteria,c:Gammaproteobacteria,o:Xanthomonadales,f:Xanthomonadaceae,g:Chujaibacter,s:AJ604540_s
ASV1505	88.817	465	52	0	1	465	329	793	3.10e-162	571	tax=d:Bacteria,p:Proteobacteria,c:Gammaproteobacteria,o:Chromatiales,f:Wenzhouxiangellaceae,g:Wenzhouxiangella,s:AB476275_s
ASV1505	88.651	467	49	3	1	465	312	776	1.44e-160	566	tax=d:Bacteria,p:Proteobacteria,c:Gammaproteobacteria,o:Chromatiales,f:Sedimenticola_f,g:Endoriftia,s:Thiodiazotropha endolucinida
ASV1505	88.602	465	53	0	1	465	309	773	1.44e-160	566	tax=d:Bacteria,p:Proteobacteria,c:Gammaproteobacteria,o:Chromatiales,f:Nitrococcus_f,g:Spiribacter,s:Spiribacter aquaticus
ASV1505	88.602	465	53	0	1	465	309	773	1.44e-160	566	tax=d:Bacteria,p:Proteobacteria,c:Gammaproteobacteria,o:Chromatiales,f:Nitrococcus_f,g:Spiribacter,s:Spiribacter roseus
ASV1505	88.602	465	53	0	1	465	314	778	1.44e-160	566	tax=d:Bacteria,p:Proteobacteria,c:Gammaproteobacteria,o:Xanthomonadales,f:Xanthomonadaceae,g:Dyella,s:Dyella flagellata
ASV1505	88.675	468	47	6	1	465	312	776	1.44e-160	566	tax=d:Bacteria,p:Proteobacteria,c:Gammaproteobacteria,o:Acidiferrobacterales,f:Acidiferrobacteraceae,g:EU491360_g,s:KC009941_s
ASV1505	88.627	466	51	2	1	465	329	793	1.44e-160	566	tax=d:Bacteria,p:Proteobacteria,c:Gammaproteobacteria,o:Chromatiales,f:Wenzhouxiangellaceae,g:EU734943_g,s:JQ925121_s
ASV1505	88.651	467	49	4	1	465	306	770	1.44e-160	566	tax=d:Bacteria,p:Proteobacteria,c:Gammaproteobacteria,o:Chromatiales,f:Thioalkalispiraceae,g:Thioalkalispira,s:JN217145_s
ASV1505	88.675	468	47	6	1	465	306	770	1.44e-160	566	tax=d:Bacteria,p:Proteobacteria,c:Gammaproteobacteria,o:Methylococcales,f:Methylococcaceae,g:JYNS_g,s:JN038836_s
ASV1505	88.675	468	47	5	1	465	312	776	1.44e-160	566	tax=d:Bacteria,p:Proteobacteria,c:Gammaproteobacteria,o:Chromatiales,f:Sedimenticola_f,g:Endoriftia,s:FM165437_s
ASV1505	88.602	465	53	0	1	465	306	770	1.44e-160	566	tax=d:Bacteria,p:Proteobacteria,c:Gammaproteobacteria,o:Chromatiales,f:EU735630_f,g:EU735630_g,s:EU735630_s
ASV1505	88.651	467	49	4	1	465	314	778	1.44e-160	566	tax=d:Bacteria,p:Proteobacteria,c:Gammaproteobacteria,o:Xanthomonadales,f:Xanthomonadaceae,g:Rhodanobacter,s:Rhodanobacter terrae
ASV1505	88.651	467	47	5	1	465	314	776	5.19e-160	564	tax=d:Bacteria,p:Proteobacteria,c:Gammaproteobacteria,o:Xanthomonadales,f:Xanthomonadaceae,g:Rhodanobacter,s:AY188327_s
ASV1505	88.437	467	50	4	1	465	308	772	6.71e-159	560	tax=d:Bacteria,p:Proteobacteria,c:Betaproteobacteria,o:Burkholderiales,f:Burkholderiaceae,g:Robbsia,s:Robbsia andropogonis
ASV1505	88.437	467	50	4	1	465	306	770	6.71e-159	560	tax=d:Bacteria,p:Proteobacteria,c:Gammaproteobacteria,o:Chromatiales,f:Thioalkalispiraceae,g:Thioalkalispira,s:FJ717190_s
ASV1505	88.387	465	54	0	1	465	291	755	6.71e-159	560	tax=d:Bacteria,p:Proteobacteria,c:Gammaproteobacteria,o:Xanthomonadales,f:Xanthomonadaceae,g:Pseudofulvimonas,s:FJ152597_s
ASV1505	88.387	465	54	0	1	465	282	746	6.71e-159	560	tax=d:Bacteria,p:Proteobacteria,c:Gammaproteobacteria,o:Xanthomonadales,f:Xanthomonadaceae,g:Rhodanobacter,s:Rhodanobacter xiangquanii
ASV1505	88.387	465	54	0	1	465	308	772	6.71e-159	560	tax=d:Bacteria,p:Proteobacteria,c:Gammaproteobacteria,o:Steroidobacter_o,f:FJ152613_f,g:FJ152613_g,s:EU283467_s
ASV1505	88.437	467	50	4	1	465	312	776	6.71e-159	560	tax=d:Bacteria,p:Proteobacteria,c:Gammaproteobacteria,o:Methylococcales,f:Methylococcaceae,g:Methyloparacoccus,s:DQ520192_s
ASV1505	88.462	468	48	6	1	465	306	770	6.71e-159	560	tax=d:Bacteria,p:Proteobacteria,c:Gammaproteobacteria,o:Chromatiales,f:Halothiobacillaceae,g:DQ459215_g,s:DQ459215_s
ASV1505	88.387	465	54	0	1	465	309	773	6.71e-159	560	tax=d:Bacteria,p:Proteobacteria,c:Gammaproteobacteria,o:Chromatiales,f:Nitrococcus_f,g:Spiribacter,s:Spiribacter curvatus
ASV1505	88.412	466	52	2	1	465	315	779	6.71e-159	560	tax=d:Bacteria,p:Proteobacteria,c:Gammaproteobacteria,o:Chromatiales,f:Nitrococcus_f,g:Halorhodospira,s:Halorhodospira halophila
ASV1505	88.511	470	44	8	1	465	314	778	6.71e-159	560	tax=d:Bacteria,p:Proteobacteria,c:Gammaproteobacteria,o:Alteromonadales,f:Colwelliaceae,g:Colwellia,s:AX746195_s
ASV1505	88.437	467	49	4	1	465	296	759	2.41e-158	558	tax=d:Bacteria,p:Proteobacteria,c:Gammaproteobacteria,o:Nevskiales,f:Solimonadaceae,g:PAC001194_g,s:GQ389123_s
ASV1505	88.273	469	47	8	1	465	312	776	3.12e-157	555	tax=d:Bacteria,p:Proteobacteria,c:Gammaproteobacteria,o:Legionellales,f:Coxiellaceae,g:LKHV_g,s:LKAJ_s
ASV1505	88.248	468	49	6	1	465	314	778	3.12e-157	555	tax=d:Bacteria,p:Proteobacteria,c:Gammaproteobacteria,o:Arenicellales,f:Arenicellaceae,g:EU035927_g,s:JX206712_s
ASV1505	88.223	467	51	4	1	465	310	774	3.12e-157	555	tax=d:Bacteria,p:Proteobacteria,c:Betaproteobacteria,o:PAC001907_o,f:PAC001907_f,g:PAC001907_g,s:JN038752_s
ASV1505	88.223	467	51	4	1	465	308	772	3.12e-157	555	tax=d:Bacteria,p:Proteobacteria,c:Betaproteobacteria,o:Burkholderiales,f:Burkholderiaceae,g:Burkholderia,s:jgi.1071268_s
ASV1505	88.197	466	53	2	1	465	308	772	3.12e-157	555	tax=d:Bacteria,p:Proteobacteria,c:Betaproteobacteria,o:Burkholderiales,f:Burkholderiaceae,g:Burkholderia,s:Burkholderia alpina
ASV1505	88.172	465	55	0	1	465	309	773	3.12e-157	555	tax=d:Bacteria,p:Proteobacteria,c:Gammaproteobacteria,o:Chromatiales,f:Nitrococcus_f,g:Arhodomonas,s:HQ857616_s
ASV1505	88.197	466	53	2	1	465	327	791	3.12e-157	555	tax=d:Bacteria,p:Proteobacteria,c:Gammaproteobacteria,o:Arenicellales,f:Arenicellaceae,g:DQ009131_g,s:HQ673587_s
ASV1505	88.248	468	49	5	1	465	312	776	3.12e-157	555	tax=d:Bacteria,p:Proteobacteria,c:Gammaproteobacteria,o:Chromatiales,f:GU583986_f,g:GU583986_g,s:GU583986_s
ASV1505	88.197	466	53	2	1	465	308	772	3.12e-157	555	tax=d:Bacteria,p:Proteobacteria,c:Betaproteobacteria,o:Burkholderiales,f:Burkholderiaceae,g:Paraburkholderia,s:FM872738_s
ASV1505	88.197	466	53	2	1	465	312	776	3.12e-157	555	tax=d:Bacteria,p:Proteobacteria,c:Gammaproteobacteria,o:Chromatiales,f:Thiogranum_f,g:Thiogranum,s:FM179879_s
ASV1505	88.172	465	55	0	1	465	309	773	3.12e-157	555	tax=d:Bacteria,p:Proteobacteria,c:Gammaproteobacteria,o:Chromatiales,f:Nitrococcus_f,g:Spiribacter,s:FJ943233_s
ASV1505	88.223	467	51	4	1	465	310	774	3.12e-157	555	tax=d:Bacteria,p:Proteobacteria,c:Betaproteobacteria,o:Burkholderiales,f:OM156_f,g:OM156_g,s:FJ612332_s
ASV1505	88.172	465	55	0	1	465	294	758	3.12e-157	555	tax=d:Bacteria,p:Proteobacteria,c:Gammaproteobacteria,o:Chromatiales,f:Ectothiorhodospiraceae,g:Thioalkalivibrio,s:FJ152889_s
ASV1505	88.223	467	51	4	1	465	305	769	3.12e-157	555	tax=d:Bacteria,p:Proteobacteria,c:Gammaproteobacteria,o:Chromatiales,f:EU700150_f,g:EU700150_g,s:EU700150_s
ASV1505	88.172	465	55	0	1	465	281	745	3.12e-157	555	tax=d:Bacteria,p:Proteobacteria,c:Gammaproteobacteria,o:Chromatiales,f:Nitrococcus_f,g:Halopeptonella,s:Halopeptonella vilamensis
ASV1505	88.172	465	55	0	1	465	313	777	3.12e-157	555	tax=d:Bacteria,p:Proteobacteria,c:Gammaproteobacteria,o:Xanthomonadales,f:Xanthomonadaceae,g:Rhodanobacter,s:Rhodanobacter panaciterrae
ASV1505	88.273	469	47	6	1	465	314	778	3.12e-157	555	tax=d:Bacteria,p:Proteobacteria,c:Gammaproteobacteria,o:Chromatiales,f:Wenzhouxiangellaceae,g:Wenzhouxiangella,s:EF632661_s
ASV1505	88.223	467	51	3	1	465	279	743	3.12e-157	555	tax=d:Bacteria,p:Proteobacteria,c:Gammaproteobacteria,o:Chromatiales,f:Wenzhouxiangellaceae,g:Wenzhouxiangella,s:DQ269079_s
ASV1505	88.273	469	47	7	1	465	306	770	3.12e-157	555	tax=d:Bacteria,p:Proteobacteria,c:Gammaproteobacteria,o:Chromatiales,f:FM242303_f,g:FM242303_g,s:AM176842_s
ASV1505	88.248	468	49	6	1	465	310	774	3.12e-157	555	tax=d:Bacteria,p:Proteobacteria,c:Betaproteobacteria,o:Burkholderiales,f:Burkholderiaceae,g:Burkholderia,s:Burkholderia oklahomensis
ASV1505	88.197	466	52	3	1	465	298	761	1.12e-156	553	tax=d:Bacteria,p:Proteobacteria,c:Gammaproteobacteria,o:Nevskiales,f:Solimonadaceae,g:Hydrocarboniphaga,s:Hydrocarboniphaga daqingensis
ASV1505	88.110	471	47	9	1	465	304	771	1.12e-156	553	tax=d:Bacteria,p:Proteobacteria,c:Gammaproteobacteria,o:Xanthomonadales,f:Xanthomonadaceae,g:EU104217_g,s:JF176832_s
ASV1505	88.172	465	53	2	1	465	314	776	1.12e-156	553	tax=d:Bacteria,p:Proteobacteria,c:Gammaproteobacteria,o:Chromatiales,f:Ectothiorhodospiraceae,g:EU735649_g,s:EU735649_s
ASV1505	88.172	465	54	1	1	465	315	778	1.12e-156	553	tax=d:Bacteria,p:Proteobacteria,c:Gammaproteobacteria,o:Xanthomonadales,f:Xanthomonadaceae,g:Rhodanobacter,s:Rhodanobacter lindaniclasticus
ASV1505	87.654	486	38	22	1	465	296	780	4.04e-156	551	tax=d:Bacteria,p:Proteobacteria,c:Gammaproteobacteria,o:Xanthomonadales,f:Xanthomonadaceae,g:Rehaibacterium,s:EF173345_s
ASV1505	88.060	469	48	8	1	465	307	771	1.45e-155	549	tax=d:Bacteria,p:Proteobacteria,c:Gammaproteobacteria,o:Chromatiales,f:MPQE_f,g:MPQE_g,s:MPQE_s
ASV1505	88.009	467	52	4	1	465	306	770	1.45e-155	549	tax=d:Bacteria,p:Proteobacteria,c:Gammaproteobacteria,o:Methylococcales,f:Methylococcaceae,g:JYNS_g,s:JYNS_s
ASV1505	88.009	467	52	4	1	465	316	780	1.45e-155	549	tax=d:Bacteria,p:Proteobacteria,c:Gammaproteobacteria,o:Chromatiales,f:Wenzhouxiangellaceae,g:EU734943_g,s:JQ800774_s
ASV1505	87.983	466	54	2	1	465	290	754	1.45e-155	549	tax=d:Bacteria,p:Proteobacteria,c:Gammaproteobacteria,o:Oceanospirillales,f:EF379881_f,g:EF379881_g,s:JN484947_s
ASV1505	88.085	470	46	10	1	465	308	772	1.45e-155	549	tax=d:Bacteria,p:Proteobacteria,c:Gammaproteobacteria,o:Immundisolibacterales,f:Immundisolibacteraceae,g:JF727677_g,s:JF727677_s
ASV1505	88.110	471	44	10	1	465	324	788	1.45e-155	549	tax=d:Bacteria,p:Proteobacteria,c:Gammaproteobacteria,o:Chromatiales,f:Ectothiorhodospiraceae,g:JF344692_g,s:JF344692_s
ASV1505	88.034	468	50	5	1	465	312	776	1.45e-155	549	tax=d:Bacteria,p:Proteobacteria,c:Gammaproteobacteria,o:Chromatiales,f:Sedimenticola_f,g:Endothiovibrio,s:Endothiovibrio diazotrophicus
ASV1505	88.085	470	46	9	1	465	314	778	1.45e-155	549	tax=d:Bacteria,p:Proteobacteria,c:Gammaproteobacteria,o:Chromatiales,f:Woeseiaceae,g:Woeseia,s:HQ190466_s
ASV1505	87.957	465	56	0	1	465	310	774	1.45e-155	549	tax=d:Bacteria,p:Proteobacteria,c:Betaproteobacteria,o:Burkholderiales,f:Burkholderiaceae,g:Burkholderia,s:Burkholderia pseudomultivorans
ASV1505	88.034	468	50	6	1	465	312	776	1.45e-155	549	tax=d:Bacteria,p:Proteobacteria,c:Gammaproteobacteria,o:Chromatiales,f:Ectothiorhodospiraceae,g:Inmirania,s:GQ246308_s
ASV1505	88.009	467	53	3	1	465	329	794	1.45e-155	549	tax=d:Bacteria,p:Proteobacteria,c:Gammaproteobacteria,o:Chromatiales,f:Wenzhouxiangellaceae,g:EU734943_g,s:FJ202937_s
ASV1505	88.085	470	46	8	1	465	308	772	1.45e-155	549	tax=d:Bacteria,p:Proteobacteria,c:Gammaproteobacteria,o:Chromatiales,f:Woeseiaceae,g:AM997777_g,s:FJ152913_s
ASV1505	87.983	466	54	2	1	465	312	776	1.45e-155	549	tax=d:Bacteria,p:Proteobacteria,c:Gammaproteobacteria,o:Chromatiales,f:Woeseiaceae,g:DQ351802_g,s:EU700180_s
ASV1505	87.957	465	56	0	1	465	308	772	1.45e-155	549	tax=d:Bacteria,p:Proteobacteria,c:Betaproteobacteria,o:Burkholderiales,f:Burkholderiaceae,g:Burkholderia,s:EU150276_s
ASV1505	87.957	465	56	0	1	465	309	773	1.45e-155	549	tax=d:Bacteria,p:Proteobacteria,c:Gammaproteobacteria,o:Chromatiales,f:Nitrococcus_f,g:Spiribacter,s:Spiribacter salinus
ASV1505	88.085	470	46	9	1	465	315	779	1.45e-155	549	tax=d:Bacteria,p:Proteobacteria,c:Gammaproteobacteria,o:Chromatiales,f:Nitrococcus_f,g:Halorhodospira,s:Halorhodospira halochloris
ASV1505	88.009	467	51	4	1	465	306	769	5.22e-155	547	tax=d:Bacteria,p:Proteobacteria,c:Gammaproteobacteria,o:Nevskiales,f:Algiphilaceae,g:Algiphilus,s:EU735671_s
ASV1505	87.846	469	51	5	1	465	329	795	5.22e-155	547	tax=d:Bacteria,p:Proteobacteria,c:Gammaproteobacteria,o:Chromatiales,f:Wenzhouxiangellaceae,g:EU734943_g,s:EU617751_s
ASV1505	87.821	468	53	4	1	465	310	776	1.88e-154	545	tax=d:Bacteria,p:Proteobacteria,c:Gammaproteobacteria,o:Xanthomonadales,f:Xanthomonadaceae,g:Dyella,s:Dyella agri
ASV1505	87.821	468	51	6	1	465	312	776	1.88e-154	545	tax=d:Bacteria,p:Proteobacteria,c:Gammaproteobacteria,o:Alteromonadales,f:Marinobacter_f,g:Marinobacter,s:Marinobacter bryozoorum
ASV1505	87.742	465	57	0	1	465	299	763	6.76e-154	544	tax=d:Bacteria,p:Proteobacteria,c:Gammaproteobacteria,o:Chromatiales,f:Chromatiaceae,g:Thiocystis,s:Thiocystis violacea
ASV1505	87.846	469	49	8	1	465	312	776	6.76e-154	544	tax=d:Bacteria,p:Proteobacteria,c:Gammaproteobacteria,o:Alteromonadales,f:Marinobacter_f,g:Marinobacter,s:LXYN_s
ASV1505	87.846	469	49	8	1	465	312	776	6.76e-154	544	tax=d:Bacteria,p:Proteobacteria,c:Gammaproteobacteria,o:Chromatiales,f:Sedimenticola_f,g:Endoriftia,s:LVKA_s
ASV1505	87.794	467	53	4	1	465	308	772	6.76e-154	544	tax=d:Bacteria,p:Proteobacteria,c:Betaproteobacteria,o:Burkholderiales,f:Burkholderiaceae,g:Mycoavidus,s:Mycoavidus cysteinexigens
ASV1505	87.794	467	53	4	1	465	302	766	6.76e-154	544	tax=d:Bacteria,p:Proteobacteria,c:Gammaproteobacteria,o:Pseudomonadales,f:Pseudomonadaceae,g:Pseudomonas,s:Pseudomonas sihuiensis
ASV1505	87.794	467	53	3	1	465	301	765	6.76e-154	544	tax=d:Bacteria,p:Proteobacteria,c:Gammaproteobacteria,o:Chromatiales,f:Woeseiaceae,g:Woeseia,s:KC009932_s
ASV1505	87.794	467	53	4	1	465	342	806	6.76e-154	544	tax=d:Bacteria,p:Proteobacteria,c:Gammaproteobacteria,o:Chromatiales,f:Wenzhouxiangellaceae,g:AB015252_g,s:JN977236_s
ASV1505	87.821	468	52	5	1	465	316	781	6.76e-154	544	tax=d:Bacteria,p:Proteobacteria,c:Gammaproteobacteria,o:Chromatiales,f:Wenzhouxiangellaceae,g:Wenzhouxiangella,s:JN465994_s
ASV1505	87.821	468	51	5	1	465	310	774	6.76e-154	544	tax=d:Bacteria,p:Proteobacteria,c:Gammaproteobacteria,o:Chromatiales,f:Sedimenticola_f,g:Endoriftia,s:JF344428_s
ASV1505	87.821	468	51	5	1	465	307	771	6.76e-154	544	tax=d:Bacteria,p:Proteobacteria,c:Gammaproteobacteria,o:Arenicellales,f:Arenicellaceae,g:HQ857665_g,s:HQ727615_s
ASV1505	87.846	469	49	8	1	465	312	776	6.76e-154	544	tax=d:Bacteria,p:Proteobacteria,c:Gammaproteobacteria,o:Alteromonadales,f:Marinobacter_f,g:Marinobacter,s:HQ727613_s
ASV1505	87.846	469	49	8	1	465	322	786	6.76e-154	544	tax=d:Bacteria,p:Proteobacteria,c:Gammaproteobacteria,o:Alteromonadales,f:Marinobacter_f,g:Marinobacter,s:HE604777_s
ASV1505	87.794	467	53	3	1	465	316	780	6.76e-154	544	tax=d:Bacteria,p:Proteobacteria,c:Gammaproteobacteria,o:Chromatiales,f:Wenzhouxiangellaceae,g:EU734943_g,s:GQ441225_s
ASV1505	87.794	467	53	4	1	465	328	792	6.76e-154	544	tax=d:Bacteria,p:Proteobacteria,c:Gammaproteobacteria,o:Chromatiales,f:Wenzhouxiangellaceae,g:EU734943_g,s:GQ356974_s
ASV1505	87.872	470	47	9	1	465	326	790	6.76e-154	544	tax=d:Bacteria,p:Proteobacteria,c:Gammaproteobacteria,o:Chromatiales,f:Woeseiaceae,g:AM997777_g,s:GQ264525_s
ASV1505	87.821	468	51	6	1	465	324	788	6.76e-154	544	tax=d:Bacteria,p:Proteobacteria,c:Gammaproteobacteria,o:Chromatiales,f:Thiogranum_f,g:FR670376_g,s:GQ246321_s
ASV1505	87.846	469	49	7	1	465	306	770	6.76e-154	544	tax=d:Bacteria,p:Proteobacteria,c:Gammaproteobacteria,o:Methylococcales,f:Methylococcaceae,g:Methylomagnum,s:FJ810597_s
ASV1505	87.794	467	54	3	1	465	316	781	6.76e-154	544	tax=d:Bacteria,p:Proteobacteria,c:Gammaproteobacteria,o:Xanthomonadales,f:Xanthomonadaceae,g:Chujaibacter,s:FJ536874_s
ASV1505	87.872	470	47	8	1	465	307	771	6.76e-154	544	tax=d:Bacteria,p:Proteobacteria,c:Gammaproteobacteria,o:Chromatiales,f:Chromatiaceae,g:AM176875_g,s:FJ437963_s
ASV1505	87.794	467	53	4	1	465	328	792	6.76e-154	544	tax=d:Bacteria,p:Proteobacteria,c:Gammaproteobacteria,o:Chromatiales,f:Wenzhouxiangellaceae,g:Wenzhouxiangella,s:EU592380_s
ASV1505	87.742	465	57	0	1	465	310	774	6.76e-154	544	tax=d:Bacteria,p:Proteobacteria,c:Gammaproteobacteria,o:Chromatiales,f:Thioalkalispiraceae,g:EU652540_g,s:EU491253_s
ASV1505	87.821	468	51	6	1	465	312	776	6.76e-154	544	tax=d:Bacteria,p:Proteobacteria,c:Gammaproteobacteria,o:Chromatiales,f:Ectothiorhodospiraceae,g:Inmirania,s:EU035934_s
ASV1505	87.794	467	53	4	1	465	309	773	6.76e-154	544	tax=d:Bacteria,p:Proteobacteria,c:Gammaproteobacteria,o:Chromatiales,f:Chromatiaceae,g:FM242217_g,s:EF125401_s
ASV1505	87.794	467	53	4	1	465	308	772	6.76e-154	544	tax=d:Bacteria,p:Proteobacteria,c:Betaproteobacteria,o:Burkholderiales,f:Burkholderiaceae,g:Burkholderia,s:Burkholderia pseudomallei
ASV1505	87.742	465	57	0	1	465	310	774	6.76e-154	544	tax=d:Bacteria,p:Proteobacteria,c:Betaproteobacteria,o:Burkholderiales,f:Burkholderiaceae,g:Paraburkholderia,s:Paraburkholderia phytofirmans
ASV1505	87.794	467	53	4	1	465	308	772	6.76e-154	544	tax=d:Bacteria,p:Proteobacteria,c:Betaproteobacteria,o:Burkholderiales,f:Burkholderiaceae,g:Burkholderia,s:Burkholderia mallei
ASV1505	87.794	467	53	4	1	465	308	772	6.76e-154	544	tax=d:Bacteria,p:Proteobacteria,c:Gammaproteobacteria,o:Pseudomonadales,f:Pseudomonadaceae,g:Pseudomonas,s:ATKM_s
ASV1505	87.846	469	49	7	1	465	309	773	6.76e-154	544	tax=d:Bacteria,p:Proteobacteria,c:Gammaproteobacteria,o:Chromatiales,f:Chromatiaceae,g:FM955323_g,s:AM882561_s
ASV1505	87.821	468	51	4	1	465	310	774	6.76e-154	544	tax=d:Bacteria,p:Proteobacteria,c:Betaproteobacteria,o:Burkholderiales,f:Burkholderiaceae,g:Burkholderia,s:Burkholderia seminalis
ASV1505	87.794	467	53	4	1	465	306	770	6.76e-154	544	tax=d:Bacteria,p:Proteobacteria,c:Gammaproteobacteria,o:Chromatiales,f:Chromatiaceae,g:AM176875_g,s:AM176875_s
ASV1505	87.846	469	49	6	1	465	312	776	6.76e-154	544	tax=d:Bacteria,p:Proteobacteria,c:Gammaproteobacteria,o:Chromatiales,f:Sedimenticola_f,g:Endoriftia,s:Endoriftia persephone
ASV1505	87.821	468	51	6	1	465	282	746	6.76e-154	544	tax=d:Bacteria,p:Proteobacteria,c:Gammaproteobacteria,o:Chromatiales,f:Woeseiaceae,g:Woeseia,s:AB694344_s
ASV1505	87.768	466	55	2	1	465	315	779	6.76e-154	544	tax=d:Bacteria,p:Proteobacteria,c:Gammaproteobacteria,o:Chromatiales,f:Thioprofundaceae,g:Thioprofundum,s:Thioprofundum lithotrophicum
ASV1505	87.794	467	53	4	1	465	314	778	6.76e-154	544	tax=d:Bacteria,p:Proteobacteria,c:Gammaproteobacteria,o:Arenicellales,f:Arenicellaceae,g:GQ356971_g,s:AB252426_s
ASV1505	87.794	467	53	4	1	465	308	772	6.76e-154	544	tax=d:Bacteria,p:Proteobacteria,c:Gammaproteobacteria,o:Pseudomonadales,f:Pseudomonadaceae,g:Azotobacter,s:Azotobacter nigricans
ASV1505	87.768	466	54	3	1	465	305	768	2.43e-153	542	tax=d:Bacteria,p:Proteobacteria,c:Gammaproteobacteria,o:Acidiferrobacterales,f:Acidiferrobacteraceae,g:Acidiferrobacter,s:PAC002616_s
ASV1505	87.794	467	52	5	1	465	327	790	2.43e-153	542	tax=d:Bacteria,p:Proteobacteria,c:Gammaproteobacteria,o:Chromatiales,f:Wenzhouxiangellaceae,g:AB015252_g,s:JF344002_s
ASV1505	87.821	468	50	7	1	465	312	775	2.43e-153	542	tax=d:Bacteria,p:Proteobacteria,c:Gammaproteobacteria,o:Chromatiales,f:Ectothiorhodospiraceae,g:Inmirania,s:HM186694_s
ASV1505	87.794	467	52	5	1	465	307	770	2.43e-153	542	tax=d:Bacteria,p:Proteobacteria,c:Gammaproteobacteria,o:Acidiferrobacterales,f:Acidiferrobacteraceae,g:Acidiferrobacter,s:EU335447_s
ASV1505	87.794	467	52	4	1	465	300	763	2.43e-153	542	tax=d:Bacteria,p:Proteobacteria,c:Gammaproteobacteria,o:Nevskiales,f:Solimonadaceae,g:Solimonas,s:Solimonas variicoloris
ASV1505	87.821	468	49	7	1	465	315	777	2.43e-153	542	tax=d:Bacteria,p:Proteobacteria,c:Gammaproteobacteria,o:Acidiferrobacterales,f:Acidiferrobacteraceae,g:EU491360_g,s:AJ567603_s
ASV1505	87.607	468	52	4	1	465	310	774	3.14e-152	538	tax=d:Bacteria,p:Proteobacteria,c:Betaproteobacteria,o:Burkholderiales,f:Burkholderiaceae,g:Burkholderia,s:Burkholderia puraquae
ASV1505	87.633	469	50	8	1	465	312	776	3.14e-152	538	tax=d:Bacteria,p:Proteobacteria,c:Gammaproteobacteria,o:Chromatiales,f:Sedimenticola_f,g:Endoriftia,s:Thiodiazotropha endoloripes
ASV1505	87.607	468	52	4	1	465	310	774	3.14e-152	538	tax=d:Bacteria,p:Proteobacteria,c:Betaproteobacteria,o:Burkholderiales,f:Burkholderiaceae,g:Burkholderia,s:Burkholderia territorii
ASV1505	87.527	465	58	0	1	465	293	757	3.14e-152	538	tax=d:Bacteria,p:Proteobacteria,c:Gammaproteobacteria,o:Xanthomonadales,f:Xanthomonadaceae,g:Rhodanobacter,s:Rhodanobacter koreensis
ASV1505	87.580	467	54	4	1	465	312	776	3.14e-152	538	tax=d:Bacteria,p:Proteobacteria,c:Gammaproteobacteria,o:Salinisphaerales,f:Salinisphaeraceae,g:Oceanococcus,s:Oceanococcus atlanticus
ASV1505	87.580	467	54	4	1	465	307	771	3.14e-152	538	tax=d:Bacteria,p:Proteobacteria,c:Gammaproteobacteria,o:Alteromonadales,f:Marinobacter_f,g:Marinobacter,s:Marinobacter halophilus
ASV1505	87.554	466	56	2	1	465	282	746	3.14e-152	538	tax=d:Bacteria,p:Proteobacteria,c:Betaproteobacteria,o:Burkholderiales,f:Burkholderiaceae,g:Paraburkholderia,s:Paraburkholderia dipogonis
ASV1505	87.633	469	50	8	1	465	284	748	3.14e-152	538	tax=d:Bacteria,p:Proteobacteria,c:Gammaproteobacteria,o:Alteromonadales,f:Colwelliaceae,g:Colwellia,s:Colwellia aquaemaris
ASV1505	87.686	471	46	10	1	465	313	777	3.14e-152	538	tax=d:Bacteria,p:Proteobacteria,c:Gammaproteobacteria,o:Legionellales,f:Coxiellaceae,g:JQ347475_g,s:JQ347475_s
ASV1505	87.633	469	50	6	1	465	383	847	3.14e-152	538	tax=d:Bacteria,p:Proteobacteria,c:Gammaproteobacteria,o:Arenicellales,f:Arenicellaceae,g:EU617746_g,s:JN672659_s
ASV1505	87.580	467	54	4	1	465	307	771	3.14e-152	538	tax=d:Bacteria,p:Proteobacteria,c:Gammaproteobacteria,o:Chromatiales,f:Chromatiaceae,g:FM955323_g,s:JN535675_s
ASV1505	87.580	467	54	4	1	465	308	772	3.14e-152	538	tax=d:Bacteria,p:Proteobacteria,c:Betaproteobacteria,o:PAC001907_o,f:PAC001907_f,g:PAC001907_g,s:JN398109_s
ASV1505	87.607	468	52	4	1	465	310	774	3.14e-152	538	tax=d:Bacteria,p:Proteobacteria,c:Betaproteobacteria,o:Burkholderiales,f:Burkholderiaceae,g:Burkholderia,s:JJOA_s
ASV1505	87.607	468	53	5	1	465	310	775	3.14e-152	538	tax=d:Bacteria,p:Proteobacteria,c:Betaproteobacteria,o:Burkholderiales,f:Burkholderiaceae,g:Caballeronia,s:Caballeronia jiangsuensis
ASV1505	87.607	468	52	6	1	465	312	776	3.14e-152	538	tax=d:Bacteria,p:Proteobacteria,c:Gammaproteobacteria,o:Chromatiales,f:Ectothiorhodospiraceae,g:Inmirania,s:JF344005_s
ASV1505	87.607	468	52	6	1	465	308	772	3.14e-152	538	tax=d:Bacteria,p:Proteobacteria,c:Gammaproteobacteria,o:Methylococcales,f:Methylococcaceae,g:Methyloparacoccus,s:HQ609708_s
ASV1505	87.607	468	52	5	1	465	313	777	3.14e-152	538	tax=d:Bacteria,p:Proteobacteria,c:Gammaproteobacteria,o:Chromatiales,f:Thiogranum_f,g:Thiogranum,s:HQ588532_s
ASV1505	87.660	470	48	8	1	465	311	775	3.14e-152	538	tax=d:Bacteria,p:Proteobacteria,c:Gammaproteobacteria,o:Chromatiales,f:Chromatiaceae,g:HQ191035_g,s:HQ191035_s
ASV1505	87.607	468	52	6	1	465	311	775	3.14e-152	538	tax=d:Bacteria,p:Proteobacteria,c:Gammaproteobacteria,o:Chromatiales,f:Woeseiaceae,g:Woeseia,s:HQ191028_s
ASV1505	87.633	469	50	7	1	465	308	772	3.14e-152	538	tax=d:Bacteria,p:Proteobacteria,c:Gammaproteobacteria,o:Methylococcales,f:Methylococcaceae,g:Methyloparacoccus,s:Methyloparacoccus murrellii
ASV1505	87.580	467	54	4	1	465	308	772	3.14e-152	538	tax=d:Bacteria,p:Proteobacteria,c:Betaproteobacteria,o:PAC001907_o,f:PAC001907_f,g:PAC001907_g,s:GU454976_s
ASV1505	87.660	470	48	9	1	465	307	771	3.14e-152	538	tax=d:Bacteria,p:Proteobacteria,c:Gammaproteobacteria,o:Chromatiales,f:Sedimenticola_f,g:Endoriftia,s:GU302458_s
ASV1505	87.633	469	50	8	1	465	308	772	3.14e-152	538	tax=d:Bacteria,p:Proteobacteria,c:Gammaproteobacteria,o:Pseudomonadales,f:Pseudomonadaceae,g:Pseudomonas,s:Pseudomonas jinjuensis
ASV1505	87.580	467	54	4	1	465	286	750	3.14e-152	538	tax=d:Bacteria,p:Proteobacteria,c:Gammaproteobacteria,o:Legionellales,f:Coxiellaceae,g:EF492925_g,s:FJ905668_s
ASV1505	87.580	467	54	4	1	465	312	776	3.14e-152	538	tax=d:Bacteria,p:Proteobacteria,c:Gammaproteobacteria,o:Chromatiales,f:Woeseiaceae,g:Woeseia,s:FJ748779_s
ASV1505	87.607	468	52	6	1	465	292	756	3.14e-152	538	tax=d:Bacteria,p:Proteobacteria,c:Gammaproteobacteria,o:Chromatiales,f:Nitrococcus_f,g:Methylonatrum,s:FJ152581_s
ASV1505	87.633	469	50	8	1	465	305	769	3.14e-152	538	tax=d:Bacteria,p:Proteobacteria,c:Betaproteobacteria,o:PAC002541_o,f:PAC002541_f,g:AF467301_g,s:EU803713_s
ASV1505	87.633	469	50	8	1	465	298	762	3.14e-152	538	tax=d:Bacteria,p:Proteobacteria,c:Gammaproteobacteria,o:Alteromonadales,f:Marinobacter_f,g:Marinobacter,s:Marinobacter goseongensis
ASV1505	87.580	467	54	4	1	465	312	776	3.14e-152	538	tax=d:Bacteria,p:Proteobacteria,c:Gammaproteobacteria,o:Alteromonadales,f:Marinobacter_f,g:Marinobacter,s:Marinobacter salicampi
ASV1505	87.607	468	52	6	1	465	328	792	3.14e-152	538	tax=d:Bacteria,p:Proteobacteria,c:Gammaproteobacteria,o:Chromatiales,f:Wenzhouxiangellaceae,g:EU734943_g,s:DQ394908_s
ASV1505	87.527	465	58	0	1	465	310	774	3.14e-152	538	tax=d:Bacteria,p:Proteobacteria,c:Betaproteobacteria,o:Burkholderiales,f:Burkholderiaceae,g:Paraburkholderia,s:CP022990_s
ASV1505	87.554	466	57	1	1	465	316	781	3.14e-152	538	tax=d:Bacteria,p:Proteobacteria,c:Gammaproteobacteria,o:Chromatiales,f:Wenzhouxiangellaceae,g:Wenzhouxiangella,s:Wenzhouxiangella marina
ASV1505	87.607	468	52	4	1	465	310	774	3.14e-152	538	tax=d:Bacteria,p:Proteobacteria,c:Betaproteobacteria,o:Burkholderiales,f:Burkholderiaceae,g:Burkholderia,s:Burkholderia vietnamiensis
ASV1505	87.607	468	52	5	1	465	308	772	3.14e-152	538	tax=d:Bacteria,p:Proteobacteria,c:Betaproteobacteria,o:Burkholderiales,f:Burkholderiaceae,g:Burkholderia,s:Burkholderia thailandensis
ASV1505	87.527	465	58	0	1	465	310	774	3.14e-152	538	tax=d:Bacteria,p:Proteobacteria,c:Betaproteobacteria,o:Burkholderiales,f:Burkholderiaceae,g:Paraburkholderia,s:Paraburkholderia caledonica
ASV1505	87.607	468	52	4	1	465	310	774	3.14e-152	538	tax=d:Bacteria,p:Proteobacteria,c:Betaproteobacteria,o:Burkholderiales,f:Burkholderiaceae,g:Burkholderia,s:Burkholderia cepacia
ASV1505	87.633	469	50	5	1	465	310	774	3.14e-152	538	tax=d:Bacteria,p:Proteobacteria,c:Betaproteobacteria,o:Burkholderiales,f:Burkholderiaceae,g:Burkholderia,s:Burkholderia metallica
ASV1505	87.633	469	50	7	1	465	306	770	3.14e-152	538	tax=d:Bacteria,p:Proteobacteria,c:Gammaproteobacteria,o:Steroidobacter_o,f:DQ984612_f,g:AB252883_g,s:AJ582040_s
ASV1505	87.554	466	55	3	1	465	308	771	1.13e-151	536	tax=d:Bacteria,p:Proteobacteria,c:Gammaproteobacteria,o:Nevskiales,f:Algiphilaceae,g:Algiphilus,s:Algiphilus aromaticivorans
