ASV1632	98.491	464	6	1	1	463	307	770	0.0	817	tax=d:Bacteria,p:Verrucomicrobia,c:Verrucomicrobiae,o:Verrucomicrobiales,f:Verrucomicrobiaceae,g:Roseimicrobium,s:Roseimicrobium gellanilyticum
ASV1632	96.552	464	15	1	1	463	306	769	0.0	767	tax=d:Bacteria,p:Verrucomicrobia,c:Verrucomicrobiae,o:Verrucomicrobiales,f:Verrucomicrobiaceae,g:Roseimicrobium,s:HM186393_s
ASV1632	91.202	466	35	6	1	463	307	769	1.80e-179	628	tax=d:Bacteria,p:Verrucomicrobia,c:Verrucomicrobiae,o:Verrucomicrobiales,f:Verrucomicrobiaceae,g:Verrucomicrobium,s:HE614818_s
ASV1632	91.221	467	34	7	1	463	307	770	1.80e-179	628	tax=d:Bacteria,p:Verrucomicrobia,c:Verrucomicrobiae,o:Verrucomicrobiales,f:Verrucomicrobiaceae,g:Verrucomicrobium,s:Verrucomicrobium spinosum
ASV1632	91.006	467	35	7	1	463	307	770	8.40e-178	623	tax=d:Bacteria,p:Verrucomicrobia,c:Verrucomicrobiae,o:Verrucomicrobiales,f:Verrucomicrobiaceae,g:Verrucomicrobium,s:BATQ_s
ASV1632	90.812	468	34	9	1	463	259	722	3.91e-176	617	tax=d:Bacteria,p:Verrucomicrobia,c:Verrucomicrobiae,o:Verrucomicrobiales,f:Verrucomicrobiaceae,g:Verrucomicrobium,s:BATR_s
ASV1632	90.171	468	36	9	1	463	296	758	3.93e-171	601	tax=d:Bacteria,p:Verrucomicrobia,c:Verrucomicrobiae,o:Verrucomicrobiales,f:Verrucomicrobiaceae,g:Verrucomicrobium,s:JQ311862_s
ASV1632	90.150	467	38	7	1	463	307	769	3.93e-171	601	tax=d:Bacteria,p:Verrucomicrobia,c:Verrucomicrobiae,o:Verrucomicrobiales,f:Verrucomicrobiaceae,g:Verrucomicrobium,s:FJ543060_s
ASV1632	89.892	465	44	3	1	463	333	796	1.83e-169	595	tax=d:Bacteria,p:Verrucomicrobia,c:Spartobacteria,o:Chthoniobacterales,f:Chthoniobacteraceae,g:HQ863979_g,s:HQ863979_s
ASV1632	89.655	464	47	1	1	463	316	779	8.52e-168	590	tax=d:Bacteria,p:Verrucomicrobia,c:Verrucomicrobiae,o:Verrucomicrobiales,f:DQ856525_f,g:JF319253_g,s:JF319253_s
ASV1632	89.722	467	40	8	1	463	307	769	8.52e-168	590	tax=d:Bacteria,p:Verrucomicrobia,c:Verrucomicrobiae,o:Verrucomicrobiales,f:Verrucomicrobiaceae,g:Verrucomicrobium,s:HQ218643_s
ASV1632	89.700	466	43	4	1	463	316	779	8.52e-168	590	tax=d:Bacteria,p:Verrucomicrobia,c:Verrucomicrobiae,o:Verrucomicrobiales,f:DQ856525_f,g:JF319253_g,s:AY212695_s
ASV1632	89.440	464	48	1	1	463	316	779	3.96e-166	584	tax=d:Bacteria,p:Verrucomicrobia,c:Verrucomicrobiae,o:Verrucomicrobiales,f:DQ856525_f,g:JF319253_g,s:JF174802_s
ASV1632	89.462	465	46	3	1	463	315	778	3.96e-166	584	tax=d:Bacteria,p:Verrucomicrobia,c:Verrucomicrobiae,o:Verrucomicrobiales,f:DQ856525_f,g:JF319253_g,s:EU135552_s
ASV1632	89.247	465	47	3	1	463	314	777	1.84e-164	579	tax=d:Bacteria,p:Verrucomicrobia,c:Verrucomicrobiae,o:Verrucomicrobiales,f:Verrucomicrobiaceae,g:Prosthecobacter,s:JN090821_s
ASV1632	89.224	464	49	1	1	463	316	779	1.84e-164	579	tax=d:Bacteria,p:Verrucomicrobia,c:Verrucomicrobiae,o:Verrucomicrobiales,f:DQ856525_f,g:JF319253_g,s:JF178881_s
ASV1632	89.224	464	49	1	1	463	314	777	1.84e-164	579	tax=d:Bacteria,p:Verrucomicrobia,c:Verrucomicrobiae,o:Verrucomicrobiales,f:DQ856525_f,g:JF319253_g,s:HM069100_s
ASV1632	89.032	465	48	3	1	463	330	793	8.58e-163	573	tax=d:Bacteria,p:Verrucomicrobia,c:Verrucomicrobiae,o:Verrucomicrobiales,f:Verrucomicrobiaceae,g:JQ624245_g,s:JQ624245_s
ASV1632	89.417	463	37	7	1	463	301	751	8.58e-163	573	tax=d:Bacteria,p:Verrucomicrobia,c:Verrucomicrobiae,o:Verrucomicrobiales,f:Verrucomicrobiaceae,g:AB179538_g,s:AB179538_s
ASV1632	88.841	466	48	4	1	463	314	778	1.11e-161	569	tax=d:Bacteria,p:Verrucomicrobia,c:Verrucomicrobiae,o:Verrucomicrobiales,f:Verrucomicrobiaceae,g:Prosthecobacter,s:JX047133_s
ASV1632	88.841	466	45	7	1	463	314	775	3.99e-161	568	tax=d:Bacteria,p:Verrucomicrobia,c:Verrucomicrobiae,o:Verrucomicrobiales,f:Verrucomicrobiaceae,g:Prosthecobacter,s:JX406260_s
ASV1632	88.841	466	47	5	1	463	314	777	3.99e-161	568	tax=d:Bacteria,p:Verrucomicrobia,c:Verrucomicrobiae,o:Verrucomicrobiales,f:Verrucomicrobiaceae,g:AY344427_g,s:AY344427_s
ASV1632	88.602	465	51	2	1	463	314	778	5.16e-160	564	tax=d:Bacteria,p:Verrucomicrobia,c:Verrucomicrobiae,o:Verrucomicrobiales,f:Verrucomicrobiaceae,g:Prosthecobacter,s:Brevifollis gellanilyticus
ASV1632	88.651	467	46	7	1	463	286	749	1.86e-159	562	tax=d:Bacteria,p:Verrucomicrobia,c:Verrucomicrobiae,o:Verrucomicrobiales,f:Verrucomicrobiaceae,g:Prosthecobacter,s:Prosthecobacter algae
ASV1632	88.602	465	50	3	1	463	314	777	1.86e-159	562	tax=d:Bacteria,p:Verrucomicrobia,c:Verrucomicrobiae,o:Verrucomicrobiales,f:Verrucomicrobiaceae,g:Prosthecobacter,s:Prosthecobacter fusiformis
ASV1632	88.387	465	51	3	1	463	324	787	8.64e-158	556	tax=d:Bacteria,p:Verrucomicrobia,c:Spartobacteria,o:Chthoniobacterales,f:Chthoniobacteraceae,g:JN869224_g,s:JN869224_s
ASV1632	88.387	465	51	3	1	463	329	792	8.64e-158	556	tax=d:Bacteria,p:Verrucomicrobia,c:Verrucomicrobiae,o:Verrucomicrobiales,f:Verrucomicrobiaceae,g:FJ542990_g,s:FJ623356_s
ASV1632	88.387	465	50	4	1	463	330	792	8.64e-158	556	tax=d:Bacteria,p:Verrucomicrobia,c:Verrucomicrobiae,o:Verrucomicrobiales,f:Verrucomicrobiaceae,g:FJ542990_g,s:FJ542990_s
ASV1632	88.412	466	49	5	1	463	314	777	8.64e-158	556	tax=d:Bacteria,p:Verrucomicrobia,c:Verrucomicrobiae,o:Verrucomicrobiales,f:Verrucomicrobiaceae,g:Prosthecobacter,s:AY922120_s
ASV1632	88.223	467	48	7	1	463	314	777	1.12e-156	553	tax=d:Bacteria,p:Verrucomicrobia,c:Verrucomicrobiae,o:Verrucomicrobiales,f:Verrucomicrobiaceae,g:Prosthecobacter,s:Prosthecobacter dejongeii
ASV1632	88.197	466	50	5	1	463	326	789	4.02e-156	551	tax=d:Bacteria,p:Verrucomicrobia,c:Spartobacteria,o:Chthoniobacterales,f:Chthoniobacteraceae,g:PAC001932_g,s:JX505036_s
ASV1632	88.147	464	54	1	1	463	329	792	4.02e-156	551	tax=d:Bacteria,p:Verrucomicrobia,c:Verrucomicrobiae,o:Verrucomicrobiales,f:Verrucomicrobiaceae,g:FJ542990_g,s:HM129050_s
ASV1632	88.034	468	48	8	1	463	314	778	5.20e-155	547	tax=d:Bacteria,p:Verrucomicrobia,c:Verrucomicrobiae,o:Verrucomicrobiales,f:Verrucomicrobiaceae,g:Prosthecobacter,s:JX406247_s
ASV1632	88.009	467	50	6	1	463	328	792	5.20e-155	547	tax=d:Bacteria,p:Verrucomicrobia,c:Verrucomicrobiae,o:Verrucomicrobiales,f:DQ856525_f,g:DQ856525_g,s:JF044977_s
ASV1632	87.957	465	53	3	1	463	314	777	1.87e-154	545	tax=d:Bacteria,p:Verrucomicrobia,c:Verrucomicrobiae,o:Verrucomicrobiales,f:Verrucomicrobiaceae,g:Prosthecobacter,s:Prosthecobacter vanneervenii
ASV1632	87.957	465	53	3	1	463	324	787	1.87e-154	545	tax=d:Bacteria,p:Verrucomicrobia,c:Spartobacteria,o:Chthoniobacterales,f:Chthoniobacteraceae,g:JQ801040_g,s:JQ801040_s
ASV1632	87.957	465	53	3	1	463	321	784	1.87e-154	545	tax=d:Bacteria,p:Verrucomicrobia,c:Verrucomicrobiae,o:Verrucomicrobiales,f:DQ856525_f,g:DQ856525_g,s:JF188026_s
ASV1632	87.957	465	53	3	1	463	321	784	1.87e-154	545	tax=d:Bacteria,p:Verrucomicrobia,c:Verrucomicrobiae,o:Verrucomicrobiales,f:DQ856525_f,g:DQ856525_g,s:JF177295_s
ASV1632	87.983	466	51	5	1	463	314	777	1.87e-154	545	tax=d:Bacteria,p:Verrucomicrobia,c:Verrucomicrobiae,o:Verrucomicrobiales,f:Verrucomicrobiaceae,g:Prosthecobacter,s:Prosthecobacter fluviatilis
ASV1632	87.742	465	55	2	1	463	330	794	2.42e-153	542	tax=d:Bacteria,p:Verrucomicrobia,c:Spartobacteria,o:Chthoniobacterales,f:Chthoniobacteraceae,g:FJ542991_g,s:FJ542991_s
ASV1632	87.768	466	52	5	1	463	326	789	8.70e-153	540	tax=d:Bacteria,p:Verrucomicrobia,c:Spartobacteria,o:Chthoniobacterales,f:Chthoniobacteraceae,g:PAC001932_g,s:PAC002064_s
ASV1632	87.768	466	52	5	1	463	326	789	8.70e-153	540	tax=d:Bacteria,p:Verrucomicrobia,c:Spartobacteria,o:Chthoniobacterales,f:Chthoniobacteraceae,g:PAC001932_g,s:FJ478795_s
ASV1632	87.768	466	52	5	1	463	326	789	8.70e-153	540	tax=d:Bacteria,p:Verrucomicrobia,c:Spartobacteria,o:Chthoniobacterales,f:Chthoniobacteraceae,g:PAC001932_g,s:EF516536_s
ASV1632	87.768	466	52	5	1	463	325	788	8.70e-153	540	tax=d:Bacteria,p:Verrucomicrobia,c:Spartobacteria,o:Chthoniobacterales,f:Chthoniobacteraceae,g:PAC001932_g,s:EF516528_s
ASV1632	87.607	468	50	8	1	463	311	775	1.13e-151	536	tax=d:Bacteria,p:Verrucomicrobia,c:Verrucomicrobiae,o:Verrucomicrobiales,f:Luteolibacter_f,g:Luteolibacter,s:Luteolibacter pohnpeiensis
ASV1632	87.957	465	41	10	1	463	312	763	4.05e-151	534	tax=d:Bacteria,p:Verrucomicrobia,c:Verrucomicrobiae,o:Verrucomicrobiales,f:FJ437931_f,g:FJ437931_g,s:GU454934_s
ASV1632	87.527	465	55	3	1	463	315	778	4.05e-151	534	tax=d:Bacteria,p:Verrucomicrobia,c:Verrucomicrobiae,o:Verrucomicrobiales,f:DQ856525_f,g:GQ396806_g,s:GQ396806_s
ASV1632	87.554	466	53	5	1	463	324	787	4.05e-151	534	tax=d:Bacteria,p:Verrucomicrobia,c:Spartobacteria,o:Chthoniobacterales,f:Chthoniobacteraceae,g:JN869224_g,s:GQ340198_s
ASV1632	87.554	466	53	5	1	463	325	788	4.05e-151	534	tax=d:Bacteria,p:Verrucomicrobia,c:Spartobacteria,o:Chthoniobacterales,f:Chthoniobacteraceae,g:PAC001932_g,s:EU135498_s
ASV1632	87.312	465	56	3	1	463	314	777	5.24e-150	531	tax=d:Bacteria,p:Verrucomicrobia,c:Verrucomicrobiae,o:Verrucomicrobiales,f:Verrucomicrobiaceae,g:Prosthecobacter,s:Prosthecobacter debontii
ASV1632	87.366	467	53	6	1	463	324	788	5.24e-150	531	tax=d:Bacteria,p:Verrucomicrobia,c:Spartobacteria,o:Chthoniobacterales,f:Chthoniobacteraceae,g:FJ542958_g,s:JF176295_s
ASV1632	87.366	467	53	6	1	463	277	741	5.24e-150	531	tax=d:Bacteria,p:Verrucomicrobia,c:Verrucomicrobiae,o:Verrucomicrobiales,f:Luteolibacter_f,g:Luteolibacter,s:AY752115_s
ASV1632	87.339	466	54	5	1	463	326	789	1.88e-149	529	tax=d:Bacteria,p:Verrucomicrobia,c:Spartobacteria,o:Chthoniobacterales,f:Chthoniobacteraceae,g:PAC001932_g,s:EU861831_s
ASV1632	87.339	466	54	5	1	463	326	789	1.88e-149	529	tax=d:Bacteria,p:Verrucomicrobia,c:Spartobacteria,o:Chthoniobacterales,f:Chthoniobacteraceae,g:PAC001932_g,s:EU335341_s
ASV1632	87.339	466	54	5	1	463	308	771	1.88e-149	529	tax=d:Bacteria,p:Verrucomicrobia,c:Spartobacteria,o:Chthoniobacterales,f:Chthoniobacteraceae,g:PAC001932_g,s:EU135426_s
ASV1632	87.366	467	52	6	1	463	326	789	1.88e-149	529	tax=d:Bacteria,p:Verrucomicrobia,c:Spartobacteria,o:Chthoniobacterales,f:Chthoniobacteraceae,g:PAC001932_g,s:AB672117_s
ASV1632	87.097	465	58	2	1	463	317	781	2.44e-148	525	tax=d:Bacteria,p:Verrucomicrobia,c:Verrucomicrobiae,o:Verrucomicrobiales,f:FJ437931_f,g:FJ437931_g,s:JQ337395_s
ASV1632	87.124	466	55	5	1	463	326	789	8.76e-148	523	tax=d:Bacteria,p:Verrucomicrobia,c:Spartobacteria,o:Chthoniobacterales,f:Chthoniobacteraceae,g:PAC001932_g,s:PAC001932_s
ASV1632	87.207	469	49	11	1	463	326	789	8.76e-148	523	tax=d:Bacteria,p:Verrucomicrobia,c:Spartobacteria,o:Chthoniobacterales,f:Chthoniobacteraceae,g:PAC001932_g,s:JF319224_s
ASV1632	87.097	465	57	3	1	463	324	787	8.76e-148	523	tax=d:Bacteria,p:Verrucomicrobia,c:Spartobacteria,o:Chthoniobacterales,f:Chthoniobacteraceae,g:PAC001932_g,s:HQ121126_s
ASV1632	87.179	468	51	9	1	463	332	795	8.76e-148	523	tax=d:Bacteria,p:Verrucomicrobia,c:Spartobacteria,o:Chthoniobacterales,f:Chthoniobacteraceae,g:EF516525_g,s:HM274142_s
ASV1632	87.069	464	58	2	1	463	315	777	8.76e-148	523	tax=d:Bacteria,p:Verrucomicrobia,c:Spartobacteria,o:Chthoniobacterales,f:Chthoniobacteraceae,g:PAC002252_g,s:HM069101_s
ASV1632	87.152	467	52	7	1	463	323	785	8.76e-148	523	tax=d:Bacteria,p:Verrucomicrobia,c:Spartobacteria,o:Chthoniobacterales,f:Chthoniobacteraceae,g:PAC001932_g,s:EU135481_s
ASV1632	87.124	466	55	5	1	463	325	788	8.76e-148	523	tax=d:Bacteria,p:Verrucomicrobia,c:Spartobacteria,o:Chthoniobacterales,f:Chthoniobacteraceae,g:PAC001932_g,s:EF516136_s
ASV1632	87.152	467	53	7	1	463	325	788	8.76e-148	523	tax=d:Bacteria,p:Verrucomicrobia,c:Spartobacteria,o:Chthoniobacterales,f:Chthoniobacteraceae,g:PAC001932_g,s:EF516048_s
ASV1632	87.179	468	51	9	1	463	324	787	8.76e-148	523	tax=d:Bacteria,p:Verrucomicrobia,c:Spartobacteria,o:Chthoniobacterales,f:Chthoniobacteraceae,g:EF516525_g,s:EF020110_s
ASV1632	87.124	466	55	5	1	463	326	789	8.76e-148	523	tax=d:Bacteria,p:Verrucomicrobia,c:Spartobacteria,o:Chthoniobacterales,f:Chthoniobacteraceae,g:PAC001932_g,s:DQ395978_s
ASV1632	87.124	466	55	5	1	463	309	772	8.76e-148	523	tax=d:Bacteria,p:Verrucomicrobia,c:Spartobacteria,o:Chthoniobacterales,f:Chthoniobacteraceae,g:PAC002252_g,s:AY963437_s
ASV1632	87.152	467	53	7	1	463	324	787	8.76e-148	523	tax=d:Bacteria,p:Verrucomicrobia,c:Spartobacteria,o:Chthoniobacterales,f:Chthoniobacteraceae,g:FJ542958_g,s:AY960774_s
ASV1632	87.097	465	57	3	1	463	314	777	8.76e-148	523	tax=d:Bacteria,p:Verrucomicrobia,c:Verrucomicrobiae,o:Verrucomicrobiales,f:DQ856525_f,g:JF319253_g,s:AF418948_s
ASV1632	86.882	465	59	2	1	463	281	745	1.13e-146	520	tax=d:Bacteria,p:Verrucomicrobia,c:Verrucomicrobiae,o:Verrucomicrobiales,f:Luteolibacter_f,g:Luteolibacter,s:Luteolibacter cuticulihirudinis
ASV1632	86.910	466	57	4	1	463	314	778	1.13e-146	520	tax=d:Bacteria,p:Verrucomicrobia,c:Verrucomicrobiae,o:Verrucomicrobiales,f:Verrucomicrobiaceae,g:Prosthecobacter,s:JN868960_s
ASV1632	86.966	468	54	6	1	463	330	795	1.13e-146	520	tax=d:Bacteria,p:Verrucomicrobia,c:Verrucomicrobiae,o:Verrucomicrobiales,f:GU230460_f,g:JF343981_g,s:JF343981_s
ASV1632	86.966	468	53	7	1	463	321	785	1.13e-146	520	tax=d:Bacteria,p:Verrucomicrobia,c:Verrucomicrobiae,o:Verrucomicrobiales,f:DQ856525_f,g:DQ856525_g,s:JF228196_s
ASV1632	86.938	467	55	6	1	463	308	772	1.13e-146	520	tax=d:Bacteria,p:Verrucomicrobia,c:Spartobacteria,o:Chthoniobacterales,f:Chthoniobacteraceae,g:FJ542958_g,s:JF135434_s
ASV1632	86.966	468	53	7	1	463	307	771	1.13e-146	520	tax=d:Bacteria,p:Verrucomicrobia,c:Verrucomicrobiae,o:Verrucomicrobiales,f:Luteolibacter_f,g:AJ441222_g,s:FJ437954_s
ASV1632	86.882	465	59	2	1	463	306	770	1.13e-146	520	tax=d:Bacteria,p:Verrucomicrobia,c:Verrucomicrobiae,o:Verrucomicrobiales,f:Luteolibacter_f,g:AJ441222_g,s:AJ441222_s
ASV1632	86.966	468	52	8	1	463	334	797	4.08e-146	518	tax=d:Bacteria,p:Verrucomicrobia,c:Spartobacteria,o:Chthoniobacterales,f:Chthoniobacteraceae,g:JQ311859_g,s:JQ311859_s
ASV1632	86.910	466	56	5	1	463	326	789	4.08e-146	518	tax=d:Bacteria,p:Verrucomicrobia,c:Spartobacteria,o:Chthoniobacterales,f:Chthoniobacteraceae,g:PAC001932_g,s:JF180072_s
ASV1632	86.910	466	56	5	1	463	326	789	4.08e-146	518	tax=d:Bacteria,p:Verrucomicrobia,c:Spartobacteria,o:Chthoniobacterales,f:Chthoniobacteraceae,g:PAC001932_g,s:HM459634_s
ASV1632	86.938	467	54	6	1	463	326	789	4.08e-146	518	tax=d:Bacteria,p:Verrucomicrobia,c:Spartobacteria,o:Chthoniobacterales,f:Chthoniobacteraceae,g:PAC001932_g,s:GQ500732_s
ASV1632	86.938	467	54	7	1	463	323	786	4.08e-146	518	tax=d:Bacteria,p:Verrucomicrobia,c:Spartobacteria,o:Chthoniobacterales,f:Chthoniobacteraceae,g:GQ402642_g,s:GQ402642_s
ASV1632	86.966	468	52	8	1	463	335	798	4.08e-146	518	tax=d:Bacteria,p:Verrucomicrobia,c:Spartobacteria,o:Chthoniobacterales,f:Chthoniobacteraceae,g:FM877557_g,s:FM877557_s
ASV1632	86.882	465	58	3	1	463	315	778	4.08e-146	518	tax=d:Bacteria,p:Verrucomicrobia,c:Verrucomicrobiae,o:Verrucomicrobiales,f:Verrucomicrobiaceae,g:Prosthecobacter,s:FJ612153_s
ASV1632	86.882	465	58	3	1	463	309	772	4.08e-146	518	tax=d:Bacteria,p:Verrucomicrobia,c:Spartobacteria,o:Chthoniobacterales,f:Chthoniobacteraceae,g:PAC002252_g,s:EU335421_s
ASV1632	86.910	466	56	5	1	463	326	789	4.08e-146	518	tax=d:Bacteria,p:Verrucomicrobia,c:Spartobacteria,o:Chthoniobacterales,f:Chthoniobacteraceae,g:PAC001932_g,s:EU335382_s
ASV1632	86.994	469	49	12	1	463	324	786	4.08e-146	518	tax=d:Bacteria,p:Verrucomicrobia,c:Spartobacteria,o:Chthoniobacterales,f:Chthoniobacteraceae,g:FJ542958_g,s:EF589998_s
ASV1632	86.938	467	54	6	1	463	325	788	4.08e-146	518	tax=d:Bacteria,p:Verrucomicrobia,c:Spartobacteria,o:Chthoniobacterales,f:Chthoniobacteraceae,g:PAC001932_g,s:EF516820_s
ASV1632	86.966	468	52	8	1	463	326	789	4.08e-146	518	tax=d:Bacteria,p:Verrucomicrobia,c:Spartobacteria,o:Chthoniobacterales,f:Chthoniobacteraceae,g:PAC001932_g,s:EF494367_s
ASV1632	86.882	465	58	3	1	463	309	772	4.08e-146	518	tax=d:Bacteria,p:Verrucomicrobia,c:Spartobacteria,o:Chthoniobacterales,f:Chthoniobacteraceae,g:PAC002252_g,s:EF019121_s
ASV1632	86.966	468	52	9	1	463	326	789	4.08e-146	518	tax=d:Bacteria,p:Verrucomicrobia,c:Spartobacteria,o:Chthoniobacterales,f:Chthoniobacteraceae,g:PAC001932_g,s:EF018259_s
ASV1632	86.910	466	56	5	1	463	323	786	4.08e-146	518	tax=d:Bacteria,p:Verrucomicrobia,c:Verrucomicrobiae,o:Verrucomicrobiales,f:DQ856525_f,g:DQ856525_g,s:DQ856525_s
ASV1632	86.938	467	54	7	1	463	324	787	4.08e-146	518	tax=d:Bacteria,p:Verrucomicrobia,c:Spartobacteria,o:Chthoniobacterales,f:Chthoniobacteraceae,g:Chthoniobacter,s:AY960770_s
ASV1632	86.882	465	58	3	1	463	302	765	4.08e-146	518	tax=d:Bacteria,p:Verrucomicrobia,c:Verrucomicrobiae,o:Verrucomicrobiales,f:Verrucomicrobiaceae,g:AJ401130_g,s:AJ401130_s
ASV1632	86.724	467	56	6	1	463	307	771	5.27e-145	514	tax=d:Bacteria,p:Verrucomicrobia,c:Verrucomicrobiae,o:Verrucomicrobiales,f:Luteolibacter_f,g:Luteolibacter,s:Luteolibacter flavescens
ASV1632	86.724	467	56	5	1	463	324	788	5.27e-145	514	tax=d:Bacteria,p:Verrucomicrobia,c:Spartobacteria,o:Chthoniobacterales,f:Chthoniobacteraceae,g:FJ542927_g,s:HQ843739_s
ASV1632	86.724	467	56	6	1	463	324	788	5.27e-145	514	tax=d:Bacteria,p:Verrucomicrobia,c:Spartobacteria,o:Chthoniobacterales,f:Chthoniobacteraceae,g:FJ542958_g,s:FJ542958_s
ASV1632	86.724	467	56	5	1	463	326	790	5.27e-145	514	tax=d:Bacteria,p:Verrucomicrobia,c:Spartobacteria,o:Chthoniobacterales,f:Chthoniobacteraceae,g:PAC001932_g,s:FJ478529_s
ASV1632	86.724	467	56	5	1	463	324	788	5.27e-145	514	tax=d:Bacteria,p:Verrucomicrobia,c:Spartobacteria,o:Chthoniobacterales,f:Chthoniobacteraceae,g:EF032770_g,s:EF032770_s
ASV1632	86.724	467	56	6	1	463	324	788	5.27e-145	514	tax=d:Bacteria,p:Verrucomicrobia,c:Spartobacteria,o:Chthoniobacterales,f:Chthoniobacteraceae,g:FJ542958_g,s:EF018472_s
ASV1632	86.724	467	56	4	1	463	314	778	5.27e-145	514	tax=d:Bacteria,p:Verrucomicrobia,c:Verrucomicrobiae,o:Verrucomicrobiales,f:Verrucomicrobiaceae,g:Prosthecobacter,s:AY212708_s
ASV1632	86.667	465	59	3	1	463	317	780	1.90e-144	512	tax=d:Bacteria,p:Verrucomicrobia,c:Spartobacteria,o:Chthoniobacterales,f:Chthoniobacteraceae,g:PAC002252_g,s:PAC002501_s
ASV1632	86.695	466	57	5	1	463	317	780	1.90e-144	512	tax=d:Bacteria,p:Verrucomicrobia,c:Spartobacteria,o:Chthoniobacterales,f:Chthoniobacteraceae,g:PAC001932_g,s:JF833814_s
ASV1632	86.695	466	57	5	1	463	312	775	1.90e-144	512	tax=d:Bacteria,p:Verrucomicrobia,c:Spartobacteria,o:Chthoniobacterales,f:Chthoniobacteraceae,g:PAC001932_g,s:JF833611_s
ASV1632	86.724	467	55	6	1	463	332	795	1.90e-144	512	tax=d:Bacteria,p:Verrucomicrobia,c:Spartobacteria,o:Chthoniobacterales,f:Chthoniobacteraceae,g:EF516525_g,s:JF149880_s
ASV1632	86.724	467	55	6	1	463	324	787	1.90e-144	512	tax=d:Bacteria,p:Verrucomicrobia,c:Spartobacteria,o:Chthoniobacterales,f:Chthoniobacteraceae,g:FJ478920_g,s:FJ478920_s
ASV1632	86.724	467	55	6	1	463	326	789	1.90e-144	512	tax=d:Bacteria,p:Verrucomicrobia,c:Spartobacteria,o:Chthoniobacterales,f:Chthoniobacteraceae,g:PAC001932_g,s:EU135524_s
ASV1632	86.695	466	57	5	1	463	326	789	1.90e-144	512	tax=d:Bacteria,p:Verrucomicrobia,c:Spartobacteria,o:Chthoniobacterales,f:Chthoniobacteraceae,g:PAC001932_g,s:EF018557_s
ASV1632	86.752	468	53	8	1	463	324	787	1.90e-144	512	tax=d:Bacteria,p:Verrucomicrobia,c:Spartobacteria,o:Chthoniobacterales,f:Chthoniobacteraceae,g:DQ984548_g,s:DQ984548_s
ASV1632	86.538	468	55	8	1	463	270	734	2.45e-143	508	tax=d:Bacteria,p:Verrucomicrobia,c:Verrucomicrobiae,o:Verrucomicrobiales,f:Luteolibacter_f,g:Luteolibacter,s:Luteolibacter gellanilyticus
ASV1632	86.567	469	53	10	1	463	309	773	2.45e-143	508	tax=d:Bacteria,p:Verrucomicrobia,c:Verrucomicrobiae,o:Verrucomicrobiales,f:Luteolibacter_f,g:Luteolibacter,s:JX575899_s
ASV1632	86.538	468	55	8	1	463	324	788	2.45e-143	508	tax=d:Bacteria,p:Verrucomicrobia,c:Spartobacteria,o:Chthoniobacterales,f:Chthoniobacteraceae,g:FJ542958_g,s:JF004929_s
ASV1632	86.510	467	57	6	1	463	300	764	2.45e-143	508	tax=d:Bacteria,p:Verrucomicrobia,c:Verrucomicrobiae,o:Verrucomicrobiales,f:Luteolibacter_f,g:Luteolibacter,s:GU983367_s
ASV1632	86.538	468	56	6	1	463	326	791	2.45e-143	508	tax=d:Bacteria,p:Verrucomicrobia,c:Verrucomicrobiae,o:Verrucomicrobiales,f:GU230460_f,g:GQ452903_g,s:FJ205365_s
ASV1632	86.510	467	56	7	1	463	313	776	8.82e-143	507	tax=d:Bacteria,p:Verrucomicrobia,c:Spartobacteria,o:Chthoniobacterales,f:Chthoniobacteraceae,g:PAC001932_g,s:JF703361_s
ASV1632	86.481	466	58	5	1	463	326	789	8.82e-143	507	tax=d:Bacteria,p:Verrucomicrobia,c:Spartobacteria,o:Chthoniobacterales,f:Chthoniobacteraceae,g:PAC001932_g,s:JF429057_s
ASV1632	86.624	471	48	14	1	463	326	789	8.82e-143	507	tax=d:Bacteria,p:Verrucomicrobia,c:Spartobacteria,o:Chthoniobacterales,f:Chthoniobacteraceae,g:FJ542958_g,s:JF185864_s
ASV1632	86.538	468	53	10	1	463	324	786	8.82e-143	507	tax=d:Bacteria,p:Verrucomicrobia,c:Spartobacteria,o:Chthoniobacterales,f:Chthoniobacteraceae,g:HQ397089_g,s:HQ397089_s
ASV1632	86.596	470	50	12	1	463	324	787	8.82e-143	507	tax=d:Bacteria,p:Verrucomicrobia,c:Spartobacteria,o:Chthoniobacterales,f:Chthoniobacteraceae,g:FJ542958_g,s:HQ118513_s
ASV1632	86.510	467	55	8	1	463	324	786	8.82e-143	507	tax=d:Bacteria,p:Verrucomicrobia,c:Spartobacteria,o:Chthoniobacterales,f:Chthoniobacteraceae,g:HQ397089_g,s:HM845947_s
ASV1632	86.538	468	54	8	1	463	324	787	8.82e-143	507	tax=d:Bacteria,p:Verrucomicrobia,c:Spartobacteria,o:Chthoniobacterales,f:Chthoniobacteraceae,g:PAC001932_g,s:FJ891046_s
ASV1632	86.538	468	54	7	1	463	326	789	8.82e-143	507	tax=d:Bacteria,p:Verrucomicrobia,c:Spartobacteria,o:Chthoniobacterales,f:Chthoniobacteraceae,g:PAC001932_g,s:EU881277_s
ASV1632	86.510	467	56	6	1	463	326	789	8.82e-143	507	tax=d:Bacteria,p:Verrucomicrobia,c:Spartobacteria,o:Chthoniobacterales,f:Chthoniobacteraceae,g:PAC001932_g,s:EU680447_s
ASV1632	86.481	466	58	5	1	463	326	789	8.82e-143	507	tax=d:Bacteria,p:Verrucomicrobia,c:Spartobacteria,o:Chthoniobacterales,f:Chthoniobacteraceae,g:PAC001932_g,s:EU335356_s
ASV1632	86.510	467	56	7	1	463	326	789	8.82e-143	507	tax=d:Bacteria,p:Verrucomicrobia,c:Spartobacteria,o:Chthoniobacterales,f:Chthoniobacteraceae,g:PAC001932_g,s:EU335328_s
ASV1632	86.510	467	56	6	1	463	326	789	8.82e-143	507	tax=d:Bacteria,p:Verrucomicrobia,c:Spartobacteria,o:Chthoniobacterales,f:Chthoniobacteraceae,g:PAC001932_g,s:EU135548_s
ASV1632	86.596	470	50	12	1	463	322	785	8.82e-143	507	tax=d:Bacteria,p:Verrucomicrobia,c:Spartobacteria,o:Chthoniobacterales,f:Chthoniobacteraceae,g:PAC001932_g,s:EF516822_s
ASV1632	86.538	468	54	9	1	463	323	786	8.82e-143	507	tax=d:Bacteria,p:Verrucomicrobia,c:Spartobacteria,o:Chthoniobacterales,f:Chthoniobacteraceae,g:EF516525_g,s:EF516529_s
ASV1632	86.510	467	56	6	1	463	321	784	8.82e-143	507	tax=d:Bacteria,p:Verrucomicrobia,c:Spartobacteria,o:Chthoniobacterales,f:Chthoniobacteraceae,g:PAC001932_g,s:EF516326_s
ASV1632	86.481	466	58	5	1	463	325	788	8.82e-143	507	tax=d:Bacteria,p:Verrucomicrobia,c:Spartobacteria,o:Chthoniobacterales,f:Chthoniobacteraceae,g:PAC001932_g,s:EF516236_s
ASV1632	86.481	466	58	5	1	463	323	786	8.82e-143	507	tax=d:Bacteria,p:Verrucomicrobia,c:Spartobacteria,o:Chthoniobacterales,f:Chthoniobacteraceae,g:PAC001932_g,s:EF516189_s
ASV1632	86.481	466	58	5	1	463	325	788	8.82e-143	507	tax=d:Bacteria,p:Verrucomicrobia,c:Spartobacteria,o:Chthoniobacterales,f:Chthoniobacteraceae,g:PAC001932_g,s:EF515886_s
ASV1632	86.567	469	52	10	1	463	324	787	8.82e-143	507	tax=d:Bacteria,p:Verrucomicrobia,c:Spartobacteria,o:Chthoniobacterales,f:Chthoniobacteraceae,g:EF516525_g,s:EF020184_s
ASV1632	86.510	467	56	7	1	463	324	787	8.82e-143	507	tax=d:Bacteria,p:Verrucomicrobia,c:Spartobacteria,o:Chthoniobacterales,f:Chthoniobacteraceae,g:FJ478920_g,s:EF018510_s
ASV1632	86.481	466	58	5	1	463	326	789	8.82e-143	507	tax=d:Bacteria,p:Verrucomicrobia,c:Spartobacteria,o:Chthoniobacterales,f:Chthoniobacteraceae,g:PAC001932_g,s:EF018412_s
ASV1632	86.481	466	58	5	1	463	326	789	8.82e-143	507	tax=d:Bacteria,p:Verrucomicrobia,c:Spartobacteria,o:Chthoniobacterales,f:Chthoniobacteraceae,g:PAC001932_g,s:DQ136121_s
ASV1632	86.538	468	54	8	1	463	324	787	8.82e-143	507	tax=d:Bacteria,p:Verrucomicrobia,c:Spartobacteria,o:Chthoniobacterales,f:Chthoniobacteraceae,g:AY921887_g,s:AY921887_s
ASV1632	86.354	469	54	10	1	463	309	773	1.14e-141	503	tax=d:Bacteria,p:Verrucomicrobia,c:Verrucomicrobiae,o:Verrucomicrobiales,f:Luteolibacter_f,g:Luteolibacter,s:JN881626_s
ASV1632	86.354	469	54	10	1	463	324	788	1.14e-141	503	tax=d:Bacteria,p:Verrucomicrobia,c:Spartobacteria,o:Chthoniobacterales,f:Chthoniobacteraceae,g:FJ542958_g,s:JF086667_s
ASV1632	86.325	468	56	8	1	463	363	827	1.14e-141	503	tax=d:Bacteria,p:Verrucomicrobia,c:Verrucomicrobiae,o:Verrucomicrobiales,f:Luteolibacter_f,g:Luteolibacter,s:GU305823_s
ASV1632	86.354	469	54	9	1	463	324	788	1.14e-141	503	tax=d:Bacteria,p:Verrucomicrobia,c:Spartobacteria,o:Chthoniobacterales,f:Chthoniobacteraceae,g:FJ542958_g,s:AY960769_s
ASV1632	86.296	467	57	6	1	463	305	768	4.10e-141	501	tax=d:Bacteria,p:Verrucomicrobia,c:Spartobacteria,o:Chthoniobacterales,f:Chthoniobacteraceae,g:PAC001932_g,s:JF833631_s
ASV1632	86.237	465	61	3	1	463	326	789	4.10e-141	501	tax=d:Bacteria,p:Verrucomicrobia,c:Spartobacteria,o:Chthoniobacterales,f:Chthoniobacteraceae,g:PAC001932_g,s:JF319203_s
ASV1632	86.237	465	61	3	1	463	324	787	4.10e-141	501	tax=d:Bacteria,p:Verrucomicrobia,c:Spartobacteria,o:Chthoniobacterales,f:Chthoniobacteraceae,g:PAC001932_g,s:JF319200_s
ASV1632	86.354	469	53	11	1	463	324	787	4.10e-141	501	tax=d:Bacteria,p:Verrucomicrobia,c:Spartobacteria,o:Chthoniobacterales,f:Chthoniobacteraceae,g:AB374368_g,s:JF048456_s
ASV1632	86.296	467	56	8	1	463	324	786	4.10e-141	501	tax=d:Bacteria,p:Verrucomicrobia,c:Spartobacteria,o:Chthoniobacterales,f:Chthoniobacteraceae,g:HQ397089_g,s:FJ872375_s
ASV1632	86.266	466	59	5	1	463	326	789	4.10e-141	501	tax=d:Bacteria,p:Verrucomicrobia,c:Spartobacteria,o:Chthoniobacterales,f:Chthoniobacteraceae,g:PAC001932_g,s:EU881274_s
ASV1632	86.266	466	59	5	1	463	326	789	4.10e-141	501	tax=d:Bacteria,p:Verrucomicrobia,c:Spartobacteria,o:Chthoniobacterales,f:Chthoniobacteraceae,g:PAC001932_g,s:EU861845_s
ASV1632	86.296	467	56	7	1	463	326	788	4.10e-141	501	tax=d:Bacteria,p:Verrucomicrobia,c:Spartobacteria,o:Chthoniobacterales,f:Chthoniobacteraceae,g:PAC001932_g,s:EU335424_s
ASV1632	86.296	467	57	7	1	463	326	789	4.10e-141	501	tax=d:Bacteria,p:Verrucomicrobia,c:Spartobacteria,o:Chthoniobacterales,f:Chthoniobacteraceae,g:PAC001932_g,s:EU223940_s
ASV1632	86.354	469	53	10	1	463	323	786	4.10e-141	501	tax=d:Bacteria,p:Verrucomicrobia,c:Spartobacteria,o:Chthoniobacterales,f:Chthoniobacteraceae,g:EU135477_g,s:EU135477_s
ASV1632	86.296	467	57	6	1	463	325	788	4.10e-141	501	tax=d:Bacteria,p:Verrucomicrobia,c:Spartobacteria,o:Chthoniobacterales,f:Chthoniobacteraceae,g:PAC001932_g,s:EF516793_s
ASV1632	86.296	467	57	7	1	463	324	787	4.10e-141	501	tax=d:Bacteria,p:Verrucomicrobia,c:Spartobacteria,o:Chthoniobacterales,f:Chthoniobacteraceae,g:PAC001932_g,s:EF018768_s
ASV1632	86.296	467	57	7	1	463	326	789	4.10e-141	501	tax=d:Bacteria,p:Verrucomicrobia,c:Spartobacteria,o:Chthoniobacterales,f:Chthoniobacteraceae,g:PAC001932_g,s:EF018414_s
ASV1632	86.266	466	59	5	1	463	324	787	4.10e-141	501	tax=d:Bacteria,p:Verrucomicrobia,c:Spartobacteria,o:Chthoniobacterales,f:Chthoniobacteraceae,g:Chthoniobacter,s:DQ984556_s
ASV1632	86.296	467	57	7	1	463	324	787	4.10e-141	501	tax=d:Bacteria,p:Verrucomicrobia,c:Spartobacteria,o:Chthoniobacterales,f:Chthoniobacteraceae,g:DQ450786_g,s:DQ450786_s
ASV1632	86.081	467	59	6	1	463	311	775	5.31e-140	497	tax=d:Bacteria,p:Verrucomicrobia,c:Verrucomicrobiae,o:Verrucomicrobiales,f:Luteolibacter_f,g:Luteolibacter,s:JQ800920_s
ASV1632	86.052	466	61	4	1	463	309	773	5.31e-140	497	tax=d:Bacteria,p:Verrucomicrobia,c:Verrucomicrobiae,o:Verrucomicrobiales,f:Luteolibacter_f,g:Luteolibacter,s:HQ120660_s
ASV1632	86.141	469	56	9	1	463	324	789	5.31e-140	497	tax=d:Bacteria,p:Verrucomicrobia,c:Spartobacteria,o:Chthoniobacterales,f:Chthoniobacteraceae,g:FJ542958_g,s:GQ029511_s
ASV1632	86.081	467	60	4	1	463	330	795	5.31e-140	497	tax=d:Bacteria,p:Verrucomicrobia,c:Verrucomicrobiae,o:Verrucomicrobiales,f:GU230460_f,g:EU925853_g,s:EU925853_s
ASV1632	86.111	468	57	7	1	463	323	787	5.31e-140	497	tax=d:Bacteria,p:Verrucomicrobia,c:Spartobacteria,o:Chthoniobacterales,f:Chthoniobacteraceae,g:EU135556_g,s:EU135556_s
ASV1632	86.141	469	56	8	1	463	318	783	5.31e-140	497	tax=d:Bacteria,p:Verrucomicrobia,c:Spartobacteria,o:Chthoniobacterales,f:Chthoniobacteraceae,g:EU135542_g,s:EU135542_s
ASV1632	86.081	467	59	6	1	463	307	771	5.31e-140	497	tax=d:Bacteria,p:Verrucomicrobia,c:Verrucomicrobiae,o:Verrucomicrobiales,f:Luteolibacter_f,g:Luteolibacter,s:DQ814962_s
ASV1632	86.170	470	53	11	1	463	324	788	5.31e-140	497	tax=d:Bacteria,p:Verrucomicrobia,c:Spartobacteria,o:Chthoniobacterales,f:Chthoniobacteraceae,g:PAC001932_g,s:AF013522_s
ASV1632	86.081	467	58	6	1	463	326	789	1.91e-139	496	tax=d:Bacteria,p:Verrucomicrobia,c:Spartobacteria,o:Chthoniobacterales,f:Chthoniobacteraceae,g:PAC001932_g,s:PAC001987_s
ASV1632	86.111	468	56	7	1	463	324	787	1.91e-139	496	tax=d:Bacteria,p:Verrucomicrobia,c:Spartobacteria,o:Chthoniobacterales,f:Chthoniobacteraceae,g:PAC001932_g,s:HQ864155_s
ASV1632	86.237	465	55	7	1	463	326	783	1.91e-139	496	tax=d:Bacteria,p:Verrucomicrobia,c:Spartobacteria,o:Chthoniobacterales,f:Chthoniobacteraceae,g:HM440285_g,s:HM440285_s
ASV1632	86.052	466	60	5	1	463	326	789	1.91e-139	496	tax=d:Bacteria,p:Verrucomicrobia,c:Spartobacteria,o:Chthoniobacterales,f:Chthoniobacteraceae,g:PAC001932_g,s:GU444056_s
ASV1632	86.081	467	58	7	1	463	326	789	1.91e-139	496	tax=d:Bacteria,p:Verrucomicrobia,c:Spartobacteria,o:Chthoniobacterales,f:Chthoniobacteraceae,g:GU305796_g,s:GU305796_s
ASV1632	86.081	467	57	8	1	463	324	786	1.91e-139	496	tax=d:Bacteria,p:Verrucomicrobia,c:Spartobacteria,o:Chthoniobacterales,f:Chthoniobacteraceae,g:HQ397089_g,s:GQ093874_s
ASV1632	86.081	467	57	8	1	463	326	788	1.91e-139	496	tax=d:Bacteria,p:Verrucomicrobia,c:Spartobacteria,o:Chthoniobacterales,f:Chthoniobacteraceae,g:PAC001932_g,s:FR749796_s
ASV1632	86.022	465	61	4	1	463	300	762	1.91e-139	496	tax=d:Bacteria,p:Verrucomicrobia,c:Spartobacteria,o:Chthoniobacterales,f:Chthoniobacteraceae,g:PAC001932_g,s:EU669622_s
ASV1632	86.111	468	55	9	1	463	324	786	1.91e-139	496	tax=d:Bacteria,p:Verrucomicrobia,c:Spartobacteria,o:Chthoniobacterales,f:Chthoniobacteraceae,g:EU131041_g,s:EU131041_s
ASV1632	86.052	466	60	5	1	463	324	787	1.91e-139	496	tax=d:Bacteria,p:Verrucomicrobia,c:Spartobacteria,o:Chthoniobacterales,f:Chthoniobacteraceae,g:PAC001932_g,s:EF516782_s
ASV1632	86.111	468	56	8	1	463	326	789	1.91e-139	496	tax=d:Bacteria,p:Verrucomicrobia,c:Spartobacteria,o:Chthoniobacterales,f:Chthoniobacteraceae,g:PAC001932_g,s:EF516305_s
ASV1632	86.052	466	60	5	1	463	326	789	1.91e-139	496	tax=d:Bacteria,p:Verrucomicrobia,c:Spartobacteria,o:Chthoniobacterales,f:Chthoniobacteraceae,g:PAC001932_g,s:EF494341_s
ASV1632	86.081	467	58	6	1	463	326	789	1.91e-139	496	tax=d:Bacteria,p:Verrucomicrobia,c:Spartobacteria,o:Chthoniobacterales,f:Chthoniobacteraceae,g:PAC001932_g,s:EF018808_s
ASV1632	86.081	467	58	6	1	463	326	789	1.91e-139	496	tax=d:Bacteria,p:Verrucomicrobia,c:Spartobacteria,o:Chthoniobacterales,f:Chthoniobacteraceae,g:PAC001932_g,s:DQ404700_s
ASV1632	86.170	470	50	14	1	463	323	784	6.87e-139	494	tax=d:Bacteria,p:Verrucomicrobia,c:Spartobacteria,o:Chthoniobacterales,f:Chthoniobacteraceae,g:HQ397089_g,s:EU135485_s
ASV1632	85.837	466	62	3	1	463	304	768	2.47e-138	492	tax=d:Bacteria,p:Verrucomicrobia,c:Verrucomicrobiae,o:Verrucomicrobiales,f:Roseibacillus_f,g:GQ259291_g,s:JN532150_s
ASV1632	85.897	468	58	8	1	463	308	772	2.47e-138	492	tax=d:Bacteria,p:Verrucomicrobia,c:Verrucomicrobiae,o:Verrucomicrobiales,f:Luteolibacter_f,g:Luteolibacter,s:GU444099_s
ASV1632	85.957	470	55	11	1	463	295	760	2.47e-138	492	tax=d:Bacteria,p:Verrucomicrobia,c:Verrucomicrobiae,o:Verrucomicrobiales,f:GU230460_f,g:EU236414_g,s:EU236414_s
ASV1632	85.867	467	60	6	1	463	278	742	2.47e-138	492	tax=d:Bacteria,p:Verrucomicrobia,c:Verrucomicrobiae,o:Verrucomicrobiales,f:DQ450787_f,g:AJ401104_g,s:AJ401104_s
ASV1632	85.897	468	58	8	1	463	307	771	2.47e-138	492	tax=d:Bacteria,p:Verrucomicrobia,c:Verrucomicrobiae,o:Verrucomicrobiales,f:Luteolibacter_f,g:Luteolibacter,s:AB240273_s
ASV1632	85.867	467	59	6	1	463	326	789	8.89e-138	490	tax=d:Bacteria,p:Verrucomicrobia,c:Spartobacteria,o:Chthoniobacterales,f:Chthoniobacteraceae,g:PAC001932_g,s:JQ861389_s
ASV1632	85.837	466	61	5	1	463	326	789	8.89e-138	490	tax=d:Bacteria,p:Verrucomicrobia,c:Spartobacteria,o:Chthoniobacterales,f:Chthoniobacteraceae,g:PAC001932_g,s:JF833510_s
ASV1632	86.237	465	48	10	1	463	301	751	8.89e-138	490	tax=d:Bacteria,p:Verrucomicrobia,c:Verrucomicrobiae,o:Verrucomicrobiales,f:Verrucomicrobiaceae,g:AF234742_g,s:FJ872374_s
ASV1632	85.897	468	57	8	1	463	320	783	8.89e-138	490	tax=d:Bacteria,p:Verrucomicrobia,c:Spartobacteria,o:Chthoniobacterales,f:Chthoniobacteraceae,g:Chthoniobacter,s:EU135441_s
ASV1632	85.897	468	57	9	1	463	324	787	8.89e-138	490	tax=d:Bacteria,p:Verrucomicrobia,c:Spartobacteria,o:Chthoniobacterales,f:Chthoniobacteraceae,g:EF516525_g,s:EF516525_s
ASV1632	85.867	467	59	6	1	463	332	795	8.89e-138	490	tax=d:Bacteria,p:Verrucomicrobia,c:Spartobacteria,o:Chthoniobacterales,f:Chthoniobacteraceae,g:EF516525_g,s:EF515981_s
ASV1632	85.837	466	61	5	1	463	326	789	8.89e-138	490	tax=d:Bacteria,p:Verrucomicrobia,c:Spartobacteria,o:Chthoniobacterales,f:Chthoniobacteraceae,g:PAC001932_g,s:DQ395983_s
ASV1632	85.837	466	61	5	1	463	324	787	8.89e-138	490	tax=d:Bacteria,p:Verrucomicrobia,c:Spartobacteria,o:Chthoniobacterales,f:Chthoniobacteraceae,g:Chthoniobacter,s:Chthoniobacter flavus
ASV1632	85.837	466	60	6	1	463	324	786	8.89e-138	490	tax=d:Bacteria,p:Verrucomicrobia,c:Spartobacteria,o:Chthoniobacterales,f:Chthoniobacteraceae,g:FM253675_g,s:AB630909_s
ASV1632	85.928	469	55	10	1	463	324	787	8.89e-138	490	tax=d:Bacteria,p:Verrucomicrobia,c:Spartobacteria,o:Chthoniobacterales,f:Chthoniobacteraceae,g:Chthoniobacter,s:AB630654_s
ASV1632	85.867	467	57	9	1	463	324	785	3.20e-137	488	tax=d:Bacteria,p:Verrucomicrobia,c:Spartobacteria,o:Chthoniobacterales,f:Chthoniobacteraceae,g:AY963370_g,s:AY963370_s
ASV1632	85.714	469	57	10	1	463	322	786	1.15e-136	486	tax=d:Bacteria,p:Verrucomicrobia,c:Spartobacteria,o:Chthoniobacterales,f:Chthoniobacteraceae,g:EF516071_g,s:EF516071_s
ASV1632	85.653	467	61	6	1	463	311	775	1.15e-136	486	tax=d:Bacteria,p:Verrucomicrobia,c:Verrucomicrobiae,o:Verrucomicrobiales,f:Luteolibacter_f,g:Luteolibacter,s:Luteolibacter algae
ASV1632	85.591	465	64	3	1	463	309	772	4.13e-136	484	tax=d:Bacteria,p:Verrucomicrobia,c:Spartobacteria,o:Chthoniobacterales,f:Chthoniobacteraceae,g:PAC001932_g,s:JN615803_s
ASV1632	85.591	465	64	3	1	463	323	786	4.13e-136	484	tax=d:Bacteria,p:Verrucomicrobia,c:Spartobacteria,o:Chthoniobacterales,f:Chthoniobacteraceae,g:FJ542958_g,s:JF211185_s
ASV1632	85.714	469	56	10	1	463	324	787	4.13e-136	484	tax=d:Bacteria,p:Verrucomicrobia,c:Spartobacteria,o:Chthoniobacterales,f:Chthoniobacteraceae,g:PAC001932_g,s:GQ495404_s
ASV1632	85.622	466	62	5	1	463	324	787	4.13e-136	484	tax=d:Bacteria,p:Verrucomicrobia,c:Spartobacteria,o:Chthoniobacterales,f:Chthoniobacteraceae,g:GQ396996_g,s:GQ396996_s
ASV1632	85.684	468	58	8	1	463	324	787	4.13e-136	484	tax=d:Bacteria,p:Verrucomicrobia,c:Spartobacteria,o:Chthoniobacterales,f:Chthoniobacteraceae,g:Chthoniobacter,s:FJ872373_s
ASV1632	85.622	466	62	5	1	463	326	789	4.13e-136	484	tax=d:Bacteria,p:Verrucomicrobia,c:Spartobacteria,o:Chthoniobacterales,f:Chthoniobacteraceae,g:PAC001932_g,s:EF492922_s
ASV1632	85.622	466	62	5	1	463	326	789	4.13e-136	484	tax=d:Bacteria,p:Verrucomicrobia,c:Spartobacteria,o:Chthoniobacterales,f:Chthoniobacteraceae,g:PAC001932_g,s:EF019126_s
ASV1632	85.653	467	60	6	1	463	326	789	4.13e-136	484	tax=d:Bacteria,p:Verrucomicrobia,c:Spartobacteria,o:Chthoniobacterales,f:Chthoniobacteraceae,g:PAC001932_g,s:EF018739_s
ASV1632	85.439	467	62	6	1	463	324	788	5.35e-135	481	tax=d:Bacteria,p:Verrucomicrobia,c:Spartobacteria,o:Chthoniobacterales,f:Chthoniobacteraceae,g:FJ542958_g,s:HQ119319_s
ASV1632	85.408	466	64	4	1	463	317	781	5.35e-135	481	tax=d:Bacteria,p:Verrucomicrobia,c:Verrucomicrobiae,o:Verrucomicrobiales,f:Luteolibacter_f,g:Luteolibacter,s:HM468052_s
ASV1632	85.439	467	62	5	1	463	324	788	5.35e-135	481	tax=d:Bacteria,p:Verrucomicrobia,c:Spartobacteria,o:Chthoniobacterales,f:Chthoniobacteraceae,g:FJ542927_g,s:GU731303_s
ASV1632	85.470	468	60	8	1	463	324	788	5.35e-135	481	tax=d:Bacteria,p:Verrucomicrobia,c:Spartobacteria,o:Chthoniobacterales,f:Chthoniobacteraceae,g:AY963370_g,s:GQ264331_s
ASV1632	85.470	468	61	6	1	463	315	780	5.35e-135	481	tax=d:Bacteria,p:Verrucomicrobia,c:Spartobacteria,o:Chthoniobacterales,f:Chthoniobacteraceae,g:JX133524_g,s:FJ822635_s
ASV1632	85.563	471	54	14	1	463	320	784	5.35e-135	481	tax=d:Bacteria,p:Verrucomicrobia,c:Verrucomicrobiae,o:Verrucomicrobiales,f:GU230460_f,g:GQ452903_g,s:AY942771_s
ASV1632	85.408	466	63	5	1	463	324	787	1.92e-134	479	tax=d:Bacteria,p:Verrucomicrobia,c:Spartobacteria,o:Chthoniobacterales,f:Chthoniobacteraceae,g:JN656777_g,s:JN656777_s
ASV1632	85.408	466	63	5	1	463	324	787	1.92e-134	479	tax=d:Bacteria,p:Verrucomicrobia,c:Spartobacteria,o:Chthoniobacterales,f:Chthoniobacteraceae,g:EF516525_g,s:HQ661205_s
ASV1632	85.470	468	58	10	1	463	324	786	1.92e-134	479	tax=d:Bacteria,p:Verrucomicrobia,c:Spartobacteria,o:Chthoniobacterales,f:Chthoniobacteraceae,g:HQ397089_g,s:HQ119950_s
ASV1632	85.439	467	61	7	1	463	324	787	1.92e-134	479	tax=d:Bacteria,p:Verrucomicrobia,c:Spartobacteria,o:Chthoniobacterales,f:Chthoniobacteraceae,g:PAC001932_g,s:FJ592652_s
ASV1632	85.470	468	58	10	1	463	324	786	1.92e-134	479	tax=d:Bacteria,p:Verrucomicrobia,c:Spartobacteria,o:Chthoniobacterales,f:Chthoniobacteraceae,g:HQ397089_g,s:FJ542820_s
ASV1632	85.470	468	59	7	1	463	326	789	1.92e-134	479	tax=d:Bacteria,p:Verrucomicrobia,c:Spartobacteria,o:Chthoniobacterales,f:Chthoniobacteraceae,g:PAC001932_g,s:EU861830_s
ASV1632	85.439	467	61	6	1	463	326	789	1.92e-134	479	tax=d:Bacteria,p:Verrucomicrobia,c:Spartobacteria,o:Chthoniobacterales,f:Chthoniobacteraceae,g:PAC001932_g,s:EU335340_s
ASV1632	85.408	466	63	5	1	463	325	788	1.92e-134	479	tax=d:Bacteria,p:Verrucomicrobia,c:Spartobacteria,o:Chthoniobacterales,f:Chthoniobacteraceae,g:PAC001932_g,s:EF516643_s
ASV1632	85.439	467	61	6	1	463	326	789	1.92e-134	479	tax=d:Bacteria,p:Verrucomicrobia,c:Spartobacteria,o:Chthoniobacterales,f:Chthoniobacteraceae,g:PAC001932_g,s:EF516267_s
ASV1632	85.439	467	61	5	1	463	326	789	1.92e-134	479	tax=d:Bacteria,p:Verrucomicrobia,c:Spartobacteria,o:Chthoniobacterales,f:Chthoniobacteraceae,g:PAC001932_g,s:EF019688_s
ASV1632	85.501	469	57	10	1	463	326	789	1.92e-134	479	tax=d:Bacteria,p:Verrucomicrobia,c:Spartobacteria,o:Chthoniobacterales,f:Chthoniobacteraceae,g:PAC001932_g,s:AY395326_s
ASV1632	85.439	467	61	7	1	463	324	787	1.92e-134	479	tax=d:Bacteria,p:Verrucomicrobia,c:Spartobacteria,o:Chthoniobacterales,f:Chthoniobacteraceae,g:AB374368_g,s:AB374368_s
ASV1632	85.256	468	63	6	1	463	324	790	6.92e-134	477	tax=d:Bacteria,p:Verrucomicrobia,c:Spartobacteria,o:Chthoniobacterales,f:Chthoniobacteraceae,g:JX133524_g,s:JX133524_s
ASV1632	85.501	469	54	13	1	463	325	785	6.92e-134	477	tax=d:Bacteria,p:Verrucomicrobia,c:Spartobacteria,o:Chthoniobacterales,f:Chthoniobacteraceae,g:FJ542958_g,s:JN178790_s
ASV1632	85.439	467	59	9	1	463	306	767	6.92e-134	477	tax=d:Bacteria,p:Verrucomicrobia,c:Verrucomicrobiae,o:Verrucomicrobiales,f:Verrucomicrobiaceae,g:HQ118308_g,s:HQ118308_s
ASV1632	86.081	467	37	16	1	463	303	745	6.92e-134	477	tax=d:Bacteria,p:Verrucomicrobia,c:Spartobacteria,o:Chthoniobacterales,f:Chthoniobacteraceae,g:DQ415814_g,s:DQ415814_s
ASV1632	85.256	468	62	7	1	463	317	782	2.49e-133	475	tax=d:Bacteria,p:Verrucomicrobia,c:Spartobacteria,o:Chthoniobacterales,f:Chthoniobacteraceae,g:PAC001932_g,s:FJ822619_s
ASV1632	85.193	466	65	4	1	463	326	790	2.49e-133	475	tax=d:Bacteria,p:Verrucomicrobia,c:Spartobacteria,o:Chthoniobacterales,f:Chthoniobacteraceae,g:PAC001932_g,s:FJ478835_s
ASV1632	85.225	467	64	5	1	463	321	786	2.49e-133	475	tax=d:Bacteria,p:Verrucomicrobia,c:Verrucomicrobiae,o:Verrucomicrobiales,f:GU230460_f,g:FM242339_g,s:EU491715_s
ASV1632	85.288	469	58	10	1	463	326	789	8.95e-133	473	tax=d:Bacteria,p:Verrucomicrobia,c:Spartobacteria,o:Chthoniobacterales,f:Chthoniobacteraceae,g:GU305796_g,s:JN541192_s
ASV1632	85.225	467	62	6	1	463	317	780	8.95e-133	473	tax=d:Bacteria,p:Verrucomicrobia,c:Spartobacteria,o:Chthoniobacterales,f:Chthoniobacteraceae,g:PAC001932_g,s:FJ822650_s
ASV1632	85.622	466	49	13	1	463	300	750	8.95e-133	473	tax=d:Bacteria,p:Verrucomicrobia,c:Verrucomicrobiae,o:Verrucomicrobiales,f:Verrucomicrobiaceae,g:AF234742_g,s:EU979100_s
ASV1632	85.225	467	62	6	1	463	326	789	8.95e-133	473	tax=d:Bacteria,p:Verrucomicrobia,c:Spartobacteria,o:Chthoniobacterales,f:Chthoniobacteraceae,g:PAC001932_g,s:EU335254_s
ASV1632	85.193	466	64	5	1	463	308	771	8.95e-133	473	tax=d:Bacteria,p:Verrucomicrobia,c:Spartobacteria,o:Chthoniobacterales,f:Chthoniobacteraceae,g:AB552873_g,s:EU135460_s
ASV1632	85.193	466	64	5	1	463	326	789	8.95e-133	473	tax=d:Bacteria,p:Verrucomicrobia,c:Spartobacteria,o:Chthoniobacterales,f:Chthoniobacteraceae,g:PAC001932_g,s:DQ450784_s
ASV1632	85.225	467	62	7	1	463	325	788	8.95e-133	473	tax=d:Bacteria,p:Verrucomicrobia,c:Verrucomicrobiae,o:Verrucomicrobiales,f:Luteolibacter_f,g:Luteolibacter,s:AY218705_s
ASV1632	85.288	469	58	10	1	463	309	772	8.95e-133	473	tax=d:Bacteria,p:Verrucomicrobia,c:Spartobacteria,o:Chthoniobacterales,f:Chthoniobacteraceae,g:AB552873_g,s:AB552873_s
ASV1632	85.591	465	51	11	1	463	300	750	8.95e-133	473	tax=d:Bacteria,p:Verrucomicrobia,c:Verrucomicrobiae,o:Verrucomicrobiales,f:Verrucomicrobiaceae,g:AF234742_g,s:AB179534_s
ASV1632	85.225	467	60	9	1	463	324	785	3.22e-132	472	tax=d:Bacteria,p:Verrucomicrobia,c:Spartobacteria,o:Chthoniobacterales,f:Chthoniobacteraceae,g:GQ397058_g,s:GQ397058_s
ASV1632	85.011	467	64	6	1	463	311	775	3.22e-132	472	tax=d:Bacteria,p:Verrucomicrobia,c:Verrucomicrobiae,o:Verrucomicrobiales,f:Luteolibacter_f,g:Luteolibacter,s:FJ543014_s
ASV1632	85.011	467	64	6	1	463	309	773	1.16e-131	470	tax=d:Bacteria,p:Verrucomicrobia,c:Verrucomicrobiae,o:Verrucomicrobiales,f:Roseibacillus_f,g:GQ259291_g,s:GU145489_s
ASV1632	85.043	468	62	8	1	463	329	793	1.16e-131	470	tax=d:Bacteria,p:Verrucomicrobia,c:Verrucomicrobiae,o:Verrucomicrobiales,f:GU230460_f,g:GU061933_g,s:GU061933_s
ASV1632	85.011	467	64	6	1	463	324	788	1.16e-131	470	tax=d:Bacteria,p:Verrucomicrobia,c:Spartobacteria,o:Chthoniobacterales,f:Chthoniobacteraceae,g:PAC001932_g,s:GQ397087_s
ASV1632	85.011	467	65	5	1	463	330	795	1.16e-131	470	tax=d:Bacteria,p:Verrucomicrobia,c:Verrucomicrobiae,o:Verrucomicrobiales,f:GU230460_f,g:GU061933_g,s:FJ626901_s
ASV1632	85.043	468	63	7	1	463	332	797	1.16e-131	470	tax=d:Bacteria,p:Verrucomicrobia,c:Verrucomicrobiae,o:Verrucomicrobiales,f:GU230460_f,g:GQ452903_g,s:DQ499289_s
ASV1632	85.106	470	58	12	1	463	311	775	1.16e-131	470	tax=d:Bacteria,p:Verrucomicrobia,c:Verrucomicrobiae,o:Verrucomicrobiales,f:Luteolibacter_f,g:Haloferula,s:Haloferula sargassicola
ASV1632	85.043	468	60	10	1	463	324	786	4.16e-131	468	tax=d:Bacteria,p:Verrucomicrobia,c:Spartobacteria,o:Chthoniobacterales,f:Chthoniobacteraceae,g:HQ397089_g,s:JQ861403_s
ASV1632	84.979	466	65	5	1	463	323	786	4.16e-131	468	tax=d:Bacteria,p:Verrucomicrobia,c:Spartobacteria,o:Chthoniobacterales,f:Chthoniobacteraceae,g:PAC001932_g,s:EF516329_s
ASV1632	84.979	466	65	5	1	463	325	788	4.16e-131	468	tax=d:Bacteria,p:Verrucomicrobia,c:Spartobacteria,o:Chthoniobacterales,f:Chthoniobacteraceae,g:PAC001932_g,s:EF515936_s
ASV1632	84.979	466	65	5	1	463	326	789	4.16e-131	468	tax=d:Bacteria,p:Verrucomicrobia,c:Spartobacteria,o:Chthoniobacterales,f:Chthoniobacteraceae,g:PAC001932_g,s:EF494366_s
ASV1632	85.161	465	57	8	1	463	311	765	1.50e-130	466	tax=d:Bacteria,p:Verrucomicrobia,c:Spartobacteria,o:Chthoniobacterales,f:Chthoniobacteraceae,g:PAC002252_g,s:PAC002563_s
ASV1632	85.043	468	58	12	1	463	323	783	1.50e-130	466	tax=d:Bacteria,p:Verrucomicrobia,c:Spartobacteria,o:Chthoniobacterales,f:Chthoniobacteraceae,g:FJ542958_g,s:JN178112_s
ASV1632	84.861	469	62	8	1	463	334	799	5.39e-130	464	tax=d:Bacteria,p:Verrucomicrobia,c:Verrucomicrobiae,o:Verrucomicrobiales,f:GU230460_f,g:GQ452903_g,s:JN886882_s
ASV1632	84.861	469	62	8	1	463	305	770	5.39e-130	464	tax=d:Bacteria,p:Verrucomicrobia,c:Verrucomicrobiae,o:Verrucomicrobiales,f:FJ825801_f,g:FJ825801_g,s:JN515230_s
ASV1632	84.829	468	63	8	1	463	311	775	5.39e-130	464	tax=d:Bacteria,p:Verrucomicrobia,c:Verrucomicrobiae,o:Verrucomicrobiales,f:Luteolibacter_f,g:Luteolibacter,s:FJ437957_s
ASV1632	84.829	468	63	8	1	463	313	777	5.39e-130	464	tax=d:Bacteria,p:Verrucomicrobia,c:Verrucomicrobiae,o:Verrucomicrobiales,f:Luteolibacter_f,g:Luteolibacter,s:EF632724_s
ASV1632	84.829	468	63	8	1	463	310	774	5.39e-130	464	tax=d:Bacteria,p:Verrucomicrobia,c:Verrucomicrobiae,o:Verrucomicrobiales,f:Roseibacillus_f,g:GQ259291_g,s:DQ300578_s
ASV1632	84.861	469	61	10	1	463	307	771	5.39e-130	464	tax=d:Bacteria,p:Verrucomicrobia,c:Verrucomicrobiae,o:Verrucomicrobiales,f:Luteolibacter_f,g:Luteolibacter,s:BATP_s
ASV1632	85.129	464	55	9	1	463	311	761	1.94e-129	462	tax=d:Bacteria,p:Verrucomicrobia,c:Spartobacteria,o:Chthoniobacterales,f:Chthoniobacteraceae,g:HQ863979_g,s:JN499740_s
ASV1632	84.861	469	60	11	1	463	315	778	1.94e-129	462	tax=d:Bacteria,p:Verrucomicrobia,c:Spartobacteria,o:Chthoniobacterales,f:Chthoniobacteraceae,g:HQ397089_g,s:FJ822625_s
ASV1632	84.797	467	64	6	1	463	332	795	1.94e-129	462	tax=d:Bacteria,p:Verrucomicrobia,c:Spartobacteria,o:Chthoniobacterales,f:Chthoniobacteraceae,g:DQ228393_g,s:DQ228393_s
ASV1632	84.894	470	58	12	1	463	324	787	1.94e-129	462	tax=d:Bacteria,p:Verrucomicrobia,c:Spartobacteria,o:Chthoniobacterales,f:Chthoniobacteraceae,g:AY963370_g,s:AY963344_s
ASV1632	84.861	469	60	10	1	463	331	794	1.94e-129	462	tax=d:Bacteria,p:Verrucomicrobia,c:Verrucomicrobiae,o:Pedosphaera_o,f:Pedosphaera_f,g:Limisphaera,s:AB364857_s
ASV1632	84.681	470	62	8	1	463	308	774	6.97e-129	460	tax=d:Bacteria,p:Verrucomicrobia,c:Verrucomicrobiae,o:Verrucomicrobiales,f:GU230460_f,g:GQ452903_g,s:JN874095_s
ASV1632	84.746	472	59	12	1	463	324	791	6.97e-129	460	tax=d:Bacteria,p:Verrucomicrobia,c:Spartobacteria,o:Chthoniobacterales,f:Chthoniobacteraceae,g:Chthoniobacter,s:FM253596_s
ASV1632	84.435	469	59	12	1	463	324	784	6.97e-129	460	tax=d:Bacteria,p:Verrucomicrobia,c:Spartobacteria,o:Chthoniobacterales,f:Chthoniobacteraceae,g:FJ542927_g,s:FJ542927_s
ASV1632	85.408	466	42	14	1	463	318	760	6.97e-129	460	tax=d:Bacteria,p:Verrucomicrobia,c:Spartobacteria,o:Chthoniobacterales,f:Chthoniobacteraceae,g:Terrimicrobium,s:AJ863245_s
ASV1632	84.582	467	66	5	1	463	307	771	2.51e-128	459	tax=d:Bacteria,p:Verrucomicrobia,c:Verrucomicrobiae,o:Verrucomicrobiales,f:Roseibacillus_f,g:GQ259291_g,s:JN437731_s
ASV1632	84.648	469	61	11	1	463	324	787	9.01e-128	457	tax=d:Bacteria,p:Verrucomicrobia,c:Spartobacteria,o:Chthoniobacterales,f:Chthoniobacteraceae,g:PAC001932_g,s:FJ592695_s
ASV1632	84.549	466	67	5	1	463	324	787	9.01e-128	457	tax=d:Bacteria,p:Verrucomicrobia,c:Spartobacteria,o:Chthoniobacterales,f:Chthoniobacteraceae,g:PAC001932_g,s:EU861862_s
ASV1632	84.549	466	67	5	1	463	326	789	9.01e-128	457	tax=d:Bacteria,p:Verrucomicrobia,c:Spartobacteria,o:Chthoniobacterales,f:Chthoniobacteraceae,g:PAC001932_g,s:EF632909_s
ASV1632	84.946	465	55	6	1	463	318	769	9.01e-128	457	tax=d:Bacteria,p:Verrucomicrobia,c:Spartobacteria,o:Chthoniobacterales,f:Chthoniobacteraceae,g:DQ811931_g,s:DQ811931_s
ASV1632	84.946	465	53	10	1	463	303	752	3.24e-127	455	tax=d:Bacteria,p:Verrucomicrobia,c:Spartobacteria,o:Chthoniobacterales,f:Chthoniobacteraceae,g:FJ538130_g,s:FJ538130_s
ASV1632	84.435	469	63	10	1	463	298	762	3.24e-127	455	tax=d:Bacteria,p:Verrucomicrobia,c:Verrucomicrobiae,o:Verrucomicrobiales,f:Luteolibacter_f,g:Haloferula,s:Haloferula harenae
ASV1632	84.435	469	64	8	1	463	294	759	1.17e-126	453	tax=d:Bacteria,p:Verrucomicrobia,c:Verrucomicrobiae,o:Verrucomicrobiales,f:FJ825801_f,g:FJ825801_g,s:JN480700_s
ASV1632	84.468	470	61	12	1	463	311	775	1.17e-126	453	tax=d:Bacteria,p:Verrucomicrobia,c:Verrucomicrobiae,o:Verrucomicrobiales,f:Luteolibacter_f,g:Luteolibacter,s:HQ324871_s
ASV1632	84.468	470	61	11	1	463	331	795	1.17e-126	453	tax=d:Bacteria,p:Verrucomicrobia,c:Verrucomicrobiae,o:Pedosphaera_o,f:Pedosphaera_f,g:FM242390_g,s:FM242390_s
ASV1632	84.468	470	61	12	1	463	282	746	1.17e-126	453	tax=d:Bacteria,p:Verrucomicrobia,c:Verrucomicrobiae,o:Verrucomicrobiales,f:Luteolibacter_f,g:Haloferula,s:Haloferula luteola
ASV1632	84.402	468	66	7	1	463	330	795	1.17e-126	453	tax=d:Bacteria,p:Verrucomicrobia,c:Verrucomicrobiae,o:Verrucomicrobiales,f:GU230460_f,g:GQ452903_g,s:EU491679_s
ASV1632	84.368	467	67	6	1	463	311	775	1.17e-126	453	tax=d:Bacteria,p:Verrucomicrobia,c:Verrucomicrobiae,o:Verrucomicrobiales,f:Luteolibacter_f,g:Luteolibacter,s:DQ396215_s
ASV1632	84.402	468	65	8	1	463	325	789	1.17e-126	453	tax=d:Bacteria,p:Verrucomicrobia,c:Verrucomicrobiae,o:Verrucomicrobiales,f:Luteolibacter_f,g:Luteolibacter,s:DQ015833_s
ASV1632	84.435	469	62	10	1	463	322	785	4.19e-126	451	tax=d:Bacteria,p:Verrucomicrobia,c:Verrucomicrobiae,o:Pedosphaera_o,f:Pedosphaera_f,g:JF319250_g,s:GU208214_s
ASV1632	84.435	469	62	11	1	463	331	794	4.19e-126	451	tax=d:Bacteria,p:Verrucomicrobia,c:Verrucomicrobiae,o:Pedosphaera_o,f:Pedosphaera_f,g:GQ340144_g,s:GU183621_s
ASV1632	84.335	466	68	5	1	463	324	787	4.19e-126	451	tax=d:Bacteria,p:Verrucomicrobia,c:Spartobacteria,o:Chthoniobacterales,f:Chthoniobacteraceae,g:FM253675_g,s:FM253675_s
ASV1632	84.435	469	61	12	1	463	324	786	4.19e-126	451	tax=d:Bacteria,p:Verrucomicrobia,c:Spartobacteria,o:Chthoniobacterales,f:Chthoniobacteraceae,g:HQ397089_g,s:FJ444723_s
ASV1632	85.011	467	42	16	1	463	318	760	1.51e-125	449	tax=d:Bacteria,p:Verrucomicrobia,c:Spartobacteria,o:Chthoniobacterales,f:Chthoniobacteraceae,g:Terrimicrobium,s:JF181292_s
ASV1632	85.043	468	40	18	1	463	316	758	1.51e-125	449	tax=d:Bacteria,p:Verrucomicrobia,c:Spartobacteria,o:Chthoniobacterales,f:Chthoniobacteraceae,g:DQ415814_g,s:AF407726_s
ASV1632	84.222	469	64	10	1	463	320	784	5.42e-125	448	tax=d:Bacteria,p:Verrucomicrobia,c:Verrucomicrobiae,o:Verrucomicrobiales,f:GU230460_f,g:GQ452903_g,s:KC009955_s
ASV1632	84.222	469	64	9	1	463	324	788	5.42e-125	448	tax=d:Bacteria,p:Verrucomicrobia,c:Verrucomicrobiae,o:Verrucomicrobiales,f:GU230460_f,g:JN391752_g,s:JN391752_s
ASV1632	84.154	467	68	6	1	463	325	789	5.42e-125	448	tax=d:Bacteria,p:Verrucomicrobia,c:Spartobacteria,o:Chthoniobacterales,f:Chthoniobacteraceae,g:HQ864091_g,s:HQ864091_s
ASV1632	84.222	469	64	8	1	463	330	794	5.42e-125	448	tax=d:Bacteria,p:Verrucomicrobia,c:Spartobacteria,o:Chthoniobacterales,f:Chthoniobacteraceae,g:HM468056_g,s:HM468056_s
ASV1632	84.222	469	65	9	1	463	325	790	5.42e-125	448	tax=d:Bacteria,p:Verrucomicrobia,c:Spartobacteria,o:Chthoniobacterales,f:Chthoniobacteraceae,g:GU305796_g,s:HM127835_s
ASV1632	84.188	468	67	6	1	463	324	789	5.42e-125	448	tax=d:Bacteria,p:Verrucomicrobia,c:Verrucomicrobiae,o:Verrucomicrobiales,f:GU230460_f,g:GU230460_g,s:GU230460_s
ASV1632	84.154	467	69	4	1	463	315	780	5.42e-125	448	tax=d:Bacteria,p:Verrucomicrobia,c:Verrucomicrobiae,o:Verrucomicrobiales,f:GU230460_f,g:AM889150_g,s:GQ452887_s
ASV1632	84.154	467	68	6	1	463	313	777	5.42e-125	448	tax=d:Bacteria,p:Verrucomicrobia,c:Verrucomicrobiae,o:Verrucomicrobiales,f:Luteolibacter_f,g:Luteolibacter,s:GQ259314_s
ASV1632	84.222	469	65	8	1	463	307	772	5.42e-125	448	tax=d:Bacteria,p:Verrucomicrobia,c:Verrucomicrobiae,o:Verrucomicrobiales,f:GU230460_f,g:DQ446123_g,s:DQ446123_s
ASV1632	84.222	469	64	10	1	463	309	773	5.42e-125	448	tax=d:Bacteria,p:Verrucomicrobia,c:Verrucomicrobiae,o:Verrucomicrobiales,f:Luteolibacter_f,g:Haloferula,s:Haloferula rosea
ASV1632	84.516	465	57	6	1	463	311	762	1.95e-124	446	tax=d:Bacteria,p:Verrucomicrobia,c:Spartobacteria,o:Chthoniobacterales,f:Chthoniobacteraceae,g:PAC002252_g,s:PAC002252_s
ASV1632	84.549	466	54	11	1	463	303	753	1.95e-124	446	tax=d:Bacteria,p:Verrucomicrobia,c:Spartobacteria,o:Chthoniobacterales,f:Chthoniobacteraceae,g:JN449754_g,s:JN449754_s
ASV1632	84.289	471	59	13	1	463	330	793	1.95e-124	446	tax=d:Bacteria,p:Verrucomicrobia,c:Verrucomicrobiae,o:Pedosphaera_o,f:Pedosphaera_f,g:GU127739_g,s:EU135464_s
ASV1632	84.267	464	63	7	1	463	303	757	7.02e-124	444	tax=d:Bacteria,p:Verrucomicrobia,c:Spartobacteria,o:Chthoniobacterales,f:Chthoniobacteraceae,g:JN449754_g,s:JN464714_s
ASV1632	84.731	465	47	10	1	463	318	760	7.02e-124	444	tax=d:Bacteria,p:Verrucomicrobia,c:Spartobacteria,o:Chthoniobacterales,f:Chthoniobacteraceae,g:HM129219_g,s:FJ612421_s
ASV1632	84.731	465	47	12	1	463	318	760	7.02e-124	444	tax=d:Bacteria,p:Verrucomicrobia,c:Spartobacteria,o:Chthoniobacterales,f:Chthoniobacteraceae,g:Terrimicrobium,s:FJ479185_s
ASV1632	84.797	467	43	16	1	463	318	760	7.02e-124	444	tax=d:Bacteria,p:Verrucomicrobia,c:Spartobacteria,o:Chthoniobacterales,f:Chthoniobacteraceae,g:Terrimicrobium,s:EU131037_s
ASV1632	84.009	469	65	9	1	463	308	772	2.52e-123	442	tax=d:Bacteria,p:Verrucomicrobia,c:Verrucomicrobiae,o:Verrucomicrobiales,f:Luteolibacter_f,g:Haloferula,s:JN523262_s
ASV1632	84.110	472	59	15	1	463	326	790	2.52e-123	442	tax=d:Bacteria,p:Verrucomicrobia,c:Spartobacteria,o:Chthoniobacterales,f:Chthoniobacteraceae,g:PAC001932_g,s:JN178022_s
ASV1632	83.906	466	72	3	1	463	310	775	2.52e-123	442	tax=d:Bacteria,p:Verrucomicrobia,c:Verrucomicrobiae,o:Verrucomicrobiales,f:Roseibacillus_f,g:CAGM_g,s:GQ850568_s
ASV1632	83.974	468	67	7	1	463	324	788	2.52e-123	442	tax=d:Bacteria,p:Verrucomicrobia,c:Spartobacteria,o:Chthoniobacterales,f:Chthoniobacteraceae,g:FJ542958_g,s:EU135416_s
ASV1632	84.698	464	48	11	1	463	318	759	2.52e-123	442	tax=d:Bacteria,p:Verrucomicrobia,c:Spartobacteria,o:Chthoniobacterales,f:Chthoniobacteraceae,g:AJ575732_g,s:EF520637_s
ASV1632	83.974	468	68	6	1	463	307	772	2.52e-123	442	tax=d:Bacteria,p:Verrucomicrobia,c:Verrucomicrobiae,o:Verrucomicrobiales,f:GU230460_f,g:GQ452903_g,s:DQ269063_s
ASV1632	83.906	466	71	4	1	463	309	773	2.52e-123	442	tax=d:Bacteria,p:Verrucomicrobia,c:Verrucomicrobiae,o:Verrucomicrobiales,f:Rubritaleaceae,g:Rubritalea,s:AB543682_s
ASV1632	84.267	464	60	8	1	463	318	769	9.08e-123	440	tax=d:Bacteria,p:Verrucomicrobia,c:Spartobacteria,o:Chthoniobacterales,f:Chthoniobacteraceae,g:JN541156_g,s:JN541156_s
ASV1632	83.974	468	65	10	1	463	312	774	9.08e-123	440	tax=d:Bacteria,p:Verrucomicrobia,c:Verrucomicrobiae,o:Verrucomicrobiales,f:Luteolibacter_f,g:Haloferula,s:AF513965_s
ASV1632	84.516	465	48	10	1	463	318	760	3.26e-122	438	tax=d:Bacteria,p:Verrucomicrobia,c:Spartobacteria,o:Chthoniobacterales,f:Chthoniobacteraceae,g:HM129219_g,s:FJ437803_s
ASV1632	83.656	465	74	2	1	463	278	742	1.17e-121	436	tax=d:Bacteria,p:Verrucomicrobia,c:Verrucomicrobiae,o:Verrucomicrobiales,f:Roseibacillus_f,g:CAGM_g,s:JN441728_s
ASV1632	83.830	470	64	11	1	463	309	773	1.17e-121	436	tax=d:Bacteria,p:Verrucomicrobia,c:Verrucomicrobiae,o:Verrucomicrobiales,f:Luteolibacter_f,g:Haloferula,s:JN438157_s
ASV1632	83.579	475	64	14	1	463	326	798	1.17e-121	436	tax=d:Bacteria,p:Verrucomicrobia,c:Spartobacteria,o:Chthoniobacterales,f:Chthoniobacteraceae,g:FJ542958_g,s:JN178380_s
ASV1632	83.726	467	71	4	1	463	309	774	1.17e-121	436	tax=d:Bacteria,p:Verrucomicrobia,c:Verrucomicrobiae,o:Verrucomicrobiales,f:GU230460_f,g:AM889150_g,s:DQ115993_s
ASV1632	83.830	470	64	12	1	463	309	773	1.17e-121	436	tax=d:Bacteria,p:Verrucomicrobia,c:Verrucomicrobiae,o:Verrucomicrobiales,f:Luteolibacter_f,g:Haloferula,s:Haloferula phyci
ASV1632	83.795	469	66	10	1	463	309	773	1.17e-121	436	tax=d:Bacteria,p:Verrucomicrobia,c:Verrucomicrobiae,o:Verrucomicrobiales,f:Rubritaleaceae,g:Rubritalea,s:Rubritalea sabuli
ASV1632	83.726	467	70	6	1	463	299	763	1.17e-121	436	tax=d:Bacteria,p:Verrucomicrobia,c:Verrucomicrobiae,o:Verrucomicrobiales,f:Roseibacillus_f,g:Roseibacillus,s:Roseibacillus ponti
ASV1632	83.795	469	65	8	1	463	331	794	4.22e-121	435	tax=d:Bacteria,p:Verrucomicrobia,c:Verrucomicrobiae,o:Pedosphaera_o,f:Pedosphaera_f,g:Limisphaera,s:HQ114142_s
ASV1632	84.086	465	59	9	1	463	303	754	4.22e-121	435	tax=d:Bacteria,p:Verrucomicrobia,c:Spartobacteria,o:Chthoniobacterales,f:Chthoniobacteraceae,g:PAC002252_g,s:GU172180_s
ASV1632	83.830	470	62	13	1	463	336	798	4.22e-121	435	tax=d:Bacteria,p:Verrucomicrobia,c:Verrucomicrobiae,o:Pedosphaera_o,f:Pedosphaera_f,g:AY907751_g,s:GU145401_s
ASV1632	83.795	469	65	8	1	463	331	794	4.22e-121	435	tax=d:Bacteria,p:Verrucomicrobia,c:Verrucomicrobiae,o:Pedosphaera_o,f:Pedosphaera_f,g:Limisphaera,s:EU135499_s
ASV1632	83.795	469	65	10	1	463	330	793	4.22e-121	435	tax=d:Bacteria,p:Verrucomicrobia,c:Verrucomicrobiae,o:Pedosphaera_o,f:Pedosphaera_f,g:EU135452_g,s:EU135452_s
ASV1632	83.726	467	69	7	1	463	331	794	4.22e-121	435	tax=d:Bacteria,p:Verrucomicrobia,c:Verrucomicrobiae,o:Pedosphaera_o,f:Pedosphaera_f,g:EU135411_g,s:EU135411_s
ASV1632	83.761	468	67	8	1	463	318	781	4.22e-121	435	tax=d:Bacteria,p:Verrucomicrobia,c:Verrucomicrobiae,o:Pedosphaera_o,f:Pedosphaera_f,g:GU127739_g,s:DQ676318_s
ASV1632	83.830	470	63	12	1	463	331	794	4.22e-121	435	tax=d:Bacteria,p:Verrucomicrobia,c:Verrucomicrobiae,o:Pedosphaera_o,f:Pedosphaera_f,g:Limisphaera,s:AY555792_s
ASV1632	83.795	469	65	10	1	463	333	796	4.22e-121	435	tax=d:Bacteria,p:Verrucomicrobia,c:Verrucomicrobiae,o:Pedosphaera_o,f:Pedosphaera_f,g:KF026314_g,s:AJ617867_s
ASV1632	83.864	471	61	14	1	463	331	794	4.22e-121	435	tax=d:Bacteria,p:Verrucomicrobia,c:Verrucomicrobiae,o:Pedosphaera_o,f:Pedosphaera_f,g:Limisphaera,s:AB364859_s
ASV1632	83.948	461	65	7	1	455	305	762	1.52e-120	433	tax=d:Bacteria,p:Verrucomicrobia,c:Verrucomicrobiae,o:Verrucomicrobiales,f:Rubritaleaceae,g:Rubritalea,s:GU070688_s
ASV1632	83.656	465	71	5	1	463	325	786	1.52e-120	433	tax=d:Bacteria,p:Verrucomicrobia,c:Spartobacteria,o:Chthoniobacterales,f:Chthoniobacteraceae,g:PAC001932_g,s:AY218772_s
ASV1632	83.547	468	70	6	1	463	309	774	5.46e-120	431	tax=d:Bacteria,p:Verrucomicrobia,c:Verrucomicrobiae,o:Verrucomicrobiales,f:GU230460_f,g:AM889150_g,s:HQ158721_s
ASV1632	83.547	468	69	8	1	463	309	773	5.46e-120	431	tax=d:Bacteria,p:Verrucomicrobia,c:Verrucomicrobiae,o:Verrucomicrobiales,f:Luteolibacter_f,g:HQ116739_g,s:HQ116739_s
ASV1632	83.721	473	60	16	1	463	248	713	5.46e-120	431	tax=d:Bacteria,p:Verrucomicrobia,c:Verrucomicrobiae,o:Verrucomicrobiales,f:GU230460_f,g:DQ446123_g,s:GU369937_s
ASV1632	83.476	466	73	3	1	463	308	772	5.46e-120	431	tax=d:Bacteria,p:Verrucomicrobia,c:Verrucomicrobiae,o:Verrucomicrobiales,f:Roseibacillus_f,g:GQ259291_g,s:GQ259291_s
ASV1632	83.441	465	75	2	1	463	317	781	5.46e-120	431	tax=d:Bacteria,p:Verrucomicrobia,c:Verrucomicrobiae,o:Verrucomicrobiales,f:DQ450787_f,g:DQ450787_g,s:DQ450787_s
ASV1632	83.582	469	67	9	1	463	309	773	5.46e-120	431	tax=d:Bacteria,p:Verrucomicrobia,c:Verrucomicrobiae,o:Verrucomicrobiales,f:Rubritaleaceae,g:Rubritalea,s:Rubritalea halochordaticola
ASV1632	83.582	469	67	9	1	463	279	743	5.46e-120	431	tax=d:Bacteria,p:Verrucomicrobia,c:Verrucomicrobiae,o:Verrucomicrobiales,f:Rubritaleaceae,g:Rubritalea,s:Rubritalea squalenifaciens
ASV1632	83.836	464	61	10	1	463	302	752	1.96e-119	429	tax=d:Bacteria,p:Verrucomicrobia,c:Spartobacteria,o:Chthoniobacterales,f:Chthoniobacteraceae,g:JN449754_g,s:JN488653_s
ASV1632	83.582	469	66	10	1	463	331	794	1.96e-119	429	tax=d:Bacteria,p:Verrucomicrobia,c:Verrucomicrobiae,o:Pedosphaera_o,f:Pedosphaera_f,g:AF234711_g,s:HQ827955_s
ASV1632	83.582	469	66	10	1	463	332	795	1.96e-119	429	tax=d:Bacteria,p:Verrucomicrobia,c:Verrucomicrobiae,o:Pedosphaera_o,f:Pedosphaera_f,g:JF319250_g,s:FJ478738_s
ASV1632	83.512	467	70	7	1	463	331	794	1.96e-119	429	tax=d:Bacteria,p:Verrucomicrobia,c:Verrucomicrobiae,o:Pedosphaera_o,f:Pedosphaera_f,g:GU127739_g,s:FJ478519_s
ASV1632	83.512	467	70	7	1	463	316	779	1.96e-119	429	tax=d:Bacteria,p:Verrucomicrobia,c:Verrucomicrobiae,o:Pedosphaera_o,f:EF018725_f,g:EF018725_g,s:EF018725_s
ASV1632	83.582	469	66	10	1	463	305	768	1.96e-119	429	tax=d:Bacteria,p:Verrucomicrobia,c:Verrucomicrobiae,o:Pedosphaera_o,f:Pedosphaera_f,g:AJ401132_g,s:AJ401132_s
ASV1632	84.086	465	50	10	1	463	318	760	7.07e-119	427	tax=d:Bacteria,p:Verrucomicrobia,c:Spartobacteria,o:Chthoniobacterales,f:Chthoniobacteraceae,g:HM129219_g,s:HM187011_s
ASV1632	84.052	464	52	10	1	463	318	760	7.07e-119	427	tax=d:Bacteria,p:Verrucomicrobia,c:Spartobacteria,o:Chthoniobacterales,f:Chthoniobacteraceae,g:AJ575732_g,s:AJ575732_s
ASV1632	84.086	465	50	12	1	463	318	760	7.07e-119	427	tax=d:Bacteria,p:Verrucomicrobia,c:Spartobacteria,o:Chthoniobacterales,f:Chthoniobacteraceae,g:Terrimicrobium,s:AB245342_s
ASV1632	83.262	466	74	4	1	463	309	773	2.54e-118	425	tax=d:Bacteria,p:Verrucomicrobia,c:Verrucomicrobiae,o:Verrucomicrobiales,f:Roseibacillus_f,g:CAGM_g,s:JN427230_s
ASV1632	83.262	466	75	3	1	463	307	772	2.54e-118	425	tax=d:Bacteria,p:Verrucomicrobia,c:Verrucomicrobiae,o:Verrucomicrobiales,f:EU925854_f,g:EU925854_g,s:EU925854_s
ASV1632	83.298	467	73	4	1	463	309	774	2.54e-118	425	tax=d:Bacteria,p:Verrucomicrobia,c:Verrucomicrobiae,o:Verrucomicrobiales,f:GU230460_f,g:AM889150_g,s:EU795148_s
ASV1632	83.298	467	73	5	1	463	342	807	2.54e-118	425	tax=d:Bacteria,p:Verrucomicrobia,c:Kiritimatiellae,o:Kiritimatiellales,f:Kiritimatiellaceae,g:GU196224_g,s:CU920803_s
ASV1632	83.475	472	61	16	1	463	331	794	9.14e-118	424	tax=d:Bacteria,p:Verrucomicrobia,c:Verrucomicrobiae,o:Pedosphaera_o,f:Pedosphaera_f,g:PAC000381_g,s:PAC000574_s
ASV1632	83.439	471	63	14	1	463	318	781	9.14e-118	424	tax=d:Bacteria,p:Verrucomicrobia,c:Verrucomicrobiae,o:Pedosphaera_o,f:Pedosphaera_f,g:Limisphaera,s:JF833774_s
ASV1632	83.262	466	73	5	1	463	331	794	9.14e-118	424	tax=d:Bacteria,p:Verrucomicrobia,c:Verrucomicrobiae,o:Pedosphaera_o,f:Pedosphaera_f,g:AF234711_g,s:HE648177_s
ASV1632	83.404	470	65	11	1	463	331	794	9.14e-118	424	tax=d:Bacteria,p:Verrucomicrobia,c:Verrucomicrobiae,o:Pedosphaera_o,f:Pedosphaera_f,g:Limisphaera,s:FJ264781_s
ASV1632	83.298	467	71	7	1	463	325	788	9.14e-118	424	tax=d:Bacteria,p:Verrucomicrobia,c:Verrucomicrobiae,o:Pedosphaera_o,f:Pedosphaera_f,g:EU135537_g,s:EU135537_s
ASV1632	83.404	470	65	13	1	463	330	793	9.14e-118	424	tax=d:Bacteria,p:Verrucomicrobia,c:Verrucomicrobiae,o:Pedosphaera_o,f:Pedosphaera_f,g:Limisphaera,s:EU135532_s
ASV1632	83.333	468	69	9	1	463	327	790	9.14e-118	424	tax=d:Bacteria,p:Verrucomicrobia,c:Verrucomicrobiae,o:Pedosphaera_o,f:Pedosphaera_f,g:GU127739_g,s:EU135434_s
ASV1632	83.333	468	69	9	1	463	287	750	9.14e-118	424	tax=d:Bacteria,p:Verrucomicrobia,c:Verrucomicrobiae,o:Pedosphaera_o,f:Pedosphaera_f,g:AF234711_g,s:AJ401114_s
ASV1632	83.369	469	67	11	1	463	331	794	9.14e-118	424	tax=d:Bacteria,p:Verrucomicrobia,c:Verrucomicrobiae,o:Pedosphaera_o,f:Pedosphaera_f,g:GU127739_g,s:AB672150_s
ASV1632	83.333	468	69	9	1	463	331	794	9.14e-118	424	tax=d:Bacteria,p:Verrucomicrobia,c:Verrucomicrobiae,o:Pedosphaera_o,f:Pedosphaera_f,g:Limisphaera,s:AB630905_s
ASV1632	83.871	465	51	12	1	463	318	760	3.29e-117	422	tax=d:Bacteria,p:Verrucomicrobia,c:Spartobacteria,o:Chthoniobacterales,f:Chthoniobacteraceae,g:Terrimicrobium,s:JQ809242_s
ASV1632	83.404	470	63	11	1	463	330	791	3.29e-117	422	tax=d:Bacteria,p:Verrucomicrobia,c:Verrucomicrobiae,o:Pedosphaera_o,f:Pedosphaera_f,g:KB911993_g,s:JQ269258_s
ASV1632	83.156	469	71	8	1	463	307	773	3.29e-117	422	tax=d:Bacteria,p:Verrucomicrobia,c:Verrucomicrobiae,o:Verrucomicrobiales,f:GU230460_f,g:AM889150_g,s:FJ203597_s
ASV1632	83.940	467	47	13	1	463	308	750	3.29e-117	422	tax=d:Bacteria,p:Verrucomicrobia,c:Spartobacteria,o:Chthoniobacterales,f:Chthoniobacteraceae,g:FJ543046_g,s:EU135544_s
ASV1632	83.795	469	49	19	1	463	300	747	1.18e-116	420	tax=d:Bacteria,p:Verrucomicrobia,c:Verrucomicrobiae,o:Verrucomicrobiales,f:Akkermansiaceae,g:Akkermansia,s:Akkermansia glycaniphila
ASV1632	83.084	467	73	6	1	463	333	797	1.18e-116	420	tax=d:Bacteria,p:Verrucomicrobia,c:Verrucomicrobiae,o:Pedosphaera_o,f:Pedosphaera_f,g:JQ800977_g,s:JQ800977_s
ASV1632	83.047	466	75	4	1	463	294	758	1.18e-116	420	tax=d:Bacteria,p:Verrucomicrobia,c:Verrucomicrobiae,o:Verrucomicrobiales,f:Roseibacillus_f,g:JN440331_g,s:JN440331_s
ASV1632	83.047	466	75	3	1	463	324	788	1.18e-116	420	tax=d:Bacteria,p:Verrucomicrobia,c:Spartobacteria,o:Chthoniobacterales,f:Chthoniobacteraceae,g:HQ727590_g,s:HQ727588_s
ASV1632	83.120	468	72	6	1	463	309	774	1.18e-116	420	tax=d:Bacteria,p:Verrucomicrobia,c:Verrucomicrobiae,o:Verrucomicrobiales,f:GU230460_f,g:GU230460_g,s:GQ472830_s
ASV1632	83.120	468	72	5	1	463	276	741	1.18e-116	420	tax=d:Bacteria,p:Verrucomicrobia,c:Verrucomicrobiae,o:Verrucomicrobiales,f:GU230460_f,g:GU230460_g,s:EU246817_s
ASV1632	83.084	467	73	6	1	463	309	773	1.18e-116	420	tax=d:Bacteria,p:Verrucomicrobia,c:Verrucomicrobiae,o:Verrucomicrobiales,f:Luteolibacter_f,g:Haloferula,s:Haloferula helveola
ASV1632	83.120	468	71	7	1	463	309	773	1.18e-116	420	tax=d:Bacteria,p:Verrucomicrobia,c:Verrucomicrobiae,o:Verrucomicrobiales,f:Roseibacillus_f,g:Roseibacillus,s:Roseibacillus persicicus
ASV1632	83.156	469	69	10	1	463	309	773	1.18e-116	420	tax=d:Bacteria,p:Verrucomicrobia,c:Verrucomicrobiae,o:Verrucomicrobiales,f:Roseibacillus_f,g:Roseibacillus,s:Roseibacillus ishigakijimensis
ASV1632	83.156	469	68	10	1	463	331	794	4.25e-116	418	tax=d:Bacteria,p:Verrucomicrobia,c:Verrucomicrobiae,o:Pedosphaera_o,f:Pedosphaera_f,g:KF026314_g,s:KF026314_s
ASV1632	83.263	472	62	15	1	463	331	794	4.25e-116	418	tax=d:Bacteria,p:Verrucomicrobia,c:Verrucomicrobiae,o:Pedosphaera_o,f:Pedosphaera_f,g:JQ800825_g,s:JQ800825_s
ASV1632	83.156	469	68	9	1	463	331	794	4.25e-116	418	tax=d:Bacteria,p:Verrucomicrobia,c:Verrucomicrobiae,o:Pedosphaera_o,f:Pedosphaera_f,g:Limisphaera,s:JF833738_s
ASV1632	83.047	466	73	6	1	463	308	770	4.25e-116	418	tax=d:Bacteria,p:Verrucomicrobia,c:Verrucomicrobiae,o:Verrucomicrobiales,f:Roseibacillus_f,g:CAGM_g,s:GQ274302_s
ASV1632	83.120	468	70	8	1	463	331	794	4.25e-116	418	tax=d:Bacteria,p:Verrucomicrobia,c:Verrucomicrobiae,o:Pedosphaera_o,f:Pedosphaera_f,g:Limisphaera,s:FN870309_s
ASV1632	83.191	470	66	10	1	463	331	794	4.25e-116	418	tax=d:Bacteria,p:Verrucomicrobia,c:Verrucomicrobiae,o:Pedosphaera_o,f:Pedosphaera_f,g:GU127739_g,s:EU881198_s
ASV1632	83.156	469	68	11	1	463	331	794	4.25e-116	418	tax=d:Bacteria,p:Verrucomicrobia,c:Verrucomicrobiae,o:Pedosphaera_o,f:Pedosphaera_f,g:Limisphaera,s:EF467542_s
ASV1632	83.726	467	50	15	1	463	301	745	4.25e-116	418	tax=d:Bacteria,p:Verrucomicrobia,c:Verrucomicrobiae,o:Verrucomicrobiales,f:Akkermansiaceae,g:Akkermansia,s:DQ799193_s
ASV1632	83.191	470	66	13	1	463	331	794	4.25e-116	418	tax=d:Bacteria,p:Verrucomicrobia,c:Verrucomicrobiae,o:Pedosphaera_o,f:Pedosphaera_f,g:Limisphaera,s:AM490657_s
ASV1632	83.156	469	68	10	1	463	333	796	4.25e-116	418	tax=d:Bacteria,p:Verrucomicrobia,c:Verrucomicrobiae,o:Pedosphaera_o,f:Pedosphaera_f,g:AF316730_g,s:AF316730_s
ASV1632	83.191	470	66	13	1	463	331	794	4.25e-116	418	tax=d:Bacteria,p:Verrucomicrobia,c:Verrucomicrobiae,o:Pedosphaera_o,f:Pedosphaera_f,g:Limisphaera,s:AB240494_s
ASV1632	83.691	466	50	14	1	463	308	750	1.53e-115	416	tax=d:Bacteria,p:Verrucomicrobia,c:Spartobacteria,o:Chthoniobacterales,f:Chthoniobacteraceae,g:Terrimicrobium,s:JQ861291_s
ASV1632	83.656	465	52	10	1	463	317	759	1.53e-115	416	tax=d:Bacteria,p:Verrucomicrobia,c:Spartobacteria,o:Chthoniobacterales,f:Chthoniobacteraceae,g:HM129219_g,s:HM129219_s
ASV1632	83.656	465	52	12	1	463	318	760	1.53e-115	416	tax=d:Bacteria,p:Verrucomicrobia,c:Spartobacteria,o:Chthoniobacterales,f:Chthoniobacteraceae,g:Terrimicrobium,s:GQ264093_s
ASV1632	83.691	466	50	14	1	463	302	744	1.53e-115	416	tax=d:Bacteria,p:Verrucomicrobia,c:Spartobacteria,o:Chthoniobacterales,f:Chthoniobacteraceae,g:FJ516925_g,s:FJ516925_s
ASV1632	83.656	465	52	12	1	463	318	760	1.53e-115	416	tax=d:Bacteria,p:Verrucomicrobia,c:Spartobacteria,o:Chthoniobacterales,f:Chthoniobacteraceae,g:HM129219_g,s:FJ437853_s
ASV1632	83.656	465	52	12	1	463	318	760	1.53e-115	416	tax=d:Bacteria,p:Verrucomicrobia,c:Spartobacteria,o:Chthoniobacterales,f:Chthoniobacteraceae,g:Terrimicrobium,s:AB630916_s
ASV1632	82.942	469	69	10	1	463	331	794	5.50e-115	414	tax=d:Bacteria,p:Verrucomicrobia,c:Verrucomicrobiae,o:Pedosphaera_o,f:Pedosphaera_f,g:EU937926_g,s:EU937926_s
ASV1632	82.942	469	70	10	1	463	331	795	5.50e-115	414	tax=d:Bacteria,p:Verrucomicrobia,c:Verrucomicrobiae,o:Verrucomicrobiales,f:GU230460_f,g:GU061933_g,s:EU050941_s
ASV1632	82.869	467	73	6	1	463	315	778	1.98e-114	412	tax=d:Bacteria,p:Verrucomicrobia,c:Verrucomicrobiae,o:Pedosphaera_o,f:Pedosphaera_f,g:Limisphaera,s:PAC002502_s
ASV1632	83.547	468	50	16	1	463	301	746	1.98e-114	412	tax=d:Bacteria,p:Verrucomicrobia,c:Verrucomicrobiae,o:Verrucomicrobiales,f:Akkermansiaceae,g:Akkermansia,s:KQ968618_s
ASV1632	82.906	468	71	9	1	463	331	794	1.98e-114	412	tax=d:Bacteria,p:Verrucomicrobia,c:Verrucomicrobiae,o:Pedosphaera_o,f:Pedosphaera_f,g:Limisphaera,s:JQ809246_s
ASV1632	83.051	472	63	15	1	463	331	794	1.98e-114	412	tax=d:Bacteria,p:Verrucomicrobia,c:Verrucomicrobiae,o:Pedosphaera_o,f:Pedosphaera_f,g:JN656847_g,s:JN656847_s
ASV1632	83.019	477	60	21	1	463	324	793	1.98e-114	412	tax=d:Bacteria,p:Verrucomicrobia,c:Spartobacteria,o:Chthoniobacterales,f:Chthoniobacteraceae,g:PAC001932_g,s:JN178550_s
ASV1632	82.906	468	70	10	1	463	331	793	1.98e-114	412	tax=d:Bacteria,p:Verrucomicrobia,c:Verrucomicrobiae,o:Pedosphaera_o,f:Pedosphaera_f,g:GU127739_g,s:JN038917_s
ASV1632	83.015	471	65	12	1	463	331	794	1.98e-114	412	tax=d:Bacteria,p:Verrucomicrobia,c:Verrucomicrobiae,o:Pedosphaera_o,f:Pedosphaera_f,g:GU127739_g,s:JF833885_s
ASV1632	82.906	468	71	9	1	463	331	794	1.98e-114	412	tax=d:Bacteria,p:Verrucomicrobia,c:Verrucomicrobiae,o:Pedosphaera_o,f:Pedosphaera_f,g:EU881223_g,s:EU881223_s
ASV1632	82.979	470	67	13	1	463	331	794	1.98e-114	412	tax=d:Bacteria,p:Verrucomicrobia,c:Verrucomicrobiae,o:Pedosphaera_o,f:Pedosphaera_f,g:PAC000381_g,s:EU335294_s
ASV1632	82.979	470	67	10	1	463	331	794	1.98e-114	412	tax=d:Bacteria,p:Verrucomicrobia,c:Verrucomicrobiae,o:Pedosphaera_o,f:Pedosphaera_f,g:GU127739_g,s:EU135543_s
ASV1632	82.869	467	73	7	1	463	322	785	1.98e-114	412	tax=d:Bacteria,p:Verrucomicrobia,c:Verrucomicrobiae,o:Pedosphaera_o,f:Pedosphaera_f,g:GU127739_g,s:EU135439_s
ASV1632	83.015	471	65	14	1	463	330	793	1.98e-114	412	tax=d:Bacteria,p:Verrucomicrobia,c:Verrucomicrobiae,o:Pedosphaera_o,f:Pedosphaera_f,g:GU127739_g,s:EF516104_s
ASV1632	82.833	466	74	6	1	463	330	792	1.98e-114	412	tax=d:Bacteria,p:Verrucomicrobia,c:Verrucomicrobiae,o:Pedosphaera_o,f:Pedosphaera_f,g:Limisphaera,s:AY555797_s
ASV1632	82.833	466	75	5	1	463	310	773	1.98e-114	412	tax=d:Bacteria,p:Verrucomicrobia,c:Verrucomicrobiae,o:Pedosphaera_o,f:Pedosphaera_f,g:Limisphaera,s:AJ401115_s
ASV1632	83.441	465	53	12	1	463	318	760	7.12e-114	411	tax=d:Bacteria,p:Verrucomicrobia,c:Spartobacteria,o:Chthoniobacterales,f:Chthoniobacteraceae,g:Terrimicrobium,s:JF168305_s
ASV1632	83.441	465	53	12	1	463	318	760	7.12e-114	411	tax=d:Bacteria,p:Verrucomicrobia,c:Spartobacteria,o:Chthoniobacterales,f:Chthoniobacteraceae,g:Terrimicrobium,s:JF139735_s
ASV1632	82.729	469	73	7	1	463	309	775	7.12e-114	411	tax=d:Bacteria,p:Verrucomicrobia,c:Verrucomicrobiae,o:Verrucomicrobiales,f:GU230460_f,g:AM889150_g,s:HM129588_s
ASV1632	83.441	465	53	12	1	463	318	760	7.12e-114	411	tax=d:Bacteria,p:Verrucomicrobia,c:Spartobacteria,o:Chthoniobacterales,f:Chthoniobacteraceae,g:HM129219_g,s:AB630912_s
ASV1632	82.655	467	76	5	1	463	311	776	2.56e-113	409	tax=d:Bacteria,p:Verrucomicrobia,c:Verrucomicrobiae,o:Verrucomicrobiales,f:EU925854_f,g:EU925854_g,s:JN479385_s
ASV1632	82.655	467	75	5	1	463	324	788	2.56e-113	409	tax=d:Bacteria,p:Verrucomicrobia,c:Spartobacteria,o:Chthoniobacterales,f:Chthoniobacteraceae,g:HQ727590_g,s:HQ727589_s
ASV1632	83.404	470	49	21	1	463	297	744	2.56e-113	409	tax=d:Bacteria,p:Verrucomicrobia,c:Verrucomicrobiae,o:Verrucomicrobiales,f:Akkermansiaceae,g:HM630201_g,s:HM630201_s
ASV1632	82.581	465	79	2	1	463	309	773	2.56e-113	409	tax=d:Bacteria,p:Verrucomicrobia,c:Verrucomicrobiae,o:Verrucomicrobiales,f:Roseibacillus_f,g:CAGM_g,s:EU919847_s
ASV1632	82.692	468	73	8	1	463	331	795	2.56e-113	409	tax=d:Bacteria,p:Verrucomicrobia,c:Verrucomicrobiae,o:Pedosphaera_o,f:Pedosphaera_f,g:FJ437898_g,s:AB661572_s
ASV1632	82.729	469	70	10	1	463	331	794	9.20e-113	407	tax=d:Bacteria,p:Verrucomicrobia,c:Verrucomicrobiae,o:Pedosphaera_o,f:Pedosphaera_f,g:PAC000381_g,s:JQ861283_s
ASV1632	83.084	467	60	18	1	460	309	763	9.20e-113	407	tax=d:Bacteria,p:Verrucomicrobia,c:Spartobacteria,o:Chthoniobacterales,f:Chthoniobacteraceae,g:AB552873_g,s:JN178354_s
ASV1632	82.692	468	72	9	1	463	331	794	9.20e-113	407	tax=d:Bacteria,p:Verrucomicrobia,c:Verrucomicrobiae,o:Pedosphaera_o,f:Pedosphaera_f,g:HQ697818_g,s:HQ697818_s
ASV1632	82.766	470	68	12	1	463	331	794	9.20e-113	407	tax=d:Bacteria,p:Verrucomicrobia,c:Verrucomicrobiae,o:Pedosphaera_o,f:Pedosphaera_f,g:GQ340144_g,s:GQ340144_s
ASV1632	82.766	470	68	12	1	463	331	794	9.20e-113	407	tax=d:Bacteria,p:Verrucomicrobia,c:Verrucomicrobiae,o:Pedosphaera_o,f:Pedosphaera_f,g:Limisphaera,s:FJ478899_s
ASV1632	82.729	469	70	11	1	463	331	794	9.20e-113	407	tax=d:Bacteria,p:Verrucomicrobia,c:Verrucomicrobiae,o:Pedosphaera_o,f:Pedosphaera_f,g:KB911993_g,s:FJ155060_s
ASV1632	82.803	471	66	13	1	463	331	794	9.20e-113	407	tax=d:Bacteria,p:Verrucomicrobia,c:Verrucomicrobiae,o:Pedosphaera_o,f:Pedosphaera_f,g:GU127739_g,s:EU135442_s
ASV1632	82.692	468	72	7	1	463	330	793	9.20e-113	407	tax=d:Bacteria,p:Verrucomicrobia,c:Verrucomicrobiae,o:Pedosphaera_o,f:Pedosphaera_f,g:Limisphaera,s:EU135436_s
ASV1632	82.655	467	74	7	1	463	339	802	9.20e-113	407	tax=d:Bacteria,p:Verrucomicrobia,c:Verrucomicrobiae,o:Pedosphaera_o,f:Pedosphaera_f,g:CU917929_g,s:CU917929_s
ASV1632	83.120	468	56	20	1	460	303	755	3.31e-112	405	tax=d:Bacteria,p:Verrucomicrobia,c:Spartobacteria,o:Chthoniobacterales,f:Chthoniobacteraceae,g:FJ542958_g,s:JN178705_s
ASV1632	83.262	466	52	14	1	463	318	760	3.31e-112	405	tax=d:Bacteria,p:Verrucomicrobia,c:Spartobacteria,o:Chthoniobacterales,f:Chthoniobacteraceae,g:Terrimicrobium,s:EU344928_s
ASV1632	82.553	470	70	11	1	463	330	794	1.19e-111	403	tax=d:Bacteria,p:Verrucomicrobia,c:Verrucomicrobiae,o:Pedosphaera_o,f:Pedosphaera_f,g:GU127739_g,s:GU322883_s
ASV1632	82.516	469	71	10	1	463	331	794	1.19e-111	403	tax=d:Bacteria,p:Verrucomicrobia,c:Verrucomicrobiae,o:Pedosphaera_o,f:Pedosphaera_f,g:Limisphaera,s:FQ660004_s
ASV1632	82.479	468	75	7	1	463	326	791	1.19e-111	403	tax=d:Bacteria,p:Verrucomicrobia,c:Spartobacteria,o:Chthoniobacterales,f:Chthoniobacteraceae,g:PAC001932_g,s:EF516353_s
ASV1632	82.553	470	69	12	1	463	322	785	4.28e-111	401	tax=d:Bacteria,p:Verrucomicrobia,c:Verrucomicrobiae,o:Pedosphaera_o,f:Pedosphaera_f,g:GU127739_g,s:JF833589_s
ASV1632	82.516	469	71	10	1	463	323	786	4.28e-111	401	tax=d:Bacteria,p:Verrucomicrobia,c:Verrucomicrobiae,o:Pedosphaera_o,f:Pedosphaera_f,g:EU135452_g,s:GQ214117_s
ASV1632	82.590	471	67	12	1	463	329	792	4.28e-111	401	tax=d:Bacteria,p:Verrucomicrobia,c:Verrucomicrobiae,o:Pedosphaera_o,f:Pedosphaera_f,g:Limisphaera,s:EU135554_s
ASV1632	82.627	472	65	15	1	463	331	794	4.28e-111	401	tax=d:Bacteria,p:Verrucomicrobia,c:Verrucomicrobiae,o:Pedosphaera_o,f:Pedosphaera_f,g:Limisphaera,s:EU135514_s
ASV1632	82.403	466	77	4	1	463	328	791	4.28e-111	401	tax=d:Bacteria,p:Verrucomicrobia,c:Verrucomicrobiae,o:Pedosphaera_o,f:EU135466_f,g:EU135466_g,s:EU135466_s
ASV1632	82.553	470	69	12	1	463	315	778	4.28e-111	401	tax=d:Bacteria,p:Verrucomicrobia,c:Verrucomicrobiae,o:Pedosphaera_o,f:EU135466_f,g:EU135466_g,s:EU135415_s
ASV1632	82.590	471	67	14	1	463	333	796	4.28e-111	401	tax=d:Bacteria,p:Verrucomicrobia,c:Verrucomicrobiae,o:Pedosphaera_o,f:Pedosphaera_f,g:JQ801058_g,s:EF516510_s
ASV1632	83.084	467	53	15	1	463	301	745	4.28e-111	401	tax=d:Bacteria,p:Verrucomicrobia,c:Verrucomicrobiae,o:Verrucomicrobiales,f:Akkermansiaceae,g:Akkermansia,s:Akkermansia muciniphila
ASV1632	82.553	470	69	12	1	463	314	777	4.28e-111	401	tax=d:Bacteria,p:Verrucomicrobia,c:Verrucomicrobiae,o:Pedosphaera_o,f:Pedosphaera_f,g:Limisphaera,s:AY792311_s
ASV1632	82.974	464	57	10	1	463	318	760	1.54e-110	399	tax=d:Bacteria,p:Verrucomicrobia,c:Spartobacteria,o:Chthoniobacterales,f:Chthoniobacteraceae,g:Terrimicrobium,s:Terrimicrobium sacchariphilum
ASV1632	82.189	466	80	3	1	463	291	756	5.54e-110	398	tax=d:Bacteria,p:Verrucomicrobia,c:Verrucomicrobiae,o:Verrucomicrobiales,f:EU925854_f,g:EU925854_g,s:JN437219_s
ASV1632	82.227	467	77	5	1	463	324	788	5.54e-110	398	tax=d:Bacteria,p:Verrucomicrobia,c:Spartobacteria,o:Chthoniobacterales,f:Chthoniobacteraceae,g:HQ727590_g,s:HQ727590_s
ASV1632	82.906	468	55	17	1	463	297	744	5.54e-110	398	tax=d:Bacteria,p:Verrucomicrobia,c:Verrucomicrobiae,o:Verrucomicrobiales,f:Akkermansiaceae,g:HM630201_g,s:HM630258_s
ASV1632	82.340	470	72	11	1	463	342	807	5.54e-110	398	tax=d:Bacteria,p:Verrucomicrobia,c:Kiritimatiellae,o:Kiritimatiellales,f:Kiritimatiellaceae,g:GU196224_g,s:EU474614_s
ASV1632	82.303	469	74	8	1	463	328	793	5.54e-110	398	tax=d:Bacteria,p:Verrucomicrobia,c:Kiritimatiellae,o:Kiritimatiellales,f:Kiritimatiellaceae,g:EF205450_g,s:EF205450_s
ASV1632	82.189	466	80	2	1	463	287	752	5.54e-110	398	tax=d:Bacteria,p:Verrucomicrobia,c:Verrucomicrobiae,o:Verrucomicrobiales,f:GU230460_f,g:DQ446123_g,s:AJ401107_s
ASV1632	82.265	468	74	9	1	463	331	794	1.99e-109	396	tax=d:Bacteria,p:Verrucomicrobia,c:Verrucomicrobiae,o:Pedosphaera_o,f:Pedosphaera_f,g:Limisphaera,s:JN397721_s
ASV1632	82.227	467	76	7	1	463	331	794	1.99e-109	396	tax=d:Bacteria,p:Verrucomicrobia,c:Verrucomicrobiae,o:Pedosphaera_o,f:Pedosphaera_f,g:Limisphaera,s:JF922460_s
ASV1632	82.303	469	72	11	1	463	331	794	1.99e-109	396	tax=d:Bacteria,p:Verrucomicrobia,c:Verrucomicrobiae,o:Pedosphaera_o,f:Pedosphaera_f,g:GU127739_g,s:JF833845_s
ASV1632	82.227	467	76	6	1	463	331	794	1.99e-109	396	tax=d:Bacteria,p:Verrucomicrobia,c:Verrucomicrobiae,o:Pedosphaera_o,f:Pedosphaera_f,g:EF516658_g,s:JF175155_s
ASV1632	82.265	468	74	8	1	463	331	794	1.99e-109	396	tax=d:Bacteria,p:Verrucomicrobia,c:Verrucomicrobiae,o:Pedosphaera_o,f:Pedosphaera_f,g:Limisphaera,s:GQ402808_s
ASV1632	82.227	467	76	7	1	463	331	794	1.99e-109	396	tax=d:Bacteria,p:Verrucomicrobia,c:Verrucomicrobiae,o:Pedosphaera_o,f:Pedosphaera_f,g:Limisphaera,s:GQ339142_s
ASV1632	82.378	471	68	14	1	463	331	794	1.99e-109	396	tax=d:Bacteria,p:Verrucomicrobia,c:Verrucomicrobiae,o:Pedosphaera_o,f:Pedosphaera_f,g:JN177836_g,s:GQ263775_s
ASV1632	82.227	467	76	7	1	463	331	794	1.99e-109	396	tax=d:Bacteria,p:Verrucomicrobia,c:Verrucomicrobiae,o:Pedosphaera_o,f:Pedosphaera_f,g:GU127739_g,s:EU644232_s
ASV1632	82.265	468	74	9	1	463	330	793	1.99e-109	396	tax=d:Bacteria,p:Verrucomicrobia,c:Verrucomicrobiae,o:Pedosphaera_o,f:Pedosphaera_f,g:GU127739_g,s:EF516176_s
ASV1632	82.942	469	48	18	1	463	318	760	7.17e-109	394	tax=d:Bacteria,p:Verrucomicrobia,c:Spartobacteria,o:Chthoniobacterales,f:Chthoniobacteraceae,g:FJ543046_g,s:AB630656_s
ASV1632	81.915	470	75	9	1	463	315	781	2.58e-108	392	tax=d:Bacteria,p:Verrucomicrobia,c:Verrucomicrobiae,o:Pedosphaera_o,f:Pedosphaera_f,g:EU676442_g,s:EU676442_s
ASV1632	82.090	469	73	10	1	463	331	794	9.27e-108	390	tax=d:Bacteria,p:Verrucomicrobia,c:Verrucomicrobiae,o:Pedosphaera_o,f:Pedosphaera_f,g:GU127739_g,s:JX505272_s
ASV1632	82.241	473	65	17	1	463	334	797	9.27e-108	390	tax=d:Bacteria,p:Verrucomicrobia,c:Verrucomicrobiae,o:Pedosphaera_o,f:Pedosphaera_f,g:JQ801058_g,s:JQ801058_s
ASV1632	82.166	471	69	15	1	463	314	777	9.27e-108	390	tax=d:Bacteria,p:Verrucomicrobia,c:Verrucomicrobiae,o:Pedosphaera_o,f:PAC000236_f,g:DQ463705_g,s:JN397925_s
ASV1632	82.203	472	67	15	1	463	331	794	9.27e-108	390	tax=d:Bacteria,p:Verrucomicrobia,c:Verrucomicrobiae,o:Pedosphaera_o,f:Pedosphaera_f,g:Limisphaera,s:JF429041_s
ASV1632	82.090	469	73	9	1	463	331	794	9.27e-108	390	tax=d:Bacteria,p:Verrucomicrobia,c:Verrucomicrobiae,o:Pedosphaera_o,f:Pedosphaera_f,g:GU127739_g,s:HE648214_s
ASV1632	82.128	470	71	12	1	463	331	794	9.27e-108	390	tax=d:Bacteria,p:Verrucomicrobia,c:Verrucomicrobiae,o:Pedosphaera_o,f:Pedosphaera_f,g:JQ800977_g,s:GQ262907_s
ASV1632	82.166	471	69	12	1	463	331	794	9.27e-108	390	tax=d:Bacteria,p:Verrucomicrobia,c:Verrucomicrobiae,o:Pedosphaera_o,f:Pedosphaera_f,g:GU127739_g,s:EU335323_s
ASV1632	81.974	466	79	5	1	463	331	794	9.27e-108	390	tax=d:Bacteria,p:Verrucomicrobia,c:Verrucomicrobiae,o:Pedosphaera_o,f:Pedosphaera_f,g:Limisphaera,s:EU135511_s
ASV1632	82.166	471	69	13	1	463	330	793	9.27e-108	390	tax=d:Bacteria,p:Verrucomicrobia,c:Verrucomicrobiae,o:Pedosphaera_o,f:Pedosphaera_f,g:Limisphaera,s:EU135471_s
ASV1632	82.128	470	71	12	1	463	331	794	9.27e-108	390	tax=d:Bacteria,p:Verrucomicrobia,c:Verrucomicrobiae,o:Pedosphaera_o,f:Pedosphaera_f,g:EF516658_g,s:EF516658_s
ASV1632	82.618	466	55	12	1	463	317	759	3.33e-107	388	tax=d:Bacteria,p:Verrucomicrobia,c:Spartobacteria,o:Chthoniobacterales,f:Chthoniobacteraceae,g:FJ543046_g,s:FJ543046_s
ASV1632	82.543	464	59	10	1	463	218	660	3.33e-107	388	tax=d:Bacteria,p:Verrucomicrobia,c:Spartobacteria,o:Chthoniobacterales,f:Chthoniobacteraceae,g:Xiphinematobacter,s:Xiphinematobacter rivesi
ASV1632	81.915	470	72	13	1	463	331	794	1.20e-106	387	tax=d:Bacteria,p:Verrucomicrobia,c:Verrucomicrobiae,o:Pedosphaera_o,f:Pedosphaera_f,g:EF203195_g,s:FQ660055_s
ASV1632	81.838	468	76	8	1	463	331	794	4.31e-106	385	tax=d:Bacteria,p:Verrucomicrobia,c:Verrucomicrobiae,o:Pedosphaera_o,f:Pedosphaera_f,g:GU127739_g,s:HM243820_s
ASV1632	81.915	470	72	10	1	463	331	794	4.31e-106	385	tax=d:Bacteria,p:Verrucomicrobia,c:Verrucomicrobiae,o:Pedosphaera_o,f:Pedosphaera_f,g:Limisphaera,s:FQ659953_s
ASV1632	81.915	470	72	12	1	463	314	777	4.31e-106	385	tax=d:Bacteria,p:Verrucomicrobia,c:Verrucomicrobiae,o:Pedosphaera_o,f:Pedosphaera_f,g:Limisphaera,s:FJ592707_s
ASV1632	81.915	470	72	12	1	463	315	778	4.31e-106	385	tax=d:Bacteria,p:Verrucomicrobia,c:Verrucomicrobiae,o:Pedosphaera_o,f:Pedosphaera_f,g:Limisphaera,s:FJ466186_s
ASV1632	81.915	470	72	12	1	463	330	793	4.31e-106	385	tax=d:Bacteria,p:Verrucomicrobia,c:Verrucomicrobiae,o:Pedosphaera_o,f:Pedosphaera_f,g:Pedosphaera,s:EF516591_s
ASV1632	82.516	469	50	20	1	463	317	759	1.55e-105	383	tax=d:Bacteria,p:Verrucomicrobia,c:Spartobacteria,o:Chthoniobacterales,f:Chthoniobacteraceae,g:FJ543046_g,s:EF516165_s
ASV1632	81.624	468	77	9	1	463	314	777	1.55e-105	383	tax=d:Bacteria,p:Verrucomicrobia,c:Verrucomicrobiae,o:Pedosphaera_o,f:PAC000236_f,g:DQ463705_g,s:DQ463705_s
ASV1632	81.818	473	67	14	1	463	315	778	2.01e-104	379	tax=d:Bacteria,p:Verrucomicrobia,c:Verrucomicrobiae,o:Pedosphaera_o,f:Pedosphaera_f,g:Limisphaera,s:JF428985_s
ASV1632	81.741	471	71	15	1	463	322	785	2.01e-104	379	tax=d:Bacteria,p:Acidobacteria,c:Vicinamibacter_c,o:Vicinamibacter_o,f:Vicinamibacter_f,g:PAC001874_g,s:HQ118614_s
ASV1632	81.663	469	75	10	1	463	331	794	2.01e-104	379	tax=d:Bacteria,p:Verrucomicrobia,c:Verrucomicrobiae,o:Pedosphaera_o,f:Pedosphaera_f,g:GQ487997_g,s:GQ487997_s
ASV1632	81.663	469	75	10	1	463	331	794	2.01e-104	379	tax=d:Bacteria,p:Verrucomicrobia,c:Verrucomicrobiae,o:Pedosphaera_o,f:Pedosphaera_f,g:Limisphaera,s:FJ466366_s
ASV1632	82.303	469	51	20	1	463	310	752	7.22e-104	377	tax=d:Bacteria,p:Verrucomicrobia,c:Spartobacteria,o:Chthoniobacterales,f:Chthoniobacteraceae,g:FJ543046_g,s:JQ337440_s
ASV1632	81.741	471	69	16	1	463	330	791	7.22e-104	377	tax=d:Bacteria,p:Verrucomicrobia,c:Verrucomicrobiae,o:Pedosphaera_o,f:Pedosphaera_f,g:JN177836_g,s:EF688344_s
ASV1632	82.112	464	60	11	1	463	303	744	7.22e-104	377	tax=d:Bacteria,p:Verrucomicrobia,c:Spartobacteria,o:Chthoniobacterales,f:Chthoniobacteraceae,g:Xiphinematobacter,s:Xiphinematobacter americani
ASV1632	81.450	469	78	8	1	463	319	784	2.60e-103	375	tax=d:Bacteria,p:Acidobacteria,c:Vicinamibacter_c,o:Vicinamibacter_o,f:Vicinamibacter_f,g:GU187031_g,s:HQ114097_s
ASV1632	81.489	470	76	11	1	463	305	770	2.60e-103	375	tax=d:Bacteria,p:Acidobacteria,c:Vicinamibacter_c,o:Vicinamibacter_o,f:Vicinamibacter_f,g:GU187031_g,s:FJ152856_s
ASV1632	81.450	469	78	8	1	463	344	809	2.60e-103	375	tax=d:Bacteria,p:Verrucomicrobia,c:Kiritimatiellae,o:Kiritimatiellales,f:Kiritimatiellaceae,g:EU491625_g,s:AM040118_s
ASV1632	81.489	470	73	12	1	463	289	751	9.34e-103	374	tax=d:Bacteria,p:Verrucomicrobia,c:Verrucomicrobiae,o:Pedosphaera_o,f:Pedosphaera_f,g:Limisphaera,s:FJ466099_s
ASV1632	81.370	467	80	6	1	463	331	794	9.34e-103	374	tax=d:Bacteria,p:Verrucomicrobia,c:Verrucomicrobiae,o:Pedosphaera_o,f:Pedosphaera_f,g:Limisphaera,s:AM162464_s
ASV1632	81.316	471	75	12	1	463	324	789	1.21e-101	370	tax=d:Bacteria,p:Acidobacteria,c:Vicinamibacter_c,o:Vicinamibacter_o,f:Vicinamibacter_f,g:GU187031_g,s:AB186883_s
ASV1632	81.197	468	78	10	1	463	305	767	4.34e-101	368	tax=d:Bacteria,p:Acidobacteria,c:Vicinamibacter_c,o:Vicinamibacter_o,f:Vicinamibacter_f,g:GU187031_g,s:JQ427652_s
ASV1632	81.250	480	64	24	1	457	321	797	5.62e-100	364	tax=d:Bacteria,p:Verrucomicrobia,c:Spartobacteria,o:Chthoniobacterales,f:Chthoniobacteraceae,g:FJ542958_g,s:JN178776_s
ASV1632	81.023	469	79	10	1	463	324	788	5.62e-100	364	tax=d:Bacteria,p:Planctomycetes,c:PAC001018_c,o:PAC001018_o,f:PAC001018_f,g:HQ681992_g,s:HQ681992_s
ASV1632	81.064	470	77	11	1	463	290	754	5.62e-100	364	tax=d:Bacteria,p:Acidobacteria,c:Vicinamibacter_c,o:Vicinamibacter_o,f:Vicinamibacter_f,g:DQ829632_g,s:FJ484865_s
ASV1632	81.104	471	76	13	1	463	325	790	5.62e-100	364	tax=d:Bacteria,p:Acidobacteria,c:Vicinamibacter_c,o:Vicinamibacter_o,f:Vicinamibacter_f,g:GU187031_g,s:AY281353_s
ASV1632	80.810	469	81	8	1	463	324	789	2.61e-98	359	tax=d:Bacteria,p:Acidobacteria,c:Vicinamibacter_c,o:Vicinamibacter_o,f:Vicinamibacter_f,g:GU187031_g,s:Z95731_s
ASV1632	80.769	468	83	6	1	463	340	805	2.61e-98	359	tax=d:Bacteria,p:Verrucomicrobia,c:Kiritimatiellae,o:Kiritimatiellales,f:GQ259262_f,g:JN505482_g,s:JN523648_s
