ASV453	96.989	465	14	0	1	465	282	746	0.0	782	tax=d:Bacteria,p:Proteobacteria,c:Gammaproteobacteria,o:Xanthomonadales,f:Xanthomonadaceae,g:Lysobacter,s:Lysobacter korlensis
ASV453	96.559	465	16	0	1	465	308	772	0.0	771	tax=d:Bacteria,p:Proteobacteria,c:Gammaproteobacteria,o:Xanthomonadales,f:Xanthomonadaceae,g:Lysobacter,s:Lysobacter mobilis
ASV453	96.559	465	16	0	1	465	314	778	0.0	771	tax=d:Bacteria,p:Proteobacteria,c:Gammaproteobacteria,o:Xanthomonadales,f:Xanthomonadaceae,g:EU273938_g,s:EU273938_s
ASV453	96.344	465	17	0	1	465	308	772	0.0	765	tax=d:Bacteria,p:Proteobacteria,c:Gammaproteobacteria,o:Xanthomonadales,f:Xanthomonadaceae,g:Lysobacter,s:Lysobacter humi
ASV453	96.344	465	17	0	1	465	314	778	0.0	765	tax=d:Bacteria,p:Proteobacteria,c:Gammaproteobacteria,o:Xanthomonadales,f:Xanthomonadaceae,g:Lysobacter,s:Lysobacter dokdonensis
ASV453	96.344	465	17	0	1	465	313	777	0.0	765	tax=d:Bacteria,p:Proteobacteria,c:Gammaproteobacteria,o:Xanthomonadales,f:Xanthomonadaceae,g:Lysobacter,s:Lysobacter brunescens
ASV453	96.137	466	16	2	1	465	314	778	0.0	760	tax=d:Bacteria,p:Proteobacteria,c:Gammaproteobacteria,o:Xanthomonadales,f:Xanthomonadaceae,g:Lysobacter,s:Lysobacter solanacearum
ASV453	96.129	465	18	0	1	465	279	743	0.0	760	tax=d:Bacteria,p:Proteobacteria,c:Gammaproteobacteria,o:Xanthomonadales,f:Xanthomonadaceae,g:Lysobacter,s:Lysobacter xinjiangensis
ASV453	95.923	466	17	2	1	465	314	778	0.0	754	tax=d:Bacteria,p:Proteobacteria,c:Gammaproteobacteria,o:Xanthomonadales,f:Xanthomonadaceae,g:Lysobacter,s:LMGS_s
ASV453	95.914	465	19	0	1	465	314	778	0.0	754	tax=d:Bacteria,p:Proteobacteria,c:Gammaproteobacteria,o:Xanthomonadales,f:Xanthomonadaceae,g:Lysobacter,s:Lysobacter lycopersici
ASV453	95.923	466	17	2	1	465	308	772	0.0	754	tax=d:Bacteria,p:Proteobacteria,c:Gammaproteobacteria,o:Xanthomonadales,f:Xanthomonadaceae,g:Vulcaniibacterium,s:FR774560_s
ASV453	95.923	466	17	2	1	465	314	778	0.0	754	tax=d:Bacteria,p:Proteobacteria,c:Gammaproteobacteria,o:Xanthomonadales,f:Xanthomonadaceae,g:Lysobacter,s:FOSS_s
ASV453	95.914	465	19	0	1	465	282	746	0.0	754	tax=d:Bacteria,p:Proteobacteria,c:Gammaproteobacteria,o:Xanthomonadales,f:Xanthomonadaceae,g:Lysobacter,s:Lysobacter oryzae
ASV453	95.914	465	19	0	1	465	314	778	0.0	754	tax=d:Bacteria,p:Proteobacteria,c:Gammaproteobacteria,o:Xanthomonadales,f:Xanthomonadaceae,g:Lysobacter,s:Lysobacter ginsengisoli
ASV453	95.708	466	18	2	1	465	314	778	0.0	749	tax=d:Bacteria,p:Proteobacteria,c:Gammaproteobacteria,o:Xanthomonadales,f:Xanthomonadaceae,g:Lysobacter,s:LMJN_s
ASV453	95.708	466	18	2	1	465	314	778	0.0	749	tax=d:Bacteria,p:Proteobacteria,c:Gammaproteobacteria,o:Xanthomonadales,f:Xanthomonadaceae,g:Lysobacter,s:Lysobacter olei
ASV453	95.708	466	18	2	1	465	314	778	0.0	749	tax=d:Bacteria,p:Proteobacteria,c:Gammaproteobacteria,o:Xanthomonadales,f:Xanthomonadaceae,g:Lysobacter,s:Lysobacter hankyongensis
ASV453	95.699	465	20	0	1	465	314	778	0.0	749	tax=d:Bacteria,p:Proteobacteria,c:Gammaproteobacteria,o:Xanthomonadales,f:Xanthomonadaceae,g:Lysobacter,s:Lysobacter spongiicola
ASV453	95.699	465	20	0	1	465	314	778	0.0	749	tax=d:Bacteria,p:Proteobacteria,c:Gammaproteobacteria,o:Xanthomonadales,f:Xanthomonadaceae,g:Lysobacter,s:Lysobacter niastensis
ASV453	95.699	465	20	0	1	465	311	775	0.0	749	tax=d:Bacteria,p:Proteobacteria,c:Gammaproteobacteria,o:Xanthomonadales,f:Xanthomonadaceae,g:Lysobacter,s:Lysobacter daejeonensis
ASV453	95.699	465	20	0	1	465	314	778	0.0	749	tax=d:Bacteria,p:Proteobacteria,c:Gammaproteobacteria,o:Xanthomonadales,f:Xanthomonadaceae,g:Thermomonas,s:Thermomonas haemolytica
ASV453	95.699	465	20	0	1	465	314	778	0.0	749	tax=d:Bacteria,p:Proteobacteria,c:Gammaproteobacteria,o:Xanthomonadales,f:Xanthomonadaceae,g:Lysobacter,s:Lysobacter daecheongensis
ASV453	95.484	465	21	0	1	465	314	778	0.0	743	tax=d:Bacteria,p:Proteobacteria,c:Gammaproteobacteria,o:Xanthomonadales,f:Xanthomonadaceae,g:PAC001789_g,s:PAC001789_s
ASV453	95.484	465	21	0	1	465	314	778	0.0	743	tax=d:Bacteria,p:Proteobacteria,c:Gammaproteobacteria,o:Xanthomonadales,f:Xanthomonadaceae,g:Luteimonas,s:Luteimonas padinae
ASV453	95.484	465	21	0	1	465	314	778	0.0	743	tax=d:Bacteria,p:Proteobacteria,c:Gammaproteobacteria,o:Xanthomonadales,f:Xanthomonadaceae,g:Lysobacter,s:Lysobacter panacisoli
ASV453	95.494	466	19	2	1	465	314	778	0.0	743	tax=d:Bacteria,p:Proteobacteria,c:Gammaproteobacteria,o:Xanthomonadales,f:Xanthomonadaceae,g:Luteimonas,s:Luteimonas huabeiensis
ASV453	95.484	465	21	0	1	465	314	778	0.0	743	tax=d:Bacteria,p:Proteobacteria,c:Gammaproteobacteria,o:Xanthomonadales,f:Xanthomonadaceae,g:Lysobacter,s:Lysobacter soli
ASV453	95.484	465	21	0	1	465	314	778	0.0	743	tax=d:Bacteria,p:Proteobacteria,c:Gammaproteobacteria,o:Xanthomonadales,f:Xanthomonadaceae,g:Lysobacter,s:Lysobacter capsici
ASV453	95.503	467	17	4	1	465	305	769	0.0	743	tax=d:Bacteria,p:Proteobacteria,c:Gammaproteobacteria,o:Xanthomonadales,f:Xanthomonadaceae,g:Lysobacter,s:Lysobacter yangpyeongensis
ASV453	95.484	465	21	0	1	465	314	778	0.0	743	tax=d:Bacteria,p:Proteobacteria,c:Gammaproteobacteria,o:Xanthomonadales,f:Xanthomonadaceae,g:Lysobacter,s:Lysobacter concretionis
ASV453	95.484	465	21	0	1	465	313	777	0.0	743	tax=d:Bacteria,p:Proteobacteria,c:Gammaproteobacteria,o:Xanthomonadales,f:Xanthomonadaceae,g:Luteimonas,s:Luteimonas vadosa
ASV453	95.484	465	21	0	1	465	314	778	0.0	743	tax=d:Bacteria,p:Proteobacteria,c:Gammaproteobacteria,o:Xanthomonadales,f:Xanthomonadaceae,g:Lysobacter,s:Lysobacter oligotrophicus
ASV453	95.289	467	20	2	1	465	298	764	0.0	739	tax=d:Bacteria,p:Proteobacteria,c:Gammaproteobacteria,o:Xanthomonadales,f:Xanthomonadaceae,g:Lysobacter,s:Lysobacter tyrosinelyticus
ASV453	95.269	465	22	0	1	465	308	772	0.0	737	tax=d:Bacteria,p:Proteobacteria,c:Gammaproteobacteria,o:Xanthomonadales,f:Xanthomonadaceae,g:Lysobacter,s:Lysobacter rhizophilus
ASV453	95.269	465	22	0	1	465	314	778	0.0	737	tax=d:Bacteria,p:Proteobacteria,c:Gammaproteobacteria,o:Xanthomonadales,f:Xanthomonadaceae,g:Lysobacter,s:Lysobacter caeni
ASV453	95.269	465	22	0	1	465	326	790	0.0	737	tax=d:Bacteria,p:Proteobacteria,c:Gammaproteobacteria,o:Xanthomonadales,f:Xanthomonadaceae,g:Lysobacter,s:JQ978960_s
ASV453	95.269	465	22	0	1	465	314	778	0.0	737	tax=d:Bacteria,p:Proteobacteria,c:Gammaproteobacteria,o:Xanthomonadales,f:Xanthomonadaceae,g:Lysobacter,s:Lysobacter sediminicola
ASV453	95.279	466	20	2	1	465	288	752	0.0	737	tax=d:Bacteria,p:Proteobacteria,c:Gammaproteobacteria,o:Xanthomonadales,f:Xanthomonadaceae,g:Lysobacter,s:Lysobacter bugurensis
ASV453	95.054	465	23	0	1	465	314	778	0.0	732	tax=d:Bacteria,p:Proteobacteria,c:Gammaproteobacteria,o:Xanthomonadales,f:Xanthomonadaceae,g:PAC001789_g,s:PAC001930_s
ASV453	95.054	465	23	0	1	465	314	778	0.0	732	tax=d:Bacteria,p:Proteobacteria,c:Gammaproteobacteria,o:Xanthomonadales,f:Xanthomonadaceae,g:Lysobacter,s:Lysobacter firmicutimachus
ASV453	95.054	465	23	0	1	465	314	778	0.0	732	tax=d:Bacteria,p:Proteobacteria,c:Gammaproteobacteria,o:Xanthomonadales,f:Xanthomonadaceae,g:Lysobacter,s:Lysobacter aestuarii
ASV453	95.064	466	22	1	1	465	288	753	0.0	732	tax=d:Bacteria,p:Proteobacteria,c:Gammaproteobacteria,o:Xanthomonadales,f:Xanthomonadaceae,g:Lysobacter,s:Lysobacter terrae
ASV453	95.064	466	21	2	1	465	308	772	0.0	732	tax=d:Bacteria,p:Proteobacteria,c:Gammaproteobacteria,o:Xanthomonadales,f:Xanthomonadaceae,g:Vulcaniibacterium,s:Vulcaniibacterium thermophilum
ASV453	95.054	465	23	0	1	465	314	778	0.0	732	tax=d:Bacteria,p:Proteobacteria,c:Gammaproteobacteria,o:Xanthomonadales,f:Xanthomonadaceae,g:Lysobacter,s:Lysobacter enzymogenes
ASV453	95.054	465	23	0	1	465	314	778	0.0	732	tax=d:Bacteria,p:Proteobacteria,c:Gammaproteobacteria,o:Xanthomonadales,f:Xanthomonadaceae,g:Lysobacter,s:Lysobacter ruishenii
ASV453	95.054	465	23	0	1	465	313	777	0.0	732	tax=d:Bacteria,p:Proteobacteria,c:Gammaproteobacteria,o:Xanthomonadales,f:Xanthomonadaceae,g:Lysobacter,s:Lysobacter niabensis
ASV453	95.054	465	23	0	1	465	302	766	0.0	732	tax=d:Bacteria,p:Proteobacteria,c:Gammaproteobacteria,o:Xanthomonadales,f:Xanthomonadaceae,g:Lysobacter,s:Lysobacter defluvii
ASV453	94.872	468	20	4	1	465	299	765	0.0	728	tax=d:Bacteria,p:Proteobacteria,c:Gammaproteobacteria,o:Xanthomonadales,f:Xanthomonadaceae,g:Lysobacter,s:Lysobacter fragariae
ASV453	94.850	466	22	2	1	465	312	776	0.0	726	tax=d:Bacteria,p:Proteobacteria,c:Gammaproteobacteria,o:Xanthomonadales,f:Xanthomonadaceae,g:Lysobacter,s:Lysobacter terricola
ASV453	94.850	466	22	2	1	465	308	772	0.0	726	tax=d:Bacteria,p:Proteobacteria,c:Gammaproteobacteria,o:Xanthomonadales,f:Xanthomonadaceae,g:Luteimonas,s:Luteimonas aquatica
ASV453	94.839	465	24	0	1	465	314	778	0.0	726	tax=d:Bacteria,p:Proteobacteria,c:Gammaproteobacteria,o:Xanthomonadales,f:Xanthomonadaceae,g:Lysobacter,s:Lysobacter antibioticus
ASV453	94.839	465	24	0	1	465	314	778	0.0	726	tax=d:Bacteria,p:Proteobacteria,c:Gammaproteobacteria,o:Xanthomonadales,f:Xanthomonadaceae,g:Lysobacter,s:CP013140_s
ASV453	94.839	465	24	0	1	465	314	778	0.0	726	tax=d:Bacteria,p:Proteobacteria,c:Gammaproteobacteria,o:Xanthomonadales,f:Xanthomonadaceae,g:Luteimonas,s:Lysobacter panaciterrae
ASV453	94.839	465	24	0	1	465	316	780	0.0	726	tax=d:Bacteria,p:Proteobacteria,c:Gammaproteobacteria,o:Xanthomonadales,f:Xanthomonadaceae,g:Lysobacter,s:Lysobacter koreensis
ASV453	94.839	465	24	0	1	465	314	778	0.0	726	tax=d:Bacteria,p:Proteobacteria,c:Gammaproteobacteria,o:Xanthomonadales,f:Xanthomonadaceae,g:Lysobacter,s:Lysobacter gummosus
ASV453	94.624	465	25	0	1	465	314	778	0.0	721	tax=d:Bacteria,p:Proteobacteria,c:Gammaproteobacteria,o:Xanthomonadales,f:Xanthomonadaceae,g:Luteimonas,s:Luteimonas abyssi
ASV453	94.624	465	25	0	1	465	281	745	0.0	721	tax=d:Bacteria,p:Proteobacteria,c:Gammaproteobacteria,o:Xanthomonadales,f:Xanthomonadaceae,g:Luteimonas,s:Luteimonas arsenica
ASV453	94.624	465	25	0	1	465	314	778	0.0	721	tax=d:Bacteria,p:Proteobacteria,c:Gammaproteobacteria,o:Xanthomonadales,f:Xanthomonadaceae,g:Thermomonas,s:Thermomonas carbonis
ASV453	94.624	465	25	0	1	465	314	778	0.0	721	tax=d:Bacteria,p:Proteobacteria,c:Gammaproteobacteria,o:Xanthomonadales,f:Xanthomonadaceae,g:Lysobacter,s:GQ396993_s
ASV453	94.624	465	25	0	1	465	314	778	0.0	721	tax=d:Bacteria,p:Proteobacteria,c:Gammaproteobacteria,o:Xanthomonadales,f:Xanthomonadaceae,g:Lysobacter,s:EU244050_s
ASV453	94.409	465	26	0	1	465	286	750	0.0	715	tax=d:Bacteria,p:Proteobacteria,c:Gammaproteobacteria,o:Xanthomonadales,f:Xanthomonadaceae,g:Lysobacter,s:Lysobacter maris
ASV453	94.409	465	26	0	1	465	290	754	0.0	715	tax=d:Bacteria,p:Proteobacteria,c:Gammaproteobacteria,o:Xanthomonadales,f:Xanthomonadaceae,g:Lysobacter,s:JQ427192_s
ASV453	94.409	465	26	0	1	465	316	780	0.0	715	tax=d:Bacteria,p:Proteobacteria,c:Gammaproteobacteria,o:Xanthomonadales,f:Xanthomonadaceae,g:Luteimonas,s:JF922559_s
ASV453	94.421	466	24	2	1	465	314	778	0.0	715	tax=d:Bacteria,p:Proteobacteria,c:Gammaproteobacteria,o:Xanthomonadales,f:Xanthomonadaceae,g:Arenimonas,s:HQ114145_s
ASV453	94.409	465	26	0	1	465	314	778	0.0	715	tax=d:Bacteria,p:Proteobacteria,c:Gammaproteobacteria,o:Xanthomonadales,f:Xanthomonadaceae,g:Luteimonas,s:Luteimonas terricola
ASV453	94.409	465	26	0	1	465	313	777	0.0	715	tax=d:Bacteria,p:Proteobacteria,c:Gammaproteobacteria,o:Xanthomonadales,f:Xanthomonadaceae,g:Luteimonas,s:EU313792_s
ASV453	94.409	465	26	0	1	465	314	778	0.0	715	tax=d:Bacteria,p:Proteobacteria,c:Gammaproteobacteria,o:Xanthomonadales,f:Xanthomonadaceae,g:Thermomonas,s:AY218573_s
ASV453	94.409	465	26	0	1	465	308	772	0.0	715	tax=d:Bacteria,p:Proteobacteria,c:Gammaproteobacteria,o:Xanthomonadales,f:Xanthomonadaceae,g:Lysobacter,s:AB636980_s
ASV453	94.194	465	27	0	1	465	314	778	0.0	710	tax=d:Bacteria,p:Proteobacteria,c:Gammaproteobacteria,o:Xanthomonadales,f:Xanthomonadaceae,g:Luteimonas,s:NTJI_s
ASV453	94.194	465	27	0	1	465	312	776	0.0	710	tax=d:Bacteria,p:Proteobacteria,c:Gammaproteobacteria,o:Xanthomonadales,f:Xanthomonadaceae,g:Luteimonas,s:Luteimonas terrae
ASV453	94.218	467	23	4	1	465	307	771	0.0	710	tax=d:Bacteria,p:Proteobacteria,c:Gammaproteobacteria,o:Xanthomonadales,f:Xanthomonadaceae,g:Arenimonas,s:Arenimonas taoyuanensis
ASV453	94.206	466	25	2	1	465	314	778	0.0	710	tax=d:Bacteria,p:Proteobacteria,c:Gammaproteobacteria,o:Xanthomonadales,f:Xanthomonadaceae,g:Lysobacter,s:JN217202_s
ASV453	94.194	465	26	1	1	465	314	777	0.0	710	tax=d:Bacteria,p:Proteobacteria,c:Gammaproteobacteria,o:Xanthomonadales,f:Xanthomonadaceae,g:Luteimonas,s:DQ001634_s
ASV453	94.194	465	27	0	1	465	313	777	0.0	710	tax=d:Bacteria,p:Proteobacteria,c:Gammaproteobacteria,o:Xanthomonadales,f:Xanthomonadaceae,g:Luteimonas,s:CP023406_s
ASV453	94.194	465	27	0	1	465	308	772	0.0	710	tax=d:Bacteria,p:Proteobacteria,c:Gammaproteobacteria,o:Xanthomonadales,f:Xanthomonadaceae,g:Arenimonas,s:Arenimonas composti
ASV453	94.194	465	27	0	1	465	314	778	0.0	710	tax=d:Bacteria,p:Proteobacteria,c:Gammaproteobacteria,o:Xanthomonadales,f:Xanthomonadaceae,g:Thermomonas,s:Thermomonas brevis
ASV453	94.030	469	23	5	1	465	308	775	0.0	706	tax=d:Bacteria,p:Proteobacteria,c:Gammaproteobacteria,o:Xanthomonadales,f:Xanthomonadaceae,g:Lysobacter,s:Lysobacter rhizosphaerae
ASV453	94.004	467	26	2	1	465	296	762	0.0	706	tax=d:Bacteria,p:Proteobacteria,c:Gammaproteobacteria,o:Xanthomonadales,f:Xanthomonadaceae,g:Lysobacter,s:JQ428790_s
ASV453	93.978	465	28	0	1	465	314	778	0.0	704	tax=d:Bacteria,p:Proteobacteria,c:Gammaproteobacteria,o:Xanthomonadales,f:Xanthomonadaceae,g:Lysobacter,s:Lysobacter cavernae
ASV453	93.991	466	26	2	1	465	314	778	0.0	704	tax=d:Bacteria,p:Proteobacteria,c:Gammaproteobacteria,o:Xanthomonadales,f:Xanthomonadaceae,g:Vulcaniibacterium,s:Vulcaniibacterium tengchongense
ASV453	93.991	466	26	2	1	465	314	778	0.0	704	tax=d:Bacteria,p:Proteobacteria,c:Gammaproteobacteria,o:Xanthomonadales,f:Xanthomonadaceae,g:Thermomonas,s:JQ766317_s
ASV453	94.017	468	23	5	1	465	290	755	0.0	704	tax=d:Bacteria,p:Proteobacteria,c:Gammaproteobacteria,o:Xanthomonadales,f:Xanthomonadaceae,g:Lysobacter,s:JQ427928_s
ASV453	94.004	467	24	2	1	465	302	766	0.0	704	tax=d:Bacteria,p:Proteobacteria,c:Gammaproteobacteria,o:Xanthomonadales,f:Xanthomonadaceae,g:Luteimonas,s:Luteimonas dalianensis
ASV453	93.978	465	28	0	1	465	314	778	0.0	704	tax=d:Bacteria,p:Proteobacteria,c:Gammaproteobacteria,o:Xanthomonadales,f:Xanthomonadaceae,g:Luteimonas,s:Luteimonas lutimaris
ASV453	93.991	466	26	2	1	465	314	778	0.0	704	tax=d:Bacteria,p:Proteobacteria,c:Gammaproteobacteria,o:Xanthomonadales,f:Xanthomonadaceae,g:Thermomonas,s:Thermomonas hydrothermalis
ASV453	93.991	466	26	2	1	465	294	758	0.0	704	tax=d:Bacteria,p:Proteobacteria,c:Gammaproteobacteria,o:Xanthomonadales,f:Xanthomonadaceae,g:Lysobacter,s:FJ889350_s
ASV453	94.004	467	24	4	1	465	312	776	0.0	704	tax=d:Bacteria,p:Proteobacteria,c:Gammaproteobacteria,o:Xanthomonadales,f:Xanthomonadaceae,g:Arenimonas,s:Arenimonas malthae
ASV453	94.004	467	24	2	1	465	312	776	0.0	704	tax=d:Bacteria,p:Proteobacteria,c:Gammaproteobacteria,o:Xanthomonadales,f:Xanthomonadaceae,g:Luteimonas,s:CP017074_s
ASV453	93.763	465	29	0	1	465	299	763	0.0	699	tax=d:Bacteria,p:Proteobacteria,c:Gammaproteobacteria,o:Xanthomonadales,f:Xanthomonadaceae,g:Lysobacter,s:Lysobacter erysipheiresistens
ASV453	93.777	466	27	2	1	465	314	778	0.0	699	tax=d:Bacteria,p:Proteobacteria,c:Gammaproteobacteria,o:Xanthomonadales,f:Xanthomonadaceae,g:Luteimonas,s:Luteimonas notoginsengisoli
ASV453	93.777	466	27	2	1	465	314	778	0.0	699	tax=d:Bacteria,p:Proteobacteria,c:Gammaproteobacteria,o:Xanthomonadales,f:Xanthomonadaceae,g:Lysobacter,s:Luteimonas pelagia
ASV453	93.777	466	27	2	1	465	314	778	0.0	699	tax=d:Bacteria,p:Proteobacteria,c:Gammaproteobacteria,o:Xanthomonadales,f:Xanthomonadaceae,g:Luteimonas,s:Luteimonas cucumeris
ASV453	93.763	465	29	0	1	465	308	772	0.0	699	tax=d:Bacteria,p:Proteobacteria,c:Gammaproteobacteria,o:Xanthomonadales,f:Xanthomonadaceae,g:Silanimonas,s:Silanimonas mangrovi
ASV453	93.790	467	25	2	1	465	287	751	0.0	699	tax=d:Bacteria,p:Proteobacteria,c:Gammaproteobacteria,o:Xanthomonadales,f:Xanthomonadaceae,g:Luteimonas,s:Luteimonas marina
ASV453	93.763	465	29	0	1	465	287	751	0.0	699	tax=d:Bacteria,p:Proteobacteria,c:Gammaproteobacteria,o:Xanthomonadales,f:Xanthomonadaceae,g:Luteimonas,s:Luteimonas aestuarii
ASV453	93.790	467	25	2	1	465	314	778	0.0	699	tax=d:Bacteria,p:Proteobacteria,c:Gammaproteobacteria,o:Xanthomonadales,f:Xanthomonadaceae,g:Arenimonas,s:Arenimonas donghaensis
ASV453	93.790	467	25	2	1	465	314	778	0.0	699	tax=d:Bacteria,p:Proteobacteria,c:Gammaproteobacteria,o:Xanthomonadales,f:Xanthomonadaceae,g:Luteimonas,s:AWZR_s
ASV453	93.790	467	25	4	1	465	308	772	0.0	699	tax=d:Bacteria,p:Proteobacteria,c:Gammaproteobacteria,o:Xanthomonadales,f:Xanthomonadaceae,g:Silanimonas,s:Silanimonas lenta
ASV453	93.763	465	29	0	1	465	313	777	0.0	699	tax=d:Bacteria,p:Proteobacteria,c:Gammaproteobacteria,o:Xanthomonadales,f:Xanthomonadaceae,g:AJ318204_g,s:AJ318204_s
ASV453	93.777	466	26	3	1	465	306	769	0.0	697	tax=d:Bacteria,p:Proteobacteria,c:Gammaproteobacteria,o:Xanthomonadales,f:Xanthomonadaceae,g:Arenimonas,s:AY922114_s
ASV453	93.576	467	26	2	1	465	314	778	0.0	693	tax=d:Bacteria,p:Proteobacteria,c:Gammaproteobacteria,o:Xanthomonadales,f:Xanthomonadaceae,g:Arenimonas,s:Arenimonas soli
ASV453	93.590	468	25	3	1	465	314	779	0.0	693	tax=d:Bacteria,p:Proteobacteria,c:Gammaproteobacteria,o:Xanthomonadales,f:Xanthomonadaceae,g:Arenimonas,s:Arenimonas aestuarii
ASV453	93.576	467	26	4	1	465	312	776	0.0	693	tax=d:Bacteria,p:Proteobacteria,c:Gammaproteobacteria,o:Xanthomonadales,f:Xanthomonadaceae,g:JXCB_g,s:JXCB_s
ASV453	93.562	466	28	2	1	465	292	756	0.0	693	tax=d:Bacteria,p:Proteobacteria,c:Gammaproteobacteria,o:Xanthomonadales,f:Xanthomonadaceae,g:AJ318204_g,s:JN023490_s
ASV453	93.548	465	30	0	1	465	308	772	0.0	693	tax=d:Bacteria,p:Proteobacteria,c:Gammaproteobacteria,o:Xanthomonadales,f:Xanthomonadaceae,g:Arenimonas,s:HQ592548_s
ASV453	93.562	466	28	2	1	465	290	754	0.0	693	tax=d:Bacteria,p:Proteobacteria,c:Gammaproteobacteria,o:Xanthomonadales,f:Xanthomonadaceae,g:GQ441248_g,s:HM438444_s
ASV453	93.548	465	30	0	1	465	291	755	0.0	693	tax=d:Bacteria,p:Proteobacteria,c:Gammaproteobacteria,o:Xanthomonadales,f:Xanthomonadaceae,g:GQ441248_g,s:FJ152578_s
ASV453	93.576	467	26	4	1	465	316	780	0.0	693	tax=d:Bacteria,p:Proteobacteria,c:Gammaproteobacteria,o:Xanthomonadales,f:Xanthomonadaceae,g:EF648150_g,s:EF648150_s
ASV453	93.548	465	30	0	1	465	314	778	0.0	693	tax=d:Bacteria,p:Proteobacteria,c:Gammaproteobacteria,o:Xanthomonadales,f:Xanthomonadaceae,g:Thermomonas,s:Thermomonas koreensis
ASV453	93.548	465	30	0	1	465	314	778	0.0	693	tax=d:Bacteria,p:Proteobacteria,c:Gammaproteobacteria,o:Xanthomonadales,f:Xanthomonadaceae,g:Lysobacter,s:Lysobacter arseniciresistens
ASV453	93.562	466	28	2	1	465	314	778	0.0	693	tax=d:Bacteria,p:Proteobacteria,c:Gammaproteobacteria,o:Xanthomonadales,f:Xanthomonadaceae,g:Luteimonas,s:Luteimonas mephitis
ASV453	93.576	467	26	4	1	465	308	772	0.0	693	tax=d:Bacteria,p:Proteobacteria,c:Gammaproteobacteria,o:Xanthomonadales,f:Xanthomonadaceae,g:Arenimonas,s:Arenimonas daejeonensis
ASV453	93.348	466	29	2	1	465	314	778	0.0	688	tax=d:Bacteria,p:Proteobacteria,c:Gammaproteobacteria,o:Xanthomonadales,f:Xanthomonadaceae,g:Luteimonas,s:PAC002330_s
ASV453	93.348	466	29	2	1	465	308	772	0.0	688	tax=d:Bacteria,p:Proteobacteria,c:Gammaproteobacteria,o:Xanthomonadales,f:Xanthomonadaceae,g:Rehaibacterium,s:Rehaibacterium terrae
ASV453	93.348	466	29	2	1	465	314	778	0.0	688	tax=d:Bacteria,p:Proteobacteria,c:Gammaproteobacteria,o:Xanthomonadales,f:Xanthomonadaceae,g:Thermomonas,s:JQ191139_s
ASV453	93.333	465	31	0	1	465	314	778	0.0	688	tax=d:Bacteria,p:Proteobacteria,c:Gammaproteobacteria,o:Xanthomonadales,f:Xanthomonadaceae,g:Luteimonas,s:Luteimonas tolerans
ASV453	93.333	465	31	0	1	465	314	778	0.0	688	tax=d:Bacteria,p:Proteobacteria,c:Gammaproteobacteria,o:Xanthomonadales,f:Xanthomonadaceae,g:Luteimonas,s:EU313791_s
ASV453	93.348	466	29	2	1	465	308	772	0.0	688	tax=d:Bacteria,p:Proteobacteria,c:Gammaproteobacteria,o:Xanthomonadales,f:Xanthomonadaceae,g:AJ318204_g,s:EF515987_s
ASV453	93.348	466	29	2	1	465	313	777	0.0	688	tax=d:Bacteria,p:Proteobacteria,c:Gammaproteobacteria,o:Xanthomonadales,f:Xanthomonadaceae,g:Pseudoxanthomonas,s:Pseudoxanthomonas daejeonensis
ASV453	93.348	466	29	2	1	465	314	778	0.0	688	tax=d:Bacteria,p:Proteobacteria,c:Gammaproteobacteria,o:Xanthomonadales,f:Xanthomonadaceae,g:Pseudoxanthomonas,s:Pseudoxanthomonas koreensis
ASV453	93.333	465	27	4	1	465	296	756	0.0	686	tax=d:Bacteria,p:Proteobacteria,c:Gammaproteobacteria,o:Xanthomonadales,f:Xanthomonadaceae,g:EU273938_g,s:HM438433_s
ASV453	93.133	466	30	2	1	465	316	780	0.0	682	tax=d:Bacteria,p:Proteobacteria,c:Gammaproteobacteria,o:Xanthomonadales,f:Xanthomonadaceae,g:Xanthomonas,s:Xanthomonas codiaei
ASV453	93.133	466	30	2	1	465	314	778	0.0	682	tax=d:Bacteria,p:Proteobacteria,c:Gammaproteobacteria,o:Xanthomonadales,f:Xanthomonadaceae,g:Luteimonas,s:Luteimonas soli
ASV453	93.177	469	24	5	1	465	308	772	0.0	682	tax=d:Bacteria,p:Proteobacteria,c:Gammaproteobacteria,o:Xanthomonadales,f:Xanthomonadaceae,g:Aquimonas,s:Aquimonas voraii
ASV453	93.133	466	30	2	1	465	312	776	0.0	682	tax=d:Bacteria,p:Proteobacteria,c:Gammaproteobacteria,o:Xanthomonadales,f:Xanthomonadaceae,g:Vulcaniibacterium,s:FR846898_s
ASV453	93.148	467	28	4	1	465	314	778	0.0	682	tax=d:Bacteria,p:Proteobacteria,c:Gammaproteobacteria,o:Xanthomonadales,f:Xanthomonadaceae,g:Pseudoxanthomonas,s:Pseudoxanthomonas icgebensis
ASV453	93.133	466	30	2	1	465	308	772	0.0	682	tax=d:Bacteria,p:Proteobacteria,c:Gammaproteobacteria,o:Xanthomonadales,f:Xanthomonadaceae,g:Aquimonas,s:EU662524_s
ASV453	93.148	467	28	4	1	465	286	750	0.0	682	tax=d:Bacteria,p:Proteobacteria,c:Gammaproteobacteria,o:Xanthomonadales,f:Xanthomonadaceae,g:Lysobacter,s:Lysobacter ximonensis
ASV453	93.148	467	28	2	1	465	314	778	0.0	682	tax=d:Bacteria,p:Proteobacteria,c:Gammaproteobacteria,o:Xanthomonadales,f:Xanthomonadaceae,g:Luteimonas,s:Luteimonas composti
ASV453	93.118	465	32	0	1	465	316	780	0.0	682	tax=d:Bacteria,p:Proteobacteria,c:Gammaproteobacteria,o:Xanthomonadales,f:Xanthomonadaceae,g:Stenotrophomonas,s:Stenotrophomonas rhizophila
ASV453	93.118	465	32	0	1	465	314	778	0.0	682	tax=d:Bacteria,p:Proteobacteria,c:Gammaproteobacteria,o:Xanthomonadales,f:Xanthomonadaceae,g:Thermomonas,s:AB101447_s
ASV453	92.934	467	31	2	1	465	316	782	0.0	680	tax=d:Bacteria,p:Proteobacteria,c:Gammaproteobacteria,o:Xanthomonadales,f:Xanthomonadaceae,g:Luteimonas,s:HQ323425_s
ASV453	92.918	466	31	2	1	465	316	780	0.0	676	tax=d:Bacteria,p:Proteobacteria,c:Gammaproteobacteria,o:Xanthomonadales,f:Xanthomonadaceae,g:Xanthomonas,s:Xanthomonas bromi
ASV453	92.918	466	31	2	1	465	316	780	0.0	676	tax=d:Bacteria,p:Proteobacteria,c:Gammaproteobacteria,o:Xanthomonadales,f:Xanthomonadaceae,g:Xanthomonas,s:Xanthomonas theicola
ASV453	92.918	466	31	2	1	465	316	780	0.0	676	tax=d:Bacteria,p:Proteobacteria,c:Gammaproteobacteria,o:Xanthomonadales,f:Xanthomonadaceae,g:Xanthomonas,s:Xanthomonas hortorum
ASV453	92.918	466	31	2	1	465	316	780	0.0	676	tax=d:Bacteria,p:Proteobacteria,c:Gammaproteobacteria,o:Xanthomonadales,f:Xanthomonadaceae,g:Xanthomonas,s:Xanthomonas arboricola
ASV453	92.918	466	31	2	1	465	316	780	0.0	676	tax=d:Bacteria,p:Proteobacteria,c:Gammaproteobacteria,o:Xanthomonadales,f:Xanthomonadaceae,g:Xanthomonas,s:Xanthomonas nasturtii
ASV453	92.918	466	31	2	1	465	316	780	0.0	676	tax=d:Bacteria,p:Proteobacteria,c:Gammaproteobacteria,o:Xanthomonadales,f:Xanthomonadaceae,g:Xanthomonas,s:Xanthomonas floridensis
ASV453	92.918	466	31	2	1	465	316	780	0.0	676	tax=d:Bacteria,p:Proteobacteria,c:Gammaproteobacteria,o:Xanthomonadales,f:Xanthomonadaceae,g:Stenotrophomonas,s:Stenotrophomonas panacihumi
ASV453	92.918	466	31	2	1	465	279	743	0.0	676	tax=d:Bacteria,p:Proteobacteria,c:Gammaproteobacteria,o:Xanthomonadales,f:Xanthomonadaceae,g:Silanimonas,s:Silanimonas algicola
ASV453	92.903	465	33	0	1	465	316	780	0.0	676	tax=d:Bacteria,p:Proteobacteria,c:Gammaproteobacteria,o:Xanthomonadales,f:Xanthomonadaceae,g:Xanthomonas,s:Xanthomonas alfalfae
ASV453	92.903	465	33	0	1	465	316	780	0.0	676	tax=d:Bacteria,p:Proteobacteria,c:Gammaproteobacteria,o:Xanthomonadales,f:Xanthomonadaceae,g:Xanthomonas,s:Xanthomonas fuscans
ASV453	92.903	465	33	0	1	465	316	780	0.0	676	tax=d:Bacteria,p:Proteobacteria,c:Gammaproteobacteria,o:Xanthomonadales,f:Xanthomonadaceae,g:Xanthomonas,s:Xanthomonas fuscans
ASV453	92.918	466	31	2	1	465	316	780	0.0	676	tax=d:Bacteria,p:Proteobacteria,c:Gammaproteobacteria,o:Xanthomonadales,f:Xanthomonadaceae,g:Xanthomonas,s:Xanthomonas vasicola
ASV453	92.918	466	31	2	1	465	299	763	0.0	676	tax=d:Bacteria,p:Proteobacteria,c:Gammaproteobacteria,o:Xanthomonadales,f:Xanthomonadaceae,g:Xanthomonas,s:Xanthomonas dyei
ASV453	92.903	465	33	0	1	465	316	780	0.0	676	tax=d:Bacteria,p:Proteobacteria,c:Gammaproteobacteria,o:Xanthomonadales,f:Xanthomonadaceae,g:Xanthomonas,s:Xanthomonas alfalfae
ASV453	92.918	466	31	2	1	465	316	780	0.0	676	tax=d:Bacteria,p:Proteobacteria,c:Gammaproteobacteria,o:Xanthomonadales,f:Xanthomonadaceae,g:Xanthomonas,s:Xanthomonas pisi
ASV453	92.934	467	29	4	1	465	314	778	0.0	676	tax=d:Bacteria,p:Proteobacteria,c:Gammaproteobacteria,o:Xanthomonadales,f:Xanthomonadaceae,g:Luteimonas,s:JN713440_s
ASV453	92.903	465	33	0	1	465	316	780	0.0	676	tax=d:Bacteria,p:Proteobacteria,c:Gammaproteobacteria,o:Xanthomonadales,f:Xanthomonadaceae,g:Xanthomonas,s:Xanthomonas axonopodis
ASV453	92.903	465	33	0	1	465	308	772	0.0	676	tax=d:Bacteria,p:Proteobacteria,c:Gammaproteobacteria,o:Xanthomonadales,f:Xanthomonadaceae,g:Chiayiivirga,s:Chiayiivirga flava
ASV453	92.918	466	31	2	1	465	316	780	0.0	676	tax=d:Bacteria,p:Proteobacteria,c:Gammaproteobacteria,o:Xanthomonadales,f:Xanthomonadaceae,g:Xanthomonas,s:Xanthomonas citri
ASV453	92.903	465	33	0	1	465	316	780	0.0	676	tax=d:Bacteria,p:Proteobacteria,c:Gammaproteobacteria,o:Xanthomonadales,f:Xanthomonadaceae,g:Xanthomonas,s:Xanthomonas perforans
ASV453	92.903	465	33	0	1	465	316	780	0.0	676	tax=d:Bacteria,p:Proteobacteria,c:Gammaproteobacteria,o:Xanthomonadales,f:Xanthomonadaceae,g:Xanthomonas,s:Xanthomonas euvesicatoria
ASV453	92.934	467	28	3	1	465	314	777	0.0	676	tax=d:Bacteria,p:Proteobacteria,c:Gammaproteobacteria,o:Xanthomonadales,f:Xanthomonadaceae,g:Luteimonas,s:FJ675302_s
ASV453	92.934	467	29	2	1	465	311	775	0.0	676	tax=d:Bacteria,p:Proteobacteria,c:Gammaproteobacteria,o:Xanthomonadales,f:Xanthomonadaceae,g:Aquimonas,s:DQ337007_s
ASV453	92.918	466	31	2	1	465	314	778	0.0	676	tax=d:Bacteria,p:Proteobacteria,c:Gammaproteobacteria,o:Xanthomonadales,f:Xanthomonadaceae,g:Pseudoxanthomonas,s:Pseudoxanthomonas suwonensis
ASV453	92.918	466	31	2	1	465	316	780	0.0	676	tax=d:Bacteria,p:Proteobacteria,c:Gammaproteobacteria,o:Xanthomonadales,f:Xanthomonadaceae,g:Xanthomonas,s:Xanthomonas cassavae
ASV453	92.918	466	30	3	1	465	313	776	0.0	676	tax=d:Bacteria,p:Proteobacteria,c:Gammaproteobacteria,o:Xanthomonadales,f:Xanthomonadaceae,g:Pseudoxanthomonas,s:Pseudoxanthomonas broegbernensis
ASV453	92.918	466	31	2	1	465	316	780	0.0	676	tax=d:Bacteria,p:Proteobacteria,c:Gammaproteobacteria,o:Xanthomonadales,f:Xanthomonadaceae,g:Xanthomonas,s:Xanthomonas cynarae
ASV453	92.918	466	31	2	1	465	316	780	0.0	676	tax=d:Bacteria,p:Proteobacteria,c:Gammaproteobacteria,o:Xanthomonadales,f:Xanthomonadaceae,g:Xanthomonas,s:Xanthomonas gardneri
ASV453	92.918	466	31	2	1	465	316	780	0.0	676	tax=d:Bacteria,p:Proteobacteria,c:Gammaproteobacteria,o:Xanthomonadales,f:Xanthomonadaceae,g:Xanthomonas,s:Xanthomonas vesicatoria
ASV453	92.918	466	31	2	1	465	316	780	0.0	676	tax=d:Bacteria,p:Proteobacteria,c:Gammaproteobacteria,o:Xanthomonadales,f:Xanthomonadaceae,g:Xanthomonas,s:Xanthomonas campestris
ASV453	92.918	466	31	2	1	465	316	780	0.0	676	tax=d:Bacteria,p:Proteobacteria,c:Gammaproteobacteria,o:Xanthomonadales,f:Xanthomonadaceae,g:Xanthomonas,s:Pseudomonas cissicola
ASV453	92.704	466	32	2	1	465	316	780	0.0	673	tax=d:Bacteria,p:Proteobacteria,c:Gammaproteobacteria,o:Xanthomonadales,f:Xanthomonadaceae,g:Xanthomonas,s:Xanthomonas populi
ASV453	92.797	472	23	10	3	465	306	775	0.0	673	tax=d:Bacteria,p:Proteobacteria,c:Gammaproteobacteria,o:Xanthomonadales,f:Xanthomonadaceae,g:Lysobacter,s:Lysobacter agri
ASV453	92.688	465	34	0	1	465	314	778	0.0	671	tax=d:Bacteria,p:Proteobacteria,c:Gammaproteobacteria,o:Xanthomonadales,f:Xanthomonadaceae,g:Xanthomonas,s:Xanthomonas melonis
ASV453	92.688	465	34	0	1	465	314	778	0.0	671	tax=d:Bacteria,p:Proteobacteria,c:Gammaproteobacteria,o:Xanthomonadales,f:Xanthomonadaceae,g:Xanthomonas,s:Xanthomonas hyacinthi
ASV453	92.688	465	34	0	1	465	304	768	0.0	671	tax=d:Bacteria,p:Proteobacteria,c:Gammaproteobacteria,o:Xanthomonadales,f:Xanthomonadaceae,g:Lysobacter,s:Lysobacter novalis
ASV453	92.704	466	32	2	1	465	250	714	0.0	671	tax=d:Bacteria,p:Proteobacteria,c:Gammaproteobacteria,o:Xanthomonadales,f:Xanthomonadaceae,g:Xanthomonas,s:Xanthomonas maliensis
ASV453	92.704	466	32	2	1	465	314	778	0.0	671	tax=d:Bacteria,p:Proteobacteria,c:Gammaproteobacteria,o:Xanthomonadales,f:Xanthomonadaceae,g:Arenimonas,s:Arenimonas maotaiensis
ASV453	92.688	465	34	0	1	465	308	772	0.0	671	tax=d:Bacteria,p:Proteobacteria,c:Gammaproteobacteria,o:Xanthomonadales,f:Xanthomonadaceae,g:Rehaibacterium,s:JQ801097_s
ASV453	92.688	465	34	0	1	465	276	740	0.0	671	tax=d:Bacteria,p:Proteobacteria,c:Gammaproteobacteria,o:Xanthomonadales,f:Xanthomonadaceae,g:Arenimonas,s:Arenimonas daechungensis
ASV453	92.704	466	32	2	1	465	301	765	0.0	671	tax=d:Bacteria,p:Proteobacteria,c:Gammaproteobacteria,o:Xanthomonadales,f:Xanthomonadaceae,g:Thermomonas,s:JF820843_s
ASV453	92.704	466	32	2	1	465	314	778	0.0	671	tax=d:Bacteria,p:Proteobacteria,c:Gammaproteobacteria,o:Xanthomonadales,f:Xanthomonadaceae,g:GQ441248_g,s:GQ441248_s
ASV453	92.688	465	34	0	1	465	314	778	0.0	671	tax=d:Bacteria,p:Proteobacteria,c:Gammaproteobacteria,o:Xanthomonadales,f:Xanthomonadaceae,g:Arenimonas,s:EU801470_s
ASV453	92.688	465	34	0	1	465	314	778	0.0	671	tax=d:Bacteria,p:Proteobacteria,c:Gammaproteobacteria,o:Xanthomonadales,f:Xanthomonadaceae,g:Xanthomonas,s:CP010409_s
ASV453	92.688	465	34	0	1	465	314	778	0.0	671	tax=d:Bacteria,p:Proteobacteria,c:Gammaproteobacteria,o:Xanthomonadales,f:Xanthomonadaceae,g:Xanthomonas,s:Xanthomonas translucens
ASV453	92.704	466	32	2	1	465	316	780	0.0	671	tax=d:Bacteria,p:Proteobacteria,c:Gammaproteobacteria,o:Xanthomonadales,f:Xanthomonadaceae,g:Xanthomonas,s:Xanthomonas citri
ASV453	92.704	466	32	2	1	465	316	780	0.0	671	tax=d:Bacteria,p:Proteobacteria,c:Gammaproteobacteria,o:Xanthomonadales,f:Xanthomonadaceae,g:Pseudoxanthomonas,s:AZNZ_s
ASV453	92.751	469	26	6	1	465	261	725	0.0	671	tax=d:Bacteria,p:Proteobacteria,c:Gammaproteobacteria,o:Xanthomonadales,f:Xanthomonadaceae,g:Pseudoxanthomonas,s:Pseudoxanthomonas kaohsiungensis
ASV453	92.704	466	32	2	1	465	316	780	0.0	671	tax=d:Bacteria,p:Proteobacteria,c:Gammaproteobacteria,o:Xanthomonadales,f:Xanthomonadaceae,g:Xanthomonas,s:Xanthomonas oryzae
ASV453	92.473	465	35	0	1	465	316	780	0.0	669	tax=d:Bacteria,p:Proteobacteria,c:Gammaproteobacteria,o:Xanthomonadales,f:Xanthomonadaceae,g:Xanthomonas,s:Xanthomonas cucurbitae
ASV453	92.688	465	33	1	1	465	298	761	0.0	669	tax=d:Bacteria,p:Proteobacteria,c:Gammaproteobacteria,o:Xanthomonadales,f:Xanthomonadaceae,g:Xanthomonas,s:Xanthomonas phaseoli
ASV453	92.489	466	33	2	1	465	314	778	0.0	667	tax=d:Bacteria,p:Proteobacteria,c:Gammaproteobacteria,o:Xanthomonadales,f:Xanthomonadaceae,g:Xanthomonas,s:Xanthomonas sacchari
ASV453	92.473	465	35	0	1	465	316	780	0.0	665	tax=d:Bacteria,p:Proteobacteria,c:Gammaproteobacteria,o:Xanthomonadales,f:Xanthomonadaceae,g:Stenotrophomonas,s:Stenotrophomonas tumulicola
ASV453	92.473	465	35	0	1	465	308	772	0.0	665	tax=d:Bacteria,p:Proteobacteria,c:Gammaproteobacteria,o:Xanthomonadales,f:Xanthomonadaceae,g:AB240487_g,s:JQ086973_s
ASV453	92.473	465	35	0	1	465	314	778	0.0	665	tax=d:Bacteria,p:Proteobacteria,c:Gammaproteobacteria,o:Xanthomonadales,f:Xanthomonadaceae,g:Arenimonas,s:JN679192_s
ASV453	92.473	465	35	0	1	465	314	778	0.0	665	tax=d:Bacteria,p:Proteobacteria,c:Gammaproteobacteria,o:Xanthomonadales,f:Xanthomonadaceae,g:AB240487_g,s:JN391804_s
ASV453	92.473	465	35	0	1	465	314	778	0.0	665	tax=d:Bacteria,p:Proteobacteria,c:Gammaproteobacteria,o:Xanthomonadales,f:Xanthomonadaceae,g:Arenimonas,s:HQ114180_s
ASV453	92.473	465	35	0	1	465	325	789	0.0	665	tax=d:Bacteria,p:Proteobacteria,c:Gammaproteobacteria,o:Xanthomonadales,f:Xanthomonadaceae,g:Rehaibacterium,s:FJ710721_s
ASV453	92.473	465	35	0	1	465	316	780	0.0	665	tax=d:Bacteria,p:Proteobacteria,c:Gammaproteobacteria,o:Xanthomonadales,f:Xanthomonadaceae,g:AJ318204_g,s:EF018572_s
ASV453	92.473	465	35	0	1	465	316	780	0.0	665	tax=d:Bacteria,p:Proteobacteria,c:Gammaproteobacteria,o:Xanthomonadales,f:Xanthomonadaceae,g:Stenotrophomonas,s:CP016294_s
ASV453	92.473	465	35	0	1	465	316	780	0.0	665	tax=d:Bacteria,p:Proteobacteria,c:Gammaproteobacteria,o:Xanthomonadales,f:Xanthomonadaceae,g:Stenotrophomonas,s:ALYK_s
ASV453	92.489	466	32	2	1	465	311	774	0.0	664	tax=d:Bacteria,p:Proteobacteria,c:Gammaproteobacteria,o:Xanthomonadales,f:Xanthomonadaceae,g:Lysobacter,s:AY599704_s
ASV453	92.258	465	36	0	1	465	314	778	0.0	660	tax=d:Bacteria,p:Proteobacteria,c:Gammaproteobacteria,o:Xanthomonadales,f:Xanthomonadaceae,g:Arenimonas,s:Arenimonas subflava
ASV453	92.275	466	34	2	1	465	310	774	0.0	660	tax=d:Bacteria,p:Proteobacteria,c:Gammaproteobacteria,o:Xanthomonadales,f:Xanthomonadaceae,g:AJ318204_g,s:AY294012_s
ASV453	92.291	467	32	4	1	465	308	772	0.0	660	tax=d:Bacteria,p:Proteobacteria,c:Gammaproteobacteria,o:Xanthomonadales,f:Xanthomonadaceae,g:GQ441248_g,s:AB430336_s
ASV453	92.043	465	37	0	1	465	314	778	0.0	658	tax=d:Bacteria,p:Proteobacteria,c:Gammaproteobacteria,o:Xanthomonadales,f:Xanthomonadaceae,g:Xanthomonas,s:Xanthomonas albilineans
ASV453	92.060	466	35	2	1	465	307	771	0.0	656	tax=d:Bacteria,p:Proteobacteria,c:Gammaproteobacteria,o:Xanthomonadales,f:Xanthomonadaceae,g:Tahibacter,s:Tahibacter aquaticus
ASV453	91.828	465	38	0	1	465	316	780	0.0	654	tax=d:Bacteria,p:Proteobacteria,c:Gammaproteobacteria,o:Xanthomonadales,f:Xanthomonadaceae,g:Xanthomonas,s:Xanthomonas fragariae
ASV453	92.060	466	35	2	1	465	314	778	0.0	654	tax=d:Bacteria,p:Proteobacteria,c:Gammaproteobacteria,o:Xanthomonadales,f:Xanthomonadaceae,g:Pseudoxanthomonas,s:Pseudoxanthomonas sangjuensis
ASV453	92.060	466	35	2	1	465	293	757	0.0	654	tax=d:Bacteria,p:Proteobacteria,c:Gammaproteobacteria,o:Xanthomonadales,f:Xanthomonadaceae,g:Pseudoxanthomonas,s:Pseudoxanthomonas wuyuanensis
ASV453	92.060	466	35	2	1	465	301	765	0.0	654	tax=d:Bacteria,p:Proteobacteria,c:Gammaproteobacteria,o:Xanthomonadales,f:Xanthomonadaceae,g:HQ436500_g,s:JF703511_s
ASV453	92.060	466	35	2	1	465	314	778	0.0	654	tax=d:Bacteria,p:Proteobacteria,c:Gammaproteobacteria,o:Xanthomonadales,f:Xanthomonadaceae,g:Arenimonas,s:HQ178912_s
ASV453	92.060	466	35	2	1	465	308	772	0.0	654	tax=d:Bacteria,p:Proteobacteria,c:Gammaproteobacteria,o:Xanthomonadales,f:Xanthomonadaceae,g:HQ436500_g,s:FJ444733_s
ASV453	92.043	465	37	0	1	465	312	776	0.0	654	tax=d:Bacteria,p:Proteobacteria,c:Gammaproteobacteria,o:Xanthomonadales,f:Xanthomonadaceae,g:Arenimonas,s:Arenimonas oryziterrae
ASV453	92.060	466	35	2	1	465	314	778	0.0	654	tax=d:Bacteria,p:Proteobacteria,c:Gammaproteobacteria,o:Xanthomonadales,f:Xanthomonadaceae,g:Pseudoxanthomonas,s:Pseudoxanthomonas helianthi
ASV453	92.060	466	35	2	1	465	304	768	0.0	654	tax=d:Bacteria,p:Proteobacteria,c:Gammaproteobacteria,o:Xanthomonadales,f:Xanthomonadaceae,g:Xylella,s:Pseudomonas boreopolis
ASV453	92.060	466	34	3	1	465	314	777	0.0	652	tax=d:Bacteria,p:Proteobacteria,c:Gammaproteobacteria,o:Xanthomonadales,f:Xanthomonadaceae,g:Arenimonas,s:HQ178820_s
ASV453	91.863	467	34	4	1	465	316	780	0.0	651	tax=d:Bacteria,p:Proteobacteria,c:Gammaproteobacteria,o:Xanthomonadales,f:Xanthomonadaceae,g:Pseudoxanthomonas,s:Pseudoxanthomonas taiwanensis
ASV453	92.060	466	31	6	3	465	313	775	0.0	651	tax=d:Bacteria,p:Proteobacteria,c:Gammaproteobacteria,o:Xanthomonadales,f:Xanthomonadaceae,g:Lysobacter,s:AF139997_s
ASV453	91.845	466	36	2	1	465	276	740	0.0	649	tax=d:Bacteria,p:Proteobacteria,c:Gammaproteobacteria,o:Xanthomonadales,f:Xanthomonadaceae,g:Stenotrophomonas,s:Stenotrophomonas bentonitica
ASV453	91.828	465	38	0	1	465	314	778	0.0	649	tax=d:Bacteria,p:Proteobacteria,c:Gammaproteobacteria,o:Xanthomonadales,f:Xanthomonadaceae,g:Pseudoxanthomonas,s:Pseudoxanthomonas dokdonensis
ASV453	91.863	467	34	4	1	465	314	778	0.0	649	tax=d:Bacteria,p:Proteobacteria,c:Gammaproteobacteria,o:Xanthomonadales,f:Xanthomonadaceae,g:Pseudoxanthomonas,s:Pseudoxanthomonas indica
ASV453	91.845	466	36	2	1	465	314	778	0.0	649	tax=d:Bacteria,p:Proteobacteria,c:Gammaproteobacteria,o:Xanthomonadales,f:Xanthomonadaceae,g:Stenotrophomonas,s:Stenotrophomonas maltophilia
ASV453	91.845	466	36	2	1	465	312	776	0.0	649	tax=d:Bacteria,p:Proteobacteria,c:Gammaproteobacteria,o:Xanthomonadales,f:Xanthomonadaceae,g:Pseudoxanthomonas,s:GQ263823_s
ASV453	91.828	465	38	0	1	465	314	778	0.0	649	tax=d:Bacteria,p:Proteobacteria,c:Gammaproteobacteria,o:Xanthomonadales,f:Xanthomonadaceae,g:Xylella,s:Xylella fastidiosa
ASV453	91.845	466	36	2	1	465	316	780	0.0	649	tax=d:Bacteria,p:Proteobacteria,c:Gammaproteobacteria,o:Xanthomonadales,f:Xanthomonadaceae,g:Stenotrophomonas,s:CP001111_s
ASV453	91.828	465	38	0	1	465	314	778	0.0	649	tax=d:Bacteria,p:Proteobacteria,c:Gammaproteobacteria,o:Xanthomonadales,f:Xanthomonadaceae,g:AY546512_g,s:AY546512_s
ASV453	91.845	466	36	2	1	465	314	778	0.0	649	tax=d:Bacteria,p:Proteobacteria,c:Gammaproteobacteria,o:Xanthomonadales,f:Xanthomonadaceae,g:Thermomonas,s:Thermomonas fusca
ASV453	91.828	465	38	0	1	465	314	778	0.0	649	tax=d:Bacteria,p:Proteobacteria,c:Gammaproteobacteria,o:Xanthomonadales,f:Xanthomonadaceae,g:Xylella,s:Xylella fastidiosa
ASV453	91.613	465	39	0	1	465	314	778	0.0	643	tax=d:Bacteria,p:Proteobacteria,c:Gammaproteobacteria,o:Xanthomonadales,f:Xanthomonadaceae,g:Stenotrophomonas,s:Stenotrophomonas daejeonensis
ASV453	91.631	466	37	2	1	465	314	778	0.0	643	tax=d:Bacteria,p:Proteobacteria,c:Gammaproteobacteria,o:Xanthomonadales,f:Xanthomonadaceae,g:Stenotrophomonas,s:Stenotrophomonas pavanii
ASV453	91.613	465	39	0	1	465	314	778	0.0	643	tax=d:Bacteria,p:Proteobacteria,c:Gammaproteobacteria,o:Xanthomonadales,f:Xanthomonadaceae,g:Stenotrophomonas,s:Stenotrophomonas ginsengisoli
ASV453	91.613	465	39	0	1	465	314	778	0.0	643	tax=d:Bacteria,p:Proteobacteria,c:Gammaproteobacteria,o:Xanthomonadales,f:Xanthomonadaceae,g:Stenotrophomonas,s:Stenotrophomonas koreensis
ASV453	91.613	465	39	0	1	465	314	778	0.0	643	tax=d:Bacteria,p:Proteobacteria,c:Gammaproteobacteria,o:Xanthomonadales,f:Xanthomonadaceae,g:Xylella,s:Xylella fastidiosa
ASV453	91.649	467	35	4	1	465	308	772	0.0	643	tax=d:Bacteria,p:Proteobacteria,c:Gammaproteobacteria,o:Xanthomonadales,f:Xanthomonadaceae,g:Dokdonella,s:Dokdonella kunshanensis
ASV453	91.631	466	37	2	1	465	290	754	0.0	643	tax=d:Bacteria,p:Proteobacteria,c:Gammaproteobacteria,o:Xanthomonadales,f:Xanthomonadaceae,g:GQ441248_g,s:HM438438_s
ASV453	91.631	466	37	2	1	465	314	778	0.0	643	tax=d:Bacteria,p:Proteobacteria,c:Gammaproteobacteria,o:Xanthomonadales,f:Xanthomonadaceae,g:Pseudoxanthomonas,s:Pseudoxanthomonas putridarboris
ASV453	91.631	466	37	2	1	465	297	761	0.0	643	tax=d:Bacteria,p:Proteobacteria,c:Gammaproteobacteria,o:Xanthomonadales,f:Xanthomonadaceae,g:Arenimonas,s:Arenimonas aquaticum
ASV453	91.613	465	39	0	1	465	314	778	0.0	643	tax=d:Bacteria,p:Proteobacteria,c:Gammaproteobacteria,o:Xanthomonadales,f:Xanthomonadaceae,g:Pseudoxanthomonas,s:FOAX_s
ASV453	91.667	468	33	4	1	465	308	772	0.0	643	tax=d:Bacteria,p:Proteobacteria,c:Gammaproteobacteria,o:Xanthomonadales,f:Xanthomonadaceae,g:Rehaibacterium,s:EU662612_s
ASV453	91.667	468	33	5	1	465	308	772	0.0	643	tax=d:Bacteria,p:Proteobacteria,c:Gammaproteobacteria,o:Xanthomonadales,f:Xanthomonadaceae,g:Dokdonella,s:EU150285_s
ASV453	91.631	466	37	2	1	465	314	778	0.0	643	tax=d:Bacteria,p:Proteobacteria,c:Gammaproteobacteria,o:Xanthomonadales,f:Xanthomonadaceae,g:Pseudoxanthomonas,s:Pseudoxanthomonas mexicana
ASV453	91.631	466	37	2	1	465	289	753	0.0	643	tax=d:Bacteria,p:Proteobacteria,c:Gammaproteobacteria,o:Xanthomonadales,f:Xanthomonadaceae,g:Stenotrophomonas,s:Pseudomonas geniculata
ASV453	91.416	466	38	2	1	465	306	770	0.0	638	tax=d:Bacteria,p:Proteobacteria,c:Gammaproteobacteria,o:Xanthomonadales,f:Xanthomonadaceae,g:Tahibacter,s:Tahibacter caeni
ASV453	91.398	465	40	0	1	465	314	778	0.0	638	tax=d:Bacteria,p:Proteobacteria,c:Gammaproteobacteria,o:Xanthomonadales,f:Xanthomonadaceae,g:Xylella,s:Xylella taiwanensis
ASV453	91.416	466	38	2	1	465	310	774	0.0	638	tax=d:Bacteria,p:Proteobacteria,c:Gammaproteobacteria,o:Xanthomonadales,f:Xanthomonadaceae,g:HQ436500_g,s:HQ436500_s
ASV453	91.398	465	40	0	1	465	314	778	0.0	638	tax=d:Bacteria,p:Proteobacteria,c:Gammaproteobacteria,o:Xanthomonadales,f:Xanthomonadaceae,g:AB240487_g,s:FJ612198_s
ASV453	91.416	466	38	2	1	465	314	778	0.0	638	tax=d:Bacteria,p:Proteobacteria,c:Gammaproteobacteria,o:Xanthomonadales,f:Xanthomonadaceae,g:Pseudoxanthomonas,s:EF522125_s
ASV453	91.416	466	38	2	1	465	315	779	0.0	638	tax=d:Bacteria,p:Proteobacteria,c:Gammaproteobacteria,o:Xanthomonadales,f:Xanthomonadaceae,g:Pseudoxanthomonas,s:Pseudoxanthomonas spadix
ASV453	91.202	466	39	2	1	465	314	778	1.40e-180	632	tax=d:Bacteria,p:Proteobacteria,c:Gammaproteobacteria,o:Xanthomonadales,f:Xanthomonadaceae,g:Arenimonas,s:PAC002078_s
ASV453	91.183	465	41	0	1	465	308	772	1.40e-180	632	tax=d:Bacteria,p:Proteobacteria,c:Gammaproteobacteria,o:Xanthomonadales,f:Xanthomonadaceae,g:Rudaea,s:PAC002003_s
ASV453	91.202	466	39	2	1	465	314	778	1.40e-180	632	tax=d:Bacteria,p:Proteobacteria,c:Gammaproteobacteria,o:Xanthomonadales,f:Xanthomonadaceae,g:Arenimonas,s:Arenimonas metalli
ASV453	91.202	466	39	2	1	465	293	757	1.40e-180	632	tax=d:Bacteria,p:Proteobacteria,c:Gammaproteobacteria,o:Xanthomonadales,f:Xanthomonadaceae,g:Pseudofulvimonas,s:FN667411_s
ASV453	91.183	465	41	0	1	465	278	742	1.40e-180	632	tax=d:Bacteria,p:Proteobacteria,c:Gammaproteobacteria,o:Xanthomonadales,f:Xanthomonadaceae,g:Pseudofulvimonas,s:Pseudofulvimonas gallinarii
ASV453	91.221	467	37	4	1	465	308	772	1.40e-180	632	tax=d:Bacteria,p:Proteobacteria,c:Gammaproteobacteria,o:Xanthomonadales,f:Xanthomonadaceae,g:Dokdonella,s:Dokdonella ginsengisoli
ASV453	91.183	465	41	0	1	465	289	753	1.40e-180	632	tax=d:Bacteria,p:Proteobacteria,c:Gammaproteobacteria,o:Xanthomonadales,f:Xanthomonadaceae,g:Stenotrophomonas,s:Pseudomonas beteli
ASV453	91.202	466	39	2	1	465	314	778	1.40e-180	632	tax=d:Bacteria,p:Proteobacteria,c:Gammaproteobacteria,o:Xanthomonadales,f:Xanthomonadaceae,g:Stenotrophomonas,s:Pseudomonas hibiscicola
ASV453	91.416	466	31	7	1	463	310	769	5.04e-180	630	tax=d:Bacteria,p:Proteobacteria,c:Gammaproteobacteria,o:Xanthomonadales,f:Xanthomonadaceae,g:Lysobacter,s:HM438498_s
ASV453	91.006	467	39	3	1	465	292	757	1.81e-179	628	tax=d:Bacteria,p:Proteobacteria,c:Gammaproteobacteria,o:Xanthomonadales,f:Xanthomonadaceae,g:HQ436500_g,s:JQ426059_s
ASV453	90.968	465	42	0	1	465	316	780	6.52e-179	627	tax=d:Bacteria,p:Proteobacteria,c:Gammaproteobacteria,o:Xanthomonadales,f:Xanthomonadaceae,g:Stenotrophomonas,s:Stenotrophomonas acidaminiphila
ASV453	90.968	465	42	0	1	465	314	778	6.52e-179	627	tax=d:Bacteria,p:Proteobacteria,c:Gammaproteobacteria,o:Xanthomonadales,f:Xanthomonadaceae,g:Stenotrophomonas,s:Stenotrophomonas nitritireducens
ASV453	90.968	465	42	0	1	465	310	774	6.52e-179	627	tax=d:Bacteria,p:Proteobacteria,c:Gammaproteobacteria,o:Xanthomonadales,f:Xanthomonadaceae,g:AB240487_g,s:EU131032_s
ASV453	90.987	466	40	2	1	465	314	778	6.52e-179	627	tax=d:Bacteria,p:Proteobacteria,c:Gammaproteobacteria,o:Xanthomonadales,f:Xanthomonadaceae,g:Pseudoxanthomonas,s:Pseudoxanthomonas sacheonensis
ASV453	90.968	465	42	0	1	465	314	778	6.52e-179	627	tax=d:Bacteria,p:Proteobacteria,c:Gammaproteobacteria,o:Xanthomonadales,f:Xanthomonadaceae,g:Arenimonas,s:AF418945_s
ASV453	90.987	466	40	2	1	465	314	778	6.52e-179	627	tax=d:Bacteria,p:Proteobacteria,c:Gammaproteobacteria,o:Xanthomonadales,f:Xanthomonadaceae,g:Pseudoxanthomonas,s:Pseudoxanthomonas japonensis
ASV453	90.753	465	43	0	1	465	316	780	3.03e-177	621	tax=d:Bacteria,p:Proteobacteria,c:Gammaproteobacteria,o:Xanthomonadales,f:Xanthomonadaceae,g:Stenotrophomonas,s:Stenotrophomonas terrae
ASV453	90.773	466	41	2	1	465	287	751	3.03e-177	621	tax=d:Bacteria,p:Proteobacteria,c:Gammaproteobacteria,o:Xanthomonadales,f:Xanthomonadaceae,g:Pseudoxanthomonas,s:Pseudoxanthomonas gei
ASV453	90.753	465	43	0	1	465	292	756	3.03e-177	621	tax=d:Bacteria,p:Proteobacteria,c:Gammaproteobacteria,o:Xanthomonadales,f:Xanthomonadaceae,g:PAC002346_g,s:JQ428528_s
ASV453	90.812	468	37	4	1	465	314	778	3.03e-177	621	tax=d:Bacteria,p:Proteobacteria,c:Gammaproteobacteria,o:Xanthomonadales,f:Xanthomonadaceae,g:Pseudoxanthomonas,s:FR774558_s
ASV453	90.773	466	41	2	1	465	308	772	3.03e-177	621	tax=d:Bacteria,p:Proteobacteria,c:Gammaproteobacteria,o:Xanthomonadales,f:Xanthomonadaceae,g:Dokdonella,s:Dokdonella immobilis
ASV453	90.792	467	39	4	1	465	308	772	3.03e-177	621	tax=d:Bacteria,p:Proteobacteria,c:Gammaproteobacteria,o:Xanthomonadales,f:Xanthomonadaceae,g:Dokdonella,s:Dokdonella koreensis
ASV453	90.753	465	43	0	1	465	316	780	3.03e-177	621	tax=d:Bacteria,p:Proteobacteria,c:Gammaproteobacteria,o:Xanthomonadales,f:Xanthomonadaceae,g:Stenotrophomonas,s:CP014274_s
ASV453	90.773	466	41	2	1	465	309	773	3.03e-177	621	tax=d:Bacteria,p:Proteobacteria,c:Gammaproteobacteria,o:Xanthomonadales,f:Xanthomonadaceae,g:Pseudoxanthomonas,s:Pseudoxanthomonas kalamensis
ASV453	90.753	465	42	1	1	465	315	778	1.09e-176	619	tax=d:Bacteria,p:Proteobacteria,c:Gammaproteobacteria,o:Xanthomonadales,f:Xanthomonadaceae,g:Stenotrophomonas,s:Stenotrophomonas pictorum
ASV453	90.538	465	44	0	1	465	311	775	3.92e-176	617	tax=d:Bacteria,p:Proteobacteria,c:Gammaproteobacteria,o:Xanthomonadales,f:Xanthomonadaceae,g:AB240487_g,s:AB240487_s
ASV453	90.538	465	44	0	1	465	312	776	1.41e-175	616	tax=d:Bacteria,p:Proteobacteria,c:Gammaproteobacteria,o:Xanthomonadales,f:Xanthomonadaceae,g:Arenimonas,s:JN869011_s
ASV453	90.538	465	44	0	1	465	308	772	1.41e-175	616	tax=d:Bacteria,p:Proteobacteria,c:Gammaproteobacteria,o:Xanthomonadales,f:Xanthomonadaceae,g:PAC002346_g,s:JF183671_s
ASV453	90.538	465	44	0	1	465	306	770	1.41e-175	616	tax=d:Bacteria,p:Proteobacteria,c:Gammaproteobacteria,o:Xanthomonadales,f:Xanthomonadaceae,g:PAC002346_g,s:HQ119992_s
ASV453	90.538	465	44	0	1	465	286	750	1.41e-175	616	tax=d:Bacteria,p:Proteobacteria,c:Gammaproteobacteria,o:Xanthomonadales,f:Xanthomonadaceae,g:Dyella,s:Dyella soli
ASV453	90.538	465	44	0	1	465	310	774	1.41e-175	616	tax=d:Bacteria,p:Proteobacteria,c:Gammaproteobacteria,o:Xanthomonadales,f:Xanthomonadaceae,g:PAC002346_g,s:AM991237_s
ASV453	90.323	465	45	0	1	465	314	778	6.57e-174	610	tax=d:Bacteria,p:Proteobacteria,c:Gammaproteobacteria,o:Xanthomonadales,f:Xanthomonadaceae,g:Stenotrophomonas,s:Stenotrophomonas humi
ASV453	90.323	465	45	0	1	465	296	760	6.57e-174	610	tax=d:Bacteria,p:Proteobacteria,c:Gammaproteobacteria,o:Xanthomonadales,f:Xanthomonadaceae,g:PAC002346_g,s:EU193114_s
ASV453	90.343	466	43	2	1	465	290	754	6.57e-174	610	tax=d:Bacteria,p:Proteobacteria,c:Gammaproteobacteria,o:Xanthomonadales,f:Xanthomonadaceae,g:Pseudoxanthomonas,s:Pseudoxanthomonas yeongjuensis
ASV453	90.323	465	45	0	1	465	314	778	6.57e-174	610	tax=d:Bacteria,p:Proteobacteria,c:Gammaproteobacteria,o:Xanthomonadales,f:Xanthomonadaceae,g:Frateuria,s:Frateuria aurantia
ASV453	90.323	465	44	1	1	465	308	771	2.36e-173	608	tax=d:Bacteria,p:Proteobacteria,c:Gammaproteobacteria,o:Xanthomonadales,f:Xanthomonadaceae,g:AF407725_g,s:AF407725_s
ASV453	90.108	465	46	0	1	465	312	776	3.06e-172	604	tax=d:Bacteria,p:Proteobacteria,c:Gammaproteobacteria,o:Xanthomonadales,f:Xanthomonadaceae,g:AB240487_g,s:JF747946_s
ASV453	90.129	466	44	2	1	465	314	778	3.06e-172	604	tax=d:Bacteria,p:Proteobacteria,c:Gammaproteobacteria,o:Xanthomonadales,f:Xanthomonadaceae,g:Dyella,s:Dyella jiangningensis
ASV453	90.129	466	44	2	1	465	314	778	3.06e-172	604	tax=d:Bacteria,p:Proteobacteria,c:Gammaproteobacteria,o:Xanthomonadales,f:Xanthomonadaceae,g:Dyella,s:Dyella koreensis
ASV453	89.892	465	47	0	1	465	314	778	1.42e-170	599	tax=d:Bacteria,p:Proteobacteria,c:Gammaproteobacteria,o:Xanthomonadales,f:Xanthomonadaceae,g:Dyella,s:Dyella lipolytica
ASV453	89.914	466	45	2	1	465	310	774	1.42e-170	599	tax=d:Bacteria,p:Proteobacteria,c:Gammaproteobacteria,o:Xanthomonadales,f:Xanthomonadaceae,g:Mizugakiibacter,s:Mizugakiibacter sediminis
ASV453	89.914	466	45	2	1	465	314	778	1.42e-170	599	tax=d:Bacteria,p:Proteobacteria,c:Gammaproteobacteria,o:Xanthomonadales,f:Xanthomonadaceae,g:Dyella,s:Dyella thiooxydans
ASV453	89.892	465	47	0	1	465	314	778	1.42e-170	599	tax=d:Bacteria,p:Proteobacteria,c:Gammaproteobacteria,o:Xanthomonadales,f:Xanthomonadaceae,g:Fulvimonas,s:Fulvimonas soli
ASV453	89.936	467	42	5	1	465	292	755	5.11e-170	597	tax=d:Bacteria,p:Proteobacteria,c:Gammaproteobacteria,o:Xanthomonadales,f:Xanthomonadaceae,g:Rudaea,s:JN023776_s
ASV453	89.722	467	44	4	1	465	314	778	6.61e-169	593	tax=d:Bacteria,p:Proteobacteria,c:Gammaproteobacteria,o:Xanthomonadales,f:Xanthomonadaceae,g:Dyella,s:LMSL_s
ASV453	89.700	466	46	2	1	465	314	778	6.61e-169	593	tax=d:Bacteria,p:Proteobacteria,c:Gammaproteobacteria,o:Xanthomonadales,f:Xanthomonadaceae,g:Dyella,s:LFQR_s
ASV453	89.700	466	46	2	1	465	314	778	6.61e-169	593	tax=d:Bacteria,p:Proteobacteria,c:Gammaproteobacteria,o:Xanthomonadales,f:Xanthomonadaceae,g:Fulvimonas,s:Fulvimonas yonginensis
ASV453	89.700	466	46	2	1	465	308	772	6.61e-169	593	tax=d:Bacteria,p:Proteobacteria,c:Gammaproteobacteria,o:Xanthomonadales,f:Xanthomonadaceae,g:Frateuria,s:Frateuria terrea
ASV453	89.722	467	44	2	1	465	308	772	6.61e-169	593	tax=d:Bacteria,p:Proteobacteria,c:Gammaproteobacteria,o:Xanthomonadales,f:Xanthomonadaceae,g:Pseudofulvimonas,s:GQ264123_s
ASV453	89.462	465	49	0	1	465	314	778	3.08e-167	588	tax=d:Bacteria,p:Proteobacteria,c:Gammaproteobacteria,o:Xanthomonadales,f:Xanthomonadaceae,g:Dyella,s:Dyella flava
ASV453	89.485	466	47	2	1	465	285	749	3.08e-167	588	tax=d:Bacteria,p:Proteobacteria,c:Gammaproteobacteria,o:Xanthomonadales,f:Xanthomonadaceae,g:Dyella,s:Dyella jejuensis
ASV453	89.462	465	49	0	1	465	309	773	3.08e-167	588	tax=d:Bacteria,p:Proteobacteria,c:Gammaproteobacteria,o:Chromatiales,f:Nitrococcus_f,g:Arhodomonas,s:JF421196_s
ASV453	89.462	465	49	0	1	465	304	768	3.08e-167	588	tax=d:Bacteria,p:Proteobacteria,c:Gammaproteobacteria,o:Xanthomonadales,f:Xanthomonadaceae,g:EU104217_g,s:EU104136_s
ASV453	89.270	466	48	2	1	465	314	778	1.43e-165	582	tax=d:Bacteria,p:Proteobacteria,c:Gammaproteobacteria,o:Xanthomonadales,f:Xanthomonadaceae,g:Rhodanobacter,s:LMGH_s
ASV453	89.293	467	46	4	1	465	316	780	1.43e-165	582	tax=d:Bacteria,p:Proteobacteria,c:Gammaproteobacteria,o:Xanthomonadales,f:Xanthomonadaceae,g:Dyella,s:Dyella mobilis
ASV453	89.316	468	44	6	1	465	282	746	1.43e-165	582	tax=d:Bacteria,p:Proteobacteria,c:Betaproteobacteria,o:Burkholderiales,f:Burkholderiaceae,g:Paraburkholderia,s:Paraburkholderia dipogonis
ASV453	89.316	468	44	6	1	465	308	772	1.43e-165	582	tax=d:Bacteria,p:Proteobacteria,c:Betaproteobacteria,o:PAC001907_o,f:PAC001907_f,g:PAC001907_g,s:JN398109_s
ASV453	89.270	466	48	2	1	465	314	778	1.43e-165	582	tax=d:Bacteria,p:Proteobacteria,c:Gammaproteobacteria,o:Xanthomonadales,f:Xanthomonadaceae,g:EF174287_g,s:JF521609_s
ASV453	89.247	465	50	0	1	465	311	775	1.43e-165	582	tax=d:Bacteria,p:Proteobacteria,c:Gammaproteobacteria,o:Xanthomonadales,f:Xanthomonadaceae,g:Rhodanobacter,s:Rhodanobacter umsongensis
ASV453	89.270	466	48	2	1	465	323	787	1.43e-165	582	tax=d:Bacteria,p:Proteobacteria,c:Gammaproteobacteria,o:Xanthomonadales,f:Xanthomonadaceae,g:EF174287_g,s:FJ380132_s
ASV453	89.293	467	46	4	1	465	304	768	1.43e-165	582	tax=d:Bacteria,p:Proteobacteria,c:Gammaproteobacteria,o:Xanthomonadales,f:Xanthomonadaceae,g:EU104217_g,s:EU104217_s
ASV453	89.247	465	50	0	1	465	275	739	1.43e-165	582	tax=d:Bacteria,p:Proteobacteria,c:Gammaproteobacteria,o:Xanthomonadales,f:Xanthomonadaceae,g:Rhodanobacter,s:Rhodanobacter ginsengisoli
ASV453	89.270	466	48	2	1	465	314	778	1.43e-165	582	tax=d:Bacteria,p:Proteobacteria,c:Gammaproteobacteria,o:Xanthomonadales,f:Xanthomonadaceae,g:Rhodanobacter,s:Rhodanobacter spathiphylli
ASV453	89.293	467	46	4	1	465	304	768	1.43e-165	582	tax=d:Bacteria,p:Proteobacteria,c:Gammaproteobacteria,o:Xanthomonadales,f:Xanthomonadaceae,g:EU104217_g,s:AB478683_s
ASV453	89.247	465	50	0	1	465	314	778	1.43e-165	582	tax=d:Bacteria,p:Proteobacteria,c:Gammaproteobacteria,o:Xanthomonadales,f:Xanthomonadaceae,g:AB274846_g,s:AB274846_s
ASV453	89.032	465	51	0	1	465	314	778	6.66e-164	577	tax=d:Bacteria,p:Proteobacteria,c:Gammaproteobacteria,o:Xanthomonadales,f:Xanthomonadaceae,g:Rhodanobacter,s:Rhodanobacter glycinis
ASV453	89.103	468	45	6	1	465	310	774	6.66e-164	577	tax=d:Bacteria,p:Proteobacteria,c:Betaproteobacteria,o:Burkholderiales,f:Burkholderiaceae,g:Paraburkholderia,s:CP022990_s
ASV453	89.079	467	47	4	1	465	308	772	6.66e-164	577	tax=d:Bacteria,p:Proteobacteria,c:Gammaproteobacteria,o:Chromatiales,f:Ectothiorhodospiraceae,g:Acidihalobacter,s:CP017448_s
ASV453	89.079	467	47	4	1	465	310	774	6.66e-164	577	tax=d:Bacteria,p:Proteobacteria,c:Betaproteobacteria,o:Burkholderiales,f:Burkholderiaceae,g:Paraburkholderia,s:Paraburkholderia phytofirmans
ASV453	89.079	467	47	4	1	465	306	770	6.66e-164	577	tax=d:Bacteria,p:Proteobacteria,c:Betaproteobacteria,o:Neisseriales,f:Neisseriaceae,g:Chitinimonas,s:Chitinimonas taiwanensis
ASV453	89.079	467	47	4	1	465	314	778	6.66e-164	577	tax=d:Bacteria,p:Proteobacteria,c:Gammaproteobacteria,o:Xanthomonadales,f:Xanthomonadaceae,g:Dokdonella,s:AY218617_s
ASV453	89.056	466	48	3	1	465	316	779	2.40e-163	575	tax=d:Bacteria,p:Proteobacteria,c:Gammaproteobacteria,o:Xanthomonadales,f:Xanthomonadaceae,g:Dyella,s:Dyella caseinilytica
ASV453	88.889	468	46	6	1	465	310	774	8.62e-163	573	tax=d:Bacteria,p:Proteobacteria,c:Betaproteobacteria,o:Burkholderiales,f:Burkholderiaceae,g:Burkholderia,s:Burkholderia dolosa
ASV453	88.817	465	52	0	1	465	309	773	3.10e-162	571	tax=d:Bacteria,p:Proteobacteria,c:Gammaproteobacteria,o:Chromatiales,f:Nitrococcus_f,g:Spiribacter,s:Spiribacter aquaticus
ASV453	88.817	465	52	0	1	465	309	773	3.10e-162	571	tax=d:Bacteria,p:Proteobacteria,c:Gammaproteobacteria,o:Chromatiales,f:Nitrococcus_f,g:Spiribacter,s:Spiribacter roseus
ASV453	88.889	468	46	5	1	465	312	776	3.10e-162	571	tax=d:Bacteria,p:Proteobacteria,c:Gammaproteobacteria,o:Acidiferrobacterales,f:Acidiferrobacteraceae,g:EU491360_g,s:JN672619_s
ASV453	88.841	466	50	2	1	465	291	755	3.10e-162	571	tax=d:Bacteria,p:Proteobacteria,c:Gammaproteobacteria,o:Xanthomonadales,f:Xanthomonadaceae,g:Pseudofulvimonas,s:FJ152597_s
ASV453	88.865	467	48	4	1	465	305	769	3.10e-162	571	tax=d:Bacteria,p:Proteobacteria,c:Gammaproteobacteria,o:Chromatiales,f:EU700150_f,g:EU700150_g,s:EU700150_s
ASV453	88.865	467	48	4	1	465	310	774	3.10e-162	571	tax=d:Bacteria,p:Proteobacteria,c:Betaproteobacteria,o:Burkholderiales,f:Burkholderiaceae,g:Paraburkholderia,s:Paraburkholderia caledonica
ASV453	88.865	467	47	5	1	465	296	759	1.11e-161	569	tax=d:Bacteria,p:Proteobacteria,c:Gammaproteobacteria,o:Nevskiales,f:Solimonadaceae,g:PAC001194_g,s:GQ389123_s
ASV453	88.841	466	48	4	1	465	314	776	1.11e-161	569	tax=d:Bacteria,p:Proteobacteria,c:Gammaproteobacteria,o:Xanthomonadales,f:Xanthomonadaceae,g:Rhodanobacter,s:AY188327_s
ASV453	88.602	465	53	0	1	465	308	772	1.44e-160	566	tax=d:Bacteria,p:Proteobacteria,c:Gammaproteobacteria,o:Xanthomonadales,f:Xanthomonadaceae,g:Metallibacterium,s:Metallibacterium scheffleri
ASV453	88.651	467	49	4	1	465	307	771	1.44e-160	566	tax=d:Bacteria,p:Proteobacteria,c:Gammaproteobacteria,o:Chromatiales,f:Chromatiaceae,g:FM955323_g,s:JN535675_s
ASV453	88.627	466	51	2	1	465	310	774	1.44e-160	566	tax=d:Bacteria,p:Proteobacteria,c:Gammaproteobacteria,o:Chromatiales,f:Sedimenticola_f,g:Endoriftia,s:JF344428_s
ASV453	88.651	467	49	4	1	465	310	774	1.44e-160	566	tax=d:Bacteria,p:Proteobacteria,c:Betaproteobacteria,o:Burkholderiales,f:Burkholderiaceae,g:Burkholderia,s:Burkholderia pseudomultivorans
ASV453	88.699	469	45	8	1	465	310	774	1.44e-160	566	tax=d:Bacteria,p:Proteobacteria,c:Betaproteobacteria,o:Burkholderiales,f:OM156_f,g:OM156_g,s:FJ612332_s
ASV453	88.651	467	49	4	1	465	314	778	1.44e-160	566	tax=d:Bacteria,p:Proteobacteria,c:Gammaproteobacteria,o:Xanthomonadales,f:Xanthomonadaceae,g:Rhodanobacter,s:Rhodanobacter soli
ASV453	88.627	466	51	2	1	465	314	778	1.44e-160	566	tax=d:Bacteria,p:Proteobacteria,c:Gammaproteobacteria,o:Xanthomonadales,f:Xanthomonadaceae,g:Rhodanobacter,s:Rhodanobacter terrae
ASV453	88.627	466	51	2	1	465	309	773	1.44e-160	566	tax=d:Bacteria,p:Proteobacteria,c:Gammaproteobacteria,o:Chromatiales,f:Nitrococcus_f,g:Spiribacter,s:Spiribacter curvatus
ASV453	88.627	466	51	2	1	465	314	778	1.44e-160	566	tax=d:Bacteria,p:Proteobacteria,c:Gammaproteobacteria,o:Xanthomonadales,f:Xanthomonadaceae,g:Rhodanobacter,s:Rhodanobacter denitrificans
ASV453	88.651	467	49	4	1	465	308	772	1.44e-160	566	tax=d:Bacteria,p:Proteobacteria,c:Betaproteobacteria,o:Burkholderiales,f:Burkholderiaceae,g:Paraburkholderia,s:Paraburkholderia xenovorans
ASV453	88.651	467	49	4	1	465	314	778	1.44e-160	566	tax=d:Bacteria,p:Proteobacteria,c:Gammaproteobacteria,o:Xanthomonadales,f:Xanthomonadaceae,g:Rhodanobacter,s:Rhodanobacter thiooxydans
ASV453	88.486	469	46	6	1	465	290	754	6.71e-159	560	tax=d:Bacteria,p:Proteobacteria,c:Betaproteobacteria,o:Burkholderiales,f:Burkholderiaceae,g:Paraburkholderia,s:Paraburkholderia graminis
ASV453	88.486	469	46	7	1	465	310	774	6.71e-159	560	tax=d:Bacteria,p:Proteobacteria,c:Betaproteobacteria,o:Burkholderiales,f:Burkholderiaceae,g:Burkholderia,s:Burkholderia territorii
ASV453	88.437	467	50	4	1	465	308	772	6.71e-159	560	tax=d:Bacteria,p:Proteobacteria,c:Betaproteobacteria,o:Burkholderiales,f:Burkholderiaceae,g:Paraburkholderia,s:Paraburkholderia pallidirosea
ASV453	88.437	467	50	4	1	465	312	776	6.71e-159	560	tax=d:Bacteria,p:Proteobacteria,c:Gammaproteobacteria,o:Acidiferrobacterales,f:Acidiferrobacteraceae,g:EU491360_g,s:KC009941_s
ASV453	88.462	468	48	6	1	465	306	770	6.71e-159	560	tax=d:Bacteria,p:Proteobacteria,c:Gammaproteobacteria,o:Methylococcales,f:Methylococcaceae,g:JYNS_g,s:JN038836_s
ASV453	88.437	467	50	4	1	465	310	774	6.71e-159	560	tax=d:Bacteria,p:Proteobacteria,c:Betaproteobacteria,o:PAC001907_o,f:PAC001907_f,g:PAC001907_g,s:JN038752_s
ASV453	88.486	469	46	7	1	465	310	774	6.71e-159	560	tax=d:Bacteria,p:Proteobacteria,c:Betaproteobacteria,o:Burkholderiales,f:Burkholderiaceae,g:Burkholderia,s:JJOA_s
ASV453	88.437	467	50	4	1	465	308	772	6.71e-159	560	tax=d:Bacteria,p:Proteobacteria,c:Betaproteobacteria,o:Burkholderiales,f:Burkholderiaceae,g:Burkholderia,s:Burkholderia alpina
ASV453	88.387	465	54	0	1	465	309	773	6.71e-159	560	tax=d:Bacteria,p:Proteobacteria,c:Gammaproteobacteria,o:Chromatiales,f:Nitrococcus_f,g:Arhodomonas,s:HQ857616_s
ASV453	88.437	467	50	4	1	465	310	774	6.71e-159	560	tax=d:Bacteria,p:Proteobacteria,c:Betaproteobacteria,o:Burkholderiales,f:Burkholderiaceae,g:Paraburkholderia,s:FNTG_s
ASV453	88.437	467	50	4	1	465	308	772	6.71e-159	560	tax=d:Bacteria,p:Proteobacteria,c:Betaproteobacteria,o:Burkholderiales,f:Burkholderiaceae,g:Paraburkholderia,s:Paraburkholderia sartisoli
ASV453	88.412	466	52	2	1	465	308	772	6.71e-159	560	tax=d:Bacteria,p:Proteobacteria,c:Betaproteobacteria,o:Burkholderiales,f:Burkholderiaceae,g:Paraburkholderia,s:FM872738_s
ASV453	88.387	465	54	0	1	465	309	773	6.71e-159	560	tax=d:Bacteria,p:Proteobacteria,c:Gammaproteobacteria,o:Chromatiales,f:Nitrococcus_f,g:Spiribacter,s:FJ943233_s
ASV453	88.412	466	52	2	1	465	281	745	6.71e-159	560	tax=d:Bacteria,p:Proteobacteria,c:Gammaproteobacteria,o:Chromatiales,f:Nitrococcus_f,g:Halopeptonella,s:Halopeptonella vilamensis
ASV453	88.412	466	52	2	1	465	313	777	6.71e-159	560	tax=d:Bacteria,p:Proteobacteria,c:Gammaproteobacteria,o:Xanthomonadales,f:Xanthomonadaceae,g:Rhodanobacter,s:Rhodanobacter panaciterrae
ASV453	88.437	467	50	4	1	465	308	772	6.71e-159	560	tax=d:Bacteria,p:Proteobacteria,c:Betaproteobacteria,o:Burkholderiales,f:Burkholderiaceae,g:Paraburkholderia,s:Paraburkholderia soli
ASV453	88.412	466	52	2	1	465	306	770	6.71e-159	560	tax=d:Bacteria,p:Proteobacteria,c:Gammaproteobacteria,o:Chromatiales,f:Halothiobacillaceae,g:DQ459215_g,s:DQ459215_s
ASV453	88.437	467	50	4	1	465	308	772	6.71e-159	560	tax=d:Bacteria,p:Proteobacteria,c:Betaproteobacteria,o:Burkholderiales,f:Burkholderiaceae,g:Burkholderia,s:Burkholderia humptydooensis
ASV453	88.486	469	46	7	1	465	310	774	6.71e-159	560	tax=d:Bacteria,p:Proteobacteria,c:Betaproteobacteria,o:Burkholderiales,f:Burkholderiaceae,g:Burkholderia,s:Burkholderia vietnamiensis
ASV453	88.412	466	52	2	1	465	309	773	6.71e-159	560	tax=d:Bacteria,p:Proteobacteria,c:Gammaproteobacteria,o:Chromatiales,f:Nitrococcus_f,g:Spiribacter,s:Spiribacter salinus
ASV453	88.437	467	50	4	1	465	310	774	6.71e-159	560	tax=d:Bacteria,p:Proteobacteria,c:Betaproteobacteria,o:Burkholderiales,f:Burkholderiaceae,g:Paraburkholderia,s:Paraburkholderia ginsengisoli
ASV453	88.486	469	46	7	1	465	310	774	6.71e-159	560	tax=d:Bacteria,p:Proteobacteria,c:Betaproteobacteria,o:Burkholderiales,f:Burkholderiaceae,g:Burkholderia,s:Burkholderia cepacia
ASV453	88.462	468	48	6	1	465	310	774	6.71e-159	560	tax=d:Bacteria,p:Proteobacteria,c:Betaproteobacteria,o:Burkholderiales,f:Burkholderiaceae,g:Burkholderia,s:Burkholderia latens
ASV453	88.462	468	48	6	1	465	310	774	6.71e-159	560	tax=d:Bacteria,p:Proteobacteria,c:Betaproteobacteria,o:Burkholderiales,f:Burkholderiaceae,g:Burkholderia,s:Burkholderia anthina
ASV453	88.412	466	52	2	1	465	329	793	6.71e-159	560	tax=d:Bacteria,p:Proteobacteria,c:Gammaproteobacteria,o:Chromatiales,f:Wenzhouxiangellaceae,g:Wenzhouxiangella,s:AB476275_s
ASV453	88.412	466	51	3	1	465	307	770	2.41e-158	558	tax=d:Bacteria,p:Proteobacteria,c:Gammaproteobacteria,o:Chromatiales,f:Ectothiorhodospiraceae,g:Acidihalobacter,s:Acidihalobacter prosperus
ASV453	88.437	467	48	5	1	465	305	767	2.41e-158	558	tax=d:Bacteria,p:Proteobacteria,c:Betaproteobacteria,o:Burkholderiales,f:Burkholderiaceae,g:Paraburkholderia,s:Paraburkholderia kirstenboschensis
ASV453	88.486	469	45	7	1	465	308	771	2.41e-158	558	tax=d:Bacteria,p:Proteobacteria,c:Betaproteobacteria,o:Burkholderiales,f:Burkholderiaceae,g:Paraburkholderia,s:FSRM_s
ASV453	88.462	468	47	5	1	465	305	768	2.41e-158	558	tax=d:Bacteria,p:Proteobacteria,c:Gammaproteobacteria,o:Acidiferrobacterales,f:Acidiferrobacteraceae,g:Sulfuricaulis,s:FJ936963_s
ASV453	88.223	467	51	4	1	465	276	740	3.12e-157	555	tax=d:Bacteria,p:Proteobacteria,c:Betaproteobacteria,o:Burkholderiales,f:Burkholderiaceae,g:Paraburkholderia,s:Paraburkholderia phenazinium
ASV453	88.248	468	49	6	1	465	308	772	3.12e-157	555	tax=d:Bacteria,p:Proteobacteria,c:Betaproteobacteria,o:Burkholderiales,f:Burkholderiaceae,g:Paraburkholderia,s:PAC000248_s
ASV453	88.273	469	47	7	1	465	310	774	3.12e-157	555	tax=d:Bacteria,p:Proteobacteria,c:Betaproteobacteria,o:Burkholderiales,f:Burkholderiaceae,g:Burkholderia,s:Burkholderia puraquae
ASV453	88.273	469	47	7	1	465	310	774	3.12e-157	555	tax=d:Bacteria,p:Proteobacteria,c:Betaproteobacteria,o:Burkholderiales,f:Burkholderiaceae,g:Burkholderia,s:Burkholderia contaminans
ASV453	88.298	470	45	10	1	465	277	741	3.12e-157	555	tax=d:Bacteria,p:Proteobacteria,c:Betaproteobacteria,o:Burkholderiales,f:Comamonadaceae,g:Acidovorax,s:Acidovorax lacteus
ASV453	88.223	467	51	4	1	465	276	740	3.12e-157	555	tax=d:Bacteria,p:Proteobacteria,c:Betaproteobacteria,o:Burkholderiales,f:Burkholderiaceae,g:Paraburkholderia,s:Paraburkholderia insulsa
ASV453	88.223	467	51	4	1	465	302	766	3.12e-157	555	tax=d:Bacteria,p:Proteobacteria,c:Gammaproteobacteria,o:Pseudomonadales,f:Pseudomonadaceae,g:Pseudomonas,s:Pseudomonas sihuiensis
ASV453	88.223	467	51	4	1	465	314	778	3.12e-157	555	tax=d:Bacteria,p:Proteobacteria,c:Gammaproteobacteria,o:Arenicellales,f:Arenicellaceae,g:EU035927_g,s:JX206712_s
ASV453	88.298	470	46	8	1	465	310	775	3.12e-157	555	tax=d:Bacteria,p:Proteobacteria,c:Betaproteobacteria,o:Burkholderiales,f:Burkholderiaceae,g:Burkholderia,s:Burkholderia cenocepacia
ASV453	88.223	467	51	4	1	465	329	793	3.12e-157	555	tax=d:Bacteria,p:Proteobacteria,c:Gammaproteobacteria,o:Chromatiales,f:Wenzhouxiangellaceae,g:EU734943_g,s:JQ925121_s
ASV453	88.223	467	51	4	1	465	308	772	3.12e-157	555	tax=d:Bacteria,p:Proteobacteria,c:Betaproteobacteria,o:Burkholderiales,f:Burkholderiaceae,g:Paraburkholderia,s:Paraburkholderia dilworthii
ASV453	88.248	468	49	5	1	465	308	772	3.12e-157	555	tax=d:Bacteria,p:Proteobacteria,c:Betaproteobacteria,o:PAC001907_o,f:PAC001907_f,g:PAC001907_g,s:GU454976_s
ASV453	88.248	468	49	6	1	465	308	772	3.12e-157	555	tax=d:Bacteria,p:Proteobacteria,c:Betaproteobacteria,o:Burkholderiales,f:Burkholderiaceae,g:Paraburkholderia,s:FSRU_s
ASV453	88.223	467	51	4	1	465	309	773	3.12e-157	555	tax=d:Bacteria,p:Proteobacteria,c:Gammaproteobacteria,o:Chromatiales,f:Chromatiaceae,g:FM955323_g,s:FM955329_s
ASV453	88.223	467	51	4	1	465	309	773	3.12e-157	555	tax=d:Bacteria,p:Proteobacteria,c:Gammaproteobacteria,o:Chromatiales,f:Chromatiaceae,g:FM955323_g,s:FM955323_s
ASV453	88.273	469	47	7	1	465	306	770	3.12e-157	555	tax=d:Bacteria,p:Proteobacteria,c:Gammaproteobacteria,o:Methylococcales,f:Methylococcaceae,g:Methylomagnum,s:FJ810597_s
ASV453	88.223	467	51	3	1	465	307	771	3.12e-157	555	tax=d:Bacteria,p:Proteobacteria,c:Gammaproteobacteria,o:Chromatiales,f:Chromatiaceae,g:AM176875_g,s:FJ437963_s
ASV453	88.248	468	49	6	1	465	285	749	3.12e-157	555	tax=d:Bacteria,p:Proteobacteria,c:Betaproteobacteria,o:Burkholderiales,f:Burkholderiaceae,g:Paraburkholderia,s:Burkholderia dabaoshanensis
ASV453	88.248	468	49	5	1	465	308	772	3.12e-157	555	tax=d:Bacteria,p:Proteobacteria,c:Betaproteobacteria,o:Burkholderiales,f:Burkholderiaceae,g:Burkholderia,s:EU150276_s
ASV453	88.248	468	49	6	1	465	306	770	3.12e-157	555	tax=d:Bacteria,p:Proteobacteria,c:Betaproteobacteria,o:Burkholderiales,f:Comamonadaceae,g:Aquincola,s:Aquincola tertiaricarbonis
ASV453	88.248	468	49	6	1	465	308	772	3.12e-157	555	tax=d:Bacteria,p:Proteobacteria,c:Betaproteobacteria,o:Burkholderiales,f:Burkholderiaceae,g:Burkholderia,s:Burkholderia pseudomallei
ASV453	88.223	467	51	4	1	465	308	772	3.12e-157	555	tax=d:Bacteria,p:Proteobacteria,c:Betaproteobacteria,o:Burkholderiales,f:Burkholderiaceae,g:Caballeronia,s:CP014505_s
ASV453	88.197	466	53	2	1	465	308	772	3.12e-157	555	tax=d:Bacteria,p:Proteobacteria,c:Betaproteobacteria,o:Burkholderiales,f:Burkholderiaceae,g:Paraburkholderia,s:Paraburkholderia caribensis
ASV453	88.223	467	51	4	1	465	310	774	3.12e-157	555	tax=d:Bacteria,p:Proteobacteria,c:Betaproteobacteria,o:Burkholderiales,f:Burkholderiaceae,g:Paraburkholderia,s:CP002218_s
ASV453	88.223	467	51	4	1	465	310	774	3.12e-157	555	tax=d:Bacteria,p:Proteobacteria,c:Betaproteobacteria,o:Burkholderiales,f:Burkholderiaceae,g:Paraburkholderia,s:CP002013_s
ASV453	88.248	468	49	6	1	465	308	772	3.12e-157	555	tax=d:Bacteria,p:Proteobacteria,c:Betaproteobacteria,o:Burkholderiales,f:Burkholderiaceae,g:Burkholderia,s:Burkholderia mallei
ASV453	88.223	467	51	4	1	465	308	772	3.12e-157	555	tax=d:Bacteria,p:Proteobacteria,c:Betaproteobacteria,o:Burkholderiales,f:Burkholderiaceae,g:Paraburkholderia,s:Paraburkholderia terrae
ASV453	88.223	467	51	4	1	465	305	769	3.12e-157	555	tax=d:Bacteria,p:Proteobacteria,c:Betaproteobacteria,o:Burkholderiales,f:Burkholderiaceae,g:Paraburkholderia,s:Paraburkholderia terricola
ASV453	88.223	467	51	4	1	465	308	772	3.12e-157	555	tax=d:Bacteria,p:Proteobacteria,c:Gammaproteobacteria,o:Pseudomonadales,f:Pseudomonadaceae,g:Pseudomonas,s:ATKM_s
ASV453	88.298	470	45	9	1	465	310	774	3.12e-157	555	tax=d:Bacteria,p:Proteobacteria,c:Betaproteobacteria,o:Burkholderiales,f:Burkholderiaceae,g:Burkholderia,s:Burkholderia metallica
ASV453	88.273	469	47	7	1	465	310	774	3.12e-157	555	tax=d:Bacteria,p:Proteobacteria,c:Betaproteobacteria,o:Burkholderiales,f:Burkholderiaceae,g:Burkholderia,s:Burkholderia seminalis
ASV453	88.273	469	47	7	1	465	310	774	3.12e-157	555	tax=d:Bacteria,p:Proteobacteria,c:Betaproteobacteria,o:Burkholderiales,f:Burkholderiaceae,g:Burkholderia,s:Burkholderia diffusa
ASV453	88.248	468	49	6	1	465	308	772	3.12e-157	555	tax=d:Bacteria,p:Proteobacteria,c:Betaproteobacteria,o:Burkholderiales,f:Burkholderiaceae,g:Paraburkholderia,s:Paraburkholderia megapolitana
ASV453	88.197	466	53	2	1	465	306	770	3.12e-157	555	tax=d:Bacteria,p:Proteobacteria,c:Gammaproteobacteria,o:Chromatiales,f:Chromatiaceae,g:AM176875_g,s:AM176875_s
ASV453	88.223	467	51	4	1	465	314	778	3.12e-157	555	tax=d:Bacteria,p:Proteobacteria,c:Gammaproteobacteria,o:Xanthomonadales,f:Xanthomonadaceae,g:Rhodanobacter,s:Rhodanobacter fulvus
ASV453	88.298	470	45	10	1	465	310	774	3.12e-157	555	tax=d:Bacteria,p:Proteobacteria,c:Betaproteobacteria,o:Rhodocyclales,f:Rhodocyclaceae,g:Propionivibrio,s:Propionivibrio limicola
ASV453	88.273	469	47	8	1	465	304	768	3.12e-157	555	tax=d:Bacteria,p:Proteobacteria,c:Betaproteobacteria,o:PAC002541_o,f:PAC002541_f,g:AF467301_g,s:AF467301_s
ASV453	88.223	467	51	4	1	465	310	774	3.12e-157	555	tax=d:Bacteria,p:Proteobacteria,c:Betaproteobacteria,o:Burkholderiales,f:Burkholderiaceae,g:Burkholderia,s:Burkholderia oklahomensis
ASV453	88.248	468	49	6	1	465	310	774	3.12e-157	555	tax=d:Bacteria,p:Proteobacteria,c:Betaproteobacteria,o:PAC001907_o,f:PAC001907_f,g:PAC001907_g,s:AB294331_s
ASV453	88.197	466	53	2	1	465	308	772	3.12e-157	555	tax=d:Bacteria,p:Proteobacteria,c:Gammaproteobacteria,o:Pseudomonadales,f:Pseudomonadaceae,g:Azotobacter,s:Azotobacter nigricans
ASV453	88.223	467	50	4	1	465	298	761	1.12e-156	553	tax=d:Bacteria,p:Proteobacteria,c:Gammaproteobacteria,o:Nevskiales,f:Solimonadaceae,g:Hydrocarboniphaga,s:Hydrocarboniphaga daqingensis
ASV453	88.273	469	46	8	1	465	308	771	1.12e-156	553	tax=d:Bacteria,p:Proteobacteria,c:Betaproteobacteria,o:PAC001907_o,f:PAC001907_f,g:DQ297977_g,s:FJ466117_s
ASV453	88.172	465	54	1	1	465	306	769	1.12e-156	553	tax=d:Bacteria,p:Proteobacteria,c:Gammaproteobacteria,o:Nevskiales,f:Algiphilaceae,g:Algiphilus,s:EU735671_s
ASV453	88.060	469	50	6	1	465	329	795	1.12e-156	553	tax=d:Bacteria,p:Proteobacteria,c:Gammaproteobacteria,o:Chromatiales,f:Wenzhouxiangellaceae,g:EU734943_g,s:EU617751_s
ASV453	87.654	486	38	22	1	465	296	780	1.12e-156	553	tax=d:Bacteria,p:Proteobacteria,c:Gammaproteobacteria,o:Xanthomonadales,f:Xanthomonadaceae,g:Rehaibacterium,s:EF173345_s
ASV453	88.197	466	52	3	1	465	300	763	1.12e-156	553	tax=d:Bacteria,p:Proteobacteria,c:Gammaproteobacteria,o:Nevskiales,f:Solimonadaceae,g:Panacagrimonas,s:Panacagrimonas perspica
ASV453	88.009	467	54	2	1	465	306	772	4.04e-156	551	tax=d:Bacteria,p:Proteobacteria,c:Acidithiobacillia,o:Acidithiobacillales,f:Acidithiobacillaceae,g:Acidithiobacillus,s:JF267713_s
ASV453	88.085	470	46	10	1	465	304	768	1.45e-155	549	tax=d:Bacteria,p:Proteobacteria,c:Betaproteobacteria,o:Burkholderiales,f:Comamonadaceae,g:Leptothrix,s:Leptothrix cholodnii
ASV453	88.034	468	50	6	1	465	279	743	1.45e-155	549	tax=d:Bacteria,p:Proteobacteria,c:Betaproteobacteria,o:Rhodocyclales,f:Zoogloeaceae,g:Uliginosibacterium,s:Uliginosibacterium paludis
ASV453	87.983	466	54	2	1	465	290	754	1.45e-155	549	tax=d:Bacteria,p:Proteobacteria,c:Gammaproteobacteria,o:Oceanospirillales,f:EF379881_f,g:EF379881_g,s:JN484947_s
ASV453	88.034	468	50	6	1	465	308	772	1.45e-155	549	tax=d:Bacteria,p:Proteobacteria,c:Betaproteobacteria,o:Burkholderiales,f:Burkholderiaceae,g:Burkholderia,s:jgi.1071268_s
ASV453	88.060	469	49	7	1	465	310	775	1.45e-155	549	tax=d:Bacteria,p:Proteobacteria,c:Betaproteobacteria,o:Burkholderiales,f:Burkholderiaceae,g:Caballeronia,s:Caballeronia jiangsuensis
ASV453	88.034	468	51	5	1	465	238	703	1.45e-155	549	tax=d:Bacteria,p:Proteobacteria,c:Betaproteobacteria,o:Burkholderiales,f:Burkholderiaceae,g:Paraburkholderia,s:Paraburkholderia metrosideri
ASV453	87.983	466	54	2	1	465	312	776	1.45e-155	549	tax=d:Bacteria,p:Proteobacteria,c:Gammaproteobacteria,o:Chromatiales,f:Sedimenticola_f,g:Endothiovibrio,s:Endothiovibrio diazotrophicus
ASV453	88.009	467	52	4	1	465	311	775	1.45e-155	549	tax=d:Bacteria,p:Proteobacteria,c:Gammaproteobacteria,o:Chromatiales,f:Chromatiaceae,g:HQ191035_g,s:HQ191035_s
ASV453	88.009	467	52	4	1	465	308	772	1.45e-155	549	tax=d:Bacteria,p:Proteobacteria,c:Betaproteobacteria,o:PAC001921_o,f:PAC001921_f,g:HQ003485_g,s:HQ003485_s
ASV453	87.957	465	56	0	1	465	312	776	1.45e-155	549	tax=d:Bacteria,p:Proteobacteria,c:Gammaproteobacteria,o:Chromatiales,f:GU583986_f,g:GU583986_g,s:GU583986_s
ASV453	88.009	467	52	4	1	465	288	752	1.45e-155	549	tax=d:Bacteria,p:Proteobacteria,c:Betaproteobacteria,o:Burkholderiales,f:Burkholderiaceae,g:Paraburkholderia,s:Paraburkholderia denitrificans
ASV453	88.034	468	50	6	1	465	308	772	1.45e-155	549	tax=d:Bacteria,p:Proteobacteria,c:Betaproteobacteria,o:Burkholderiales,f:OM156_f,g:OM156_g,s:FJ820386_s
ASV453	88.060	469	48	6	1	465	308	772	1.45e-155	549	tax=d:Bacteria,p:Proteobacteria,c:Betaproteobacteria,o:Burkholderiales,f:Burkholderiaceae,g:Caballeronia,s:Caballeronia arationis
ASV453	88.060	469	48	7	1	465	308	772	1.45e-155	549	tax=d:Bacteria,p:Proteobacteria,c:Betaproteobacteria,o:Burkholderiales,f:Burkholderiaceae,g:Caballeronia,s:Caballeronia sordidicola
ASV453	87.957	465	56	0	1	465	306	770	1.45e-155	549	tax=d:Bacteria,p:Proteobacteria,c:Gammaproteobacteria,o:Chromatiales,f:EU735630_f,g:EU735630_g,s:EU735630_s
ASV453	88.060	469	48	8	1	465	282	746	1.45e-155	549	tax=d:Bacteria,p:Proteobacteria,c:Betaproteobacteria,o:Neisseriales,f:Neisseriaceae,g:Aquitalea,s:Aquitalea denitrificans
ASV453	88.110	471	44	12	1	465	290	754	1.45e-155	549	tax=d:Bacteria,p:Proteobacteria,c:Betaproteobacteria,o:Neisseriales,f:Neisseriaceae,g:Gulbenkiania,s:Gulbenkiania indica
ASV453	87.983	466	54	2	1	465	309	773	1.45e-155	549	tax=d:Bacteria,p:Proteobacteria,c:Gammaproteobacteria,o:Chromatiales,f:Chromatiaceae,g:FM955323_g,s:DQ408757_s
ASV453	88.034	468	50	6	1	465	328	792	1.45e-155	549	tax=d:Bacteria,p:Proteobacteria,c:Gammaproteobacteria,o:Chromatiales,f:Wenzhouxiangellaceae,g:EU734943_g,s:DQ394908_s
ASV453	88.060	469	48	7	1	465	310	774	1.45e-155	549	tax=d:Bacteria,p:Proteobacteria,c:Betaproteobacteria,o:Burkholderiales,f:Burkholderiaceae,g:Burkholderia,s:Burkholderia stabilis
ASV453	88.009	467	52	4	1	465	314	778	1.45e-155	549	tax=d:Bacteria,p:Proteobacteria,c:Gammaproteobacteria,o:Immundisolibacterales,f:Immundisolibacteraceae,g:Immundisolibacter,s:Immundisolibacter cernigliae
ASV453	88.034	468	50	6	1	465	310	774	1.45e-155	549	tax=d:Bacteria,p:Proteobacteria,c:Betaproteobacteria,o:Burkholderiales,f:Burkholderiaceae,g:Burkholderia,s:Burkholderia pyrrocinia
ASV453	88.034	468	50	6	1	465	310	774	1.45e-155	549	tax=d:Bacteria,p:Proteobacteria,c:Betaproteobacteria,o:Burkholderiales,f:Burkholderiaceae,g:Pandoraea,s:Pandoraea vervacti
ASV453	88.060	469	48	7	1	465	310	774	1.45e-155	549	tax=d:Bacteria,p:Proteobacteria,c:Betaproteobacteria,o:Burkholderiales,f:Burkholderiaceae,g:Burkholderia,s:Burkholderia ambifaria
ASV453	88.060	469	48	7	1	465	310	774	1.45e-155	549	tax=d:Bacteria,p:Proteobacteria,c:Betaproteobacteria,o:Burkholderiales,f:Burkholderiaceae,g:Burkholderia,s:Burkholderia lata
ASV453	88.034	468	50	6	1	465	308	772	1.45e-155	549	tax=d:Bacteria,p:Proteobacteria,c:Betaproteobacteria,o:Burkholderiales,f:Burkholderiaceae,g:Burkholderia,s:Burkholderia thailandensis
ASV453	88.034	468	50	6	1	465	306	770	1.45e-155	549	tax=d:Bacteria,p:Proteobacteria,c:Betaproteobacteria,o:Burkholderiales,f:Comamonadaceae,g:Mitsuaria,s:Mitsuaria chitosanitabida
ASV453	88.060	469	48	8	1	465	306	770	1.45e-155	549	tax=d:Bacteria,p:Proteobacteria,c:Betaproteobacteria,o:Burkholderiales,f:Comamonadaceae,g:Ideonella,s:Ideonella sakaiensis
ASV453	88.009	467	52	4	1	465	308	772	1.45e-155	549	tax=d:Bacteria,p:Proteobacteria,c:Betaproteobacteria,o:Burkholderiales,f:Burkholderiaceae,g:Paraburkholderia,s:Paraburkholderia fungorum
ASV453	88.009	467	52	4	1	465	309	773	1.45e-155	549	tax=d:Bacteria,p:Proteobacteria,c:Gammaproteobacteria,o:Chromatiales,f:Chromatiaceae,g:FM955323_g,s:AM882561_s
ASV453	88.060	469	48	7	1	465	310	774	1.45e-155	549	tax=d:Bacteria,p:Proteobacteria,c:Betaproteobacteria,o:Burkholderiales,f:Burkholderiaceae,g:Burkholderia,s:Burkholderia arboris
ASV453	88.110	471	44	12	1	465	304	768	1.45e-155	549	tax=d:Bacteria,p:Proteobacteria,c:Betaproteobacteria,o:Neisseriales,f:Neisseriaceae,g:Gulbenkiania,s:Gulbenkiania mobilis
ASV453	87.983	466	54	2	1	465	306	770	1.45e-155	549	tax=d:Bacteria,p:Proteobacteria,c:Gammaproteobacteria,o:Chromatiales,f:FM242303_f,g:FM242303_g,s:AM176842_s
ASV453	88.060	469	48	7	1	465	310	774	1.45e-155	549	tax=d:Bacteria,p:Proteobacteria,c:Betaproteobacteria,o:Burkholderiales,f:Burkholderiaceae,g:Burkholderia,s:Burkholderia multivorans
ASV453	88.009	467	51	5	1	465	308	771	5.22e-155	547	tax=d:Bacteria,p:Proteobacteria,c:Gammaproteobacteria,o:Nevskiales,f:Solimonadaceae,g:Panacagrimonas,s:KC120678_s
ASV453	87.794	467	53	4	1	465	314	778	5.22e-155	547	tax=d:Bacteria,p:Proteobacteria,c:Gammaproteobacteria,o:Xanthomonadales,f:Xanthomonadaceae,g:Rhodanobacter,s:Rhodanobacter ginsenosidimutans
ASV453	87.983	466	53	3	1	465	298	761	5.22e-155	547	tax=d:Bacteria,p:Proteobacteria,c:Gammaproteobacteria,o:Nevskiales,f:Solimonadaceae,g:Hydrocarboniphaga,s:Hydrocarboniphaga effusa
ASV453	87.983	466	53	3	1	465	311	774	5.22e-155	547	tax=d:Bacteria,p:Proteobacteria,c:Gammaproteobacteria,o:Xanthomonadales,f:Xanthomonadaceae,g:AJ318180_g,s:AJ318180_s
ASV453	87.872	470	49	7	1	465	308	774	1.88e-154	545	tax=d:Bacteria,p:Proteobacteria,c:Betaproteobacteria,o:PAC001907_o,f:PAC001907_f,g:HQ450141_g,s:HQ450141_s
ASV453	87.794	467	53	4	1	465	310	774	6.76e-154	544	tax=d:Bacteria,p:Proteobacteria,c:Betaproteobacteria,o:Burkholderiales,f:Burkholderiaceae,g:Pandoraea,s:NGUR_s
ASV453	87.846	469	49	6	1	465	312	776	6.76e-154	544	tax=d:Bacteria,p:Proteobacteria,c:Gammaproteobacteria,o:Alteromonadales,f:Colwelliaceae,g:Colwellia,s:Colwellia chukchiensis
ASV453	87.821	468	51	6	1	465	310	774	6.76e-154	544	tax=d:Bacteria,p:Proteobacteria,c:Betaproteobacteria,o:Burkholderiales,f:Burkholderiaceae,g:Burkholderia,s:Burkholderia stagnalis
ASV453	87.821	468	51	6	1	465	306	770	6.76e-154	544	tax=d:Bacteria,p:Proteobacteria,c:Betaproteobacteria,o:Burkholderiales,f:Comamonadaceae,g:LJID_g,s:LJID_s
ASV453	87.821	468	52	5	1	465	316	781	6.76e-154	544	tax=d:Bacteria,p:Proteobacteria,c:Gammaproteobacteria,o:Chromatiales,f:Wenzhouxiangellaceae,g:Wenzhouxiangella,s:JQ738930_s
ASV453	87.794	467	53	4	1	465	308	772	6.76e-154	544	tax=d:Bacteria,p:Proteobacteria,c:Betaproteobacteria,o:Burkholderiales,f:Burkholderiaceae,g:Paraburkholderia,s:JH603159_s
ASV453	87.898	471	45	11	1	465	308	772	6.76e-154	544	tax=d:Bacteria,p:Proteobacteria,c:Betaproteobacteria,o:Neisseriales,f:Neisseriaceae,g:Pseudogulbenkiania,s:Pseudogulbenkiania gefcensis
ASV453	87.821	468	51	6	1	465	308	772	6.76e-154	544	tax=d:Bacteria,p:Proteobacteria,c:Gammaproteobacteria,o:Immundisolibacterales,f:Immundisolibacteraceae,g:JF727677_g,s:JF727677_s
ASV453	87.821	468	51	6	1	465	328	792	6.76e-154	544	tax=d:Bacteria,p:Proteobacteria,c:Gammaproteobacteria,o:Chromatiales,f:Wenzhouxiangellaceae,g:EU734943_g,s:GQ356974_s
ASV453	87.872	470	47	9	1	465	272	736	6.76e-154	544	tax=d:Bacteria,p:Proteobacteria,c:Betaproteobacteria,o:Neisseriales,f:Neisseriaceae,g:Chitinimonas,s:Chitinimonas viridis
ASV453	87.821	468	51	6	1	465	308	772	6.76e-154	544	tax=d:Bacteria,p:Proteobacteria,c:Gammaproteobacteria,o:Methylococcales,f:Methylococcaceae,g:JYNS_g,s:FR846909_s
ASV453	87.846	469	49	6	1	465	308	772	6.76e-154	544	tax=d:Bacteria,p:Proteobacteria,c:Betaproteobacteria,o:Burkholderiales,f:Burkholderiaceae,g:Paraburkholderia,s:Paraburkholderia rhizoxinica
ASV453	87.821	468	51	6	1	465	329	793	6.76e-154	544	tax=d:Bacteria,p:Proteobacteria,c:Gammaproteobacteria,o:Chromatiales,f:Wenzhouxiangellaceae,g:EU734943_g,s:FM242254_s
ASV453	87.768	466	55	2	1	465	312	776	6.76e-154	544	tax=d:Bacteria,p:Proteobacteria,c:Gammaproteobacteria,o:Chromatiales,f:Sedimenticola_f,g:Endoriftia,s:FM165437_s
ASV453	87.821	468	51	6	1	465	329	793	6.76e-154	544	tax=d:Bacteria,p:Proteobacteria,c:Gammaproteobacteria,o:Chromatiales,f:Wenzhouxiangellaceae,g:EU734943_g,s:FJ717228_s
ASV453	87.794	467	53	4	1	465	309	773	6.76e-154	544	tax=d:Bacteria,p:Proteobacteria,c:Betaproteobacteria,o:PAC002541_o,f:PAC002248_f,g:PAC002248_g,s:FJ478717_s
ASV453	87.846	469	49	6	1	465	310	774	6.76e-154	544	tax=d:Bacteria,p:Proteobacteria,c:Betaproteobacteria,o:Burkholderiales,f:Burkholderiaceae,g:Caballeronia,s:Caballeronia telluris
ASV453	87.821	468	51	6	1	465	308	772	6.76e-154	544	tax=d:Bacteria,p:Proteobacteria,c:Betaproteobacteria,o:Burkholderiales,f:Burkholderiaceae,g:Caballeronia,s:Caballeronia humi
ASV453	87.846	469	49	6	1	465	310	774	6.76e-154	544	tax=d:Bacteria,p:Proteobacteria,c:Betaproteobacteria,o:Burkholderiales,f:Burkholderiaceae,g:Paraburkholderia,s:Paraburkholderia rhynchosiae
ASV453	87.794	467	53	4	1	465	308	772	6.76e-154	544	tax=d:Bacteria,p:Proteobacteria,c:Betaproteobacteria,o:Burkholderiales,f:Burkholderiaceae,g:Paraburkholderia,s:Paraburkholderia sediminicola
ASV453	87.872	470	47	10	1	465	293	757	6.76e-154	544	tax=d:Bacteria,p:Proteobacteria,c:Betaproteobacteria,o:PAC002541_o,f:PAC002541_f,g:AF467301_g,s:DQ837224_s
ASV453	87.794	467	53	4	1	465	306	770	6.76e-154	544	tax=d:Bacteria,p:Proteobacteria,c:Betaproteobacteria,o:PAC001907_o,f:PAC001907_f,g:PAC001907_g,s:DQ787714_s
ASV453	87.846	469	49	6	1	465	308	772	6.76e-154	544	tax=d:Bacteria,p:Proteobacteria,c:Betaproteobacteria,o:PAC001921_o,f:PAC001921_f,g:HQ003485_g,s:DQ413095_s
ASV453	87.821	468	51	6	1	465	298	762	6.76e-154	544	tax=d:Bacteria,p:Proteobacteria,c:Betaproteobacteria,o:Neisseriales,f:Neisseriaceae,g:Chitinilyticum,s:Chitinilyticum aquatile
ASV453	87.794	467	53	4	1	465	310	774	6.76e-154	544	tax=d:Bacteria,p:Proteobacteria,c:Betaproteobacteria,o:PAC001907_o,f:PAC001907_f,g:DQ297977_g,s:DQ297977_s
ASV453	87.794	467	53	4	1	465	308	772	6.76e-154	544	tax=d:Bacteria,p:Proteobacteria,c:Gammaproteobacteria,o:Chromatiales,f:Ectothiorhodospiraceae,g:Acidihalobacter,s:CP017415_s
ASV453	87.821	468	51	6	1	465	310	774	6.76e-154	544	tax=d:Bacteria,p:Proteobacteria,c:Betaproteobacteria,o:Burkholderiales,f:Burkholderiaceae,g:Pandoraea,s:Pandoraea norimbergensis
ASV453	87.821	468	51	6	1	465	310	774	6.76e-154	544	tax=d:Bacteria,p:Proteobacteria,c:Betaproteobacteria,o:Burkholderiales,f:Burkholderiaceae,g:Pandoraea,s:Pandoraea faecigallinarum
ASV453	87.821	468	51	6	1	465	310	774	6.76e-154	544	tax=d:Bacteria,p:Proteobacteria,c:Betaproteobacteria,o:Burkholderiales,f:Burkholderiaceae,g:Pandoraea,s:Pandoraea pulmonicola
ASV453	87.821	468	51	6	1	465	310	774	6.76e-154	544	tax=d:Bacteria,p:Proteobacteria,c:Betaproteobacteria,o:Burkholderiales,f:Burkholderiaceae,g:Pandoraea,s:Pandoraea apista
ASV453	87.846	469	49	8	1	465	308	772	6.76e-154	544	tax=d:Bacteria,p:Proteobacteria,c:Betaproteobacteria,o:Burkholderiales,f:Comamonadaceae,g:Caldimonas,s:Caldimonas taiwanensis
ASV453	87.794	467	53	4	1	465	310	774	6.76e-154	544	tax=d:Bacteria,p:Proteobacteria,c:Betaproteobacteria,o:Burkholderiales,f:Burkholderiaceae,g:Paraburkholderia,s:Paraburkholderia phenoliruptrix
ASV453	87.794	467	53	4	1	465	308	772	6.76e-154	544	tax=d:Bacteria,p:Proteobacteria,c:Betaproteobacteria,o:Burkholderiales,f:Burkholderiaceae,g:Paraburkholderia,s:Paraburkholderia bryophila
ASV453	87.846	469	49	8	1	465	306	770	6.76e-154	544	tax=d:Bacteria,p:Proteobacteria,c:Betaproteobacteria,o:Burkholderiales,f:Comamonadaceae,g:LJID_g,s:AJ964894_s
ASV453	87.768	466	55	2	1	465	306	770	6.76e-154	544	tax=d:Bacteria,p:Proteobacteria,c:Gammaproteobacteria,o:Steroidobacter_o,f:DQ984612_f,g:AB252883_g,s:AJ582040_s
ASV453	87.846	469	49	7	1	465	287	751	6.76e-154	544	tax=d:Bacteria,p:Proteobacteria,c:Betaproteobacteria,o:Burkholderiales,f:Burkholderiaceae,g:Paraburkholderia,s:Paraburkholderia caryophylli
ASV453	87.846	469	49	8	1	465	308	772	6.76e-154	544	tax=d:Bacteria,p:Proteobacteria,c:Betaproteobacteria,o:Burkholderiales,f:Comamonadaceae,g:Caldimonas,s:Caldimonas manganoxidans
ASV453	87.794	467	52	5	1	465	245	708	2.43e-153	542	tax=d:Bacteria,p:Proteobacteria,c:Betaproteobacteria,o:Burkholderiales,f:Burkholderiaceae,g:Burkholderia,s:Burkholderia ubonensis
ASV453	87.607	468	52	5	1	465	308	772	2.43e-153	542	tax=d:Bacteria,p:Proteobacteria,c:Betaproteobacteria,o:Burkholderiales,f:Burkholderiaceae,g:Paraburkholderia,s:Paraburkholderia hospita
ASV453	87.768	466	53	4	1	465	315	777	2.43e-153	542	tax=d:Bacteria,p:Proteobacteria,c:Gammaproteobacteria,o:Acidiferrobacterales,f:Acidiferrobacteraceae,g:EU491360_g,s:AJ567603_s
ASV453	87.607	468	53	5	1	465	296	761	3.14e-152	538	tax=d:Bacteria,p:Proteobacteria,c:Gammaproteobacteria,o:Methylococcales,f:Methylothermaceae,g:Methylothermus,s:U89299_s
ASV453	87.580	467	54	4	1	465	301	765	3.14e-152	538	tax=d:Bacteria,p:Proteobacteria,c:Betaproteobacteria,o:Burkholderiales,f:Comamonadaceae,g:Ideonella,s:PAC002538_s
ASV453	87.686	471	46	11	1	465	311	775	3.14e-152	538	tax=d:Bacteria,p:Proteobacteria,c:Betaproteobacteria,o:Rhodocyclales,f:Zoogloeaceae,g:Thauera,s:MBFM_s
ASV453	87.527	465	58	0	1	465	312	776	3.14e-152	538	tax=d:Bacteria,p:Proteobacteria,c:Gammaproteobacteria,o:Chromatiales,f:Sedimenticola_f,g:Endoriftia,s:Thiodiazotropha endolucinida
ASV453	87.633	469	50	6	1	465	308	772	3.14e-152	538	tax=d:Bacteria,p:Proteobacteria,c:Betaproteobacteria,o:Burkholderiales,f:Burkholderiaceae,g:Paraburkholderia,s:Paraburkholderia ginsengiterrae
ASV453	87.660	470	49	9	1	465	308	773	3.14e-152	538	tax=d:Bacteria,p:Proteobacteria,c:Betaproteobacteria,o:Burkholderiales,f:Burkholderiaceae,g:Caballeronia,s:LFJI_s
ASV453	87.633	469	50	8	1	465	309	773	3.14e-152	538	tax=d:Bacteria,p:Proteobacteria,c:Betaproteobacteria,o:Burkholderiales,f:Comamonadaceae,g:Azohydromonas,s:Azohydromonas riparia
ASV453	87.580	467	54	4	1	465	308	772	3.14e-152	538	tax=d:Bacteria,p:Proteobacteria,c:Betaproteobacteria,o:Burkholderiales,f:Burkholderiaceae,g:Paraburkholderia,s:Paraburkholderia caffeinilytica
ASV453	87.660	470	48	9	1	465	306	770	3.14e-152	538	tax=d:Bacteria,p:Proteobacteria,c:Betaproteobacteria,o:Neisseriales,f:Neisseriaceae,g:Chitinimonas,s:Chitinimonas prasina
ASV453	87.580	467	54	4	1	465	310	774	3.14e-152	538	tax=d:Bacteria,p:Proteobacteria,c:Betaproteobacteria,o:Burkholderiales,f:Burkholderiaceae,g:Burkholderia,s:Burkholderia rinojensis
ASV453	87.633	469	50	8	1	465	310	774	3.14e-152	538	tax=d:Bacteria,p:Proteobacteria,c:Betaproteobacteria,o:Neisseriales,f:Neisseriaceae,g:Chromobacterium,s:Chromobacterium amazonense
ASV453	87.580	467	54	4	1	465	280	744	3.14e-152	538	tax=d:Bacteria,p:Proteobacteria,c:Betaproteobacteria,o:Burkholderiales,f:Burkholderiaceae,g:Paraburkholderia,s:Paraburkholderia aspalathi
