ASV813	99.349	461	3	0	1	461	309	769	0.0	835	tax=d:Bacteria,p:Bacteroidetes,c:Flavobacteria,o:Flavobacteriales,f:Flavobacteriaceae,g:Flavobacterium,s:Flavobacterium lindanitolerans
ASV813	94.156	462	25	2	1	461	306	766	0.0	702	tax=d:Bacteria,p:Bacteroidetes,c:Flavobacteria,o:Flavobacteriales,f:Flavobacteriaceae,g:Flavobacterium,s:JQ625019_s
ASV813	94.168	463	23	4	1	461	305	765	0.0	702	tax=d:Bacteria,p:Bacteroidetes,c:Flavobacteria,o:Flavobacteriales,f:Flavobacteriaceae,g:Flavobacterium,s:JF201382_s
ASV813	94.156	462	25	2	1	461	309	769	0.0	702	tax=d:Bacteria,p:Bacteroidetes,c:Flavobacteria,o:Flavobacteriales,f:Flavobacteriaceae,g:Flavobacterium,s:JF136008_s
ASV813	94.143	461	27	0	1	461	307	767	0.0	702	tax=d:Bacteria,p:Bacteroidetes,c:Flavobacteria,o:Flavobacteriales,f:Flavobacteriaceae,g:Flavobacterium,s:Flavobacterium phragmitis
ASV813	94.156	462	25	2	1	461	309	769	0.0	702	tax=d:Bacteria,p:Bacteroidetes,c:Flavobacteria,o:Flavobacteriales,f:Flavobacteriaceae,g:Flavobacterium,s:FJ667559_s
ASV813	93.926	461	28	0	1	461	309	769	0.0	697	tax=d:Bacteria,p:Bacteroidetes,c:Flavobacteria,o:Flavobacteriales,f:Flavobacteriaceae,g:Flavobacterium,s:JF185780_s
ASV813	93.939	462	26	2	1	461	309	769	0.0	697	tax=d:Bacteria,p:Bacteroidetes,c:Flavobacteria,o:Flavobacteriales,f:Flavobacteriaceae,g:Flavobacterium,s:JF087312_s
ASV813	93.926	461	28	0	1	461	309	769	0.0	697	tax=d:Bacteria,p:Bacteroidetes,c:Flavobacteria,o:Flavobacteriales,f:Flavobacteriaceae,g:Flavobacterium,s:JF048491_s
ASV813	93.939	462	26	2	1	461	309	769	0.0	697	tax=d:Bacteria,p:Bacteroidetes,c:Flavobacteria,o:Flavobacteriales,f:Flavobacteriaceae,g:Flavobacterium,s:AM697060_s
ASV813	93.709	461	29	0	1	461	309	769	0.0	691	tax=d:Bacteria,p:Bacteroidetes,c:Flavobacteria,o:Flavobacteriales,f:Flavobacteriaceae,g:Flavobacterium,s:KC011118_s
ASV813	93.709	461	29	0	1	461	283	743	0.0	691	tax=d:Bacteria,p:Bacteroidetes,c:Flavobacteria,o:Flavobacteriales,f:Flavobacteriaceae,g:Flavobacterium,s:Flavobacterium caeni
ASV813	93.521	463	26	4	1	461	297	757	0.0	686	tax=d:Bacteria,p:Bacteroidetes,c:Flavobacteria,o:Flavobacteriales,f:Flavobacteriaceae,g:Flavobacterium,s:JQ798511_s
ASV813	93.492	461	30	0	1	461	309	769	0.0	686	tax=d:Bacteria,p:Bacteroidetes,c:Flavobacteria,o:Flavobacteriales,f:Flavobacteriaceae,g:Flavobacterium,s:Flavobacterium urocaniciphilum
ASV813	93.492	461	30	0	1	461	309	769	0.0	686	tax=d:Bacteria,p:Bacteroidetes,c:Flavobacteria,o:Flavobacteriales,f:Flavobacteriaceae,g:Flavobacterium,s:JF017009_s
ASV813	93.290	462	29	2	1	461	309	769	0.0	680	tax=d:Bacteria,p:Bacteroidetes,c:Flavobacteria,o:Flavobacteriales,f:Flavobacteriaceae,g:Flavobacterium,s:NOXX_s
ASV813	93.290	462	29	2	1	461	309	769	0.0	680	tax=d:Bacteria,p:Bacteroidetes,c:Flavobacteria,o:Flavobacteriales,f:Flavobacteriaceae,g:Flavobacterium,s:JF237127_s
ASV813	93.275	461	31	0	1	461	307	767	0.0	680	tax=d:Bacteria,p:Bacteroidetes,c:Flavobacteria,o:Flavobacteriales,f:Flavobacteriaceae,g:Flavobacterium,s:HQ190432_s
ASV813	93.059	461	32	0	1	461	307	767	0.0	675	tax=d:Bacteria,p:Bacteroidetes,c:Flavobacteria,o:Flavobacteriales,f:Flavobacteriaceae,g:Flavobacterium,s:Flavobacterium tistrianum
ASV813	93.074	462	30	2	1	461	307	767	0.0	675	tax=d:Bacteria,p:Bacteroidetes,c:Flavobacteria,o:Flavobacteriales,f:Flavobacteriaceae,g:Flavobacterium,s:JF027028_s
ASV813	93.074	462	30	2	1	461	309	769	0.0	675	tax=d:Bacteria,p:Bacteroidetes,c:Flavobacteria,o:Flavobacteriales,f:Flavobacteriaceae,g:Flavobacterium,s:HQ682052_s
ASV813	93.074	462	30	2	1	461	274	734	0.0	675	tax=d:Bacteria,p:Bacteroidetes,c:Flavobacteria,o:Flavobacteriales,f:Flavobacteriaceae,g:Flavobacterium,s:Flavobacterium oryzae
ASV813	93.059	461	32	0	1	461	298	758	0.0	675	tax=d:Bacteria,p:Bacteroidetes,c:Flavobacteria,o:Flavobacteriales,f:Flavobacteriaceae,g:Flavobacterium,s:AY212611_s
ASV813	92.842	461	33	0	1	461	288	748	0.0	669	tax=d:Bacteria,p:Bacteroidetes,c:Flavobacteria,o:Flavobacteriales,f:Flavobacteriaceae,g:Flavobacterium,s:Flavobacterium dispersum
ASV813	92.873	463	29	4	1	461	309	769	0.0	669	tax=d:Bacteria,p:Bacteroidetes,c:Flavobacteria,o:Flavobacteriales,f:Flavobacteriaceae,g:Flavobacterium,s:Flavobacterium phocarum
ASV813	92.842	461	33	0	1	461	306	766	0.0	669	tax=d:Bacteria,p:Bacteroidetes,c:Flavobacteria,o:Flavobacteriales,f:Flavobacteriaceae,g:Flavobacterium,s:Flavobacterium nitrogenifigens
ASV813	92.857	462	31	2	1	461	293	753	0.0	669	tax=d:Bacteria,p:Bacteroidetes,c:Flavobacteria,o:Flavobacteriales,f:Flavobacteriaceae,g:Flavobacterium,s:Flavobacterium daemonensis
ASV813	92.873	463	29	4	1	461	305	765	0.0	669	tax=d:Bacteria,p:Bacteroidetes,c:Flavobacteria,o:Flavobacteriales,f:Flavobacteriaceae,g:Flavobacterium,s:JX114402_s
ASV813	92.857	462	31	2	1	461	309	769	0.0	669	tax=d:Bacteria,p:Bacteroidetes,c:Flavobacteria,o:Flavobacteriales,f:Flavobacteriaceae,g:Flavobacterium,s:Flavobacterium haoranii
ASV813	92.842	461	33	0	1	461	307	767	0.0	669	tax=d:Bacteria,p:Bacteroidetes,c:Flavobacteria,o:Flavobacteriales,f:Flavobacteriaceae,g:Flavobacterium,s:Flavobacterium defluvii
ASV813	92.857	462	32	1	1	461	309	770	0.0	669	tax=d:Bacteria,p:Bacteroidetes,c:Flavobacteria,o:Flavobacteriales,f:Flavobacteriaceae,g:Flavobacterium,s:JF067324_s
ASV813	92.842	461	33	0	1	461	309	769	0.0	669	tax=d:Bacteria,p:Bacteroidetes,c:Flavobacteria,o:Flavobacteriales,f:Flavobacteriaceae,g:Flavobacterium,s:JF028817_s
ASV813	92.842	461	33	0	1	461	281	741	0.0	669	tax=d:Bacteria,p:Bacteroidetes,c:Flavobacteria,o:Flavobacteriales,f:Flavobacteriaceae,g:Flavobacterium,s:Flavobacterium ginsengisoli
ASV813	92.842	461	33	0	1	461	280	740	0.0	669	tax=d:Bacteria,p:Bacteroidetes,c:Flavobacteria,o:Flavobacteriales,f:Flavobacteriaceae,g:Flavobacterium,s:Flavobacterium ginsenosidimutans
ASV813	92.857	462	31	2	1	461	305	765	0.0	669	tax=d:Bacteria,p:Bacteroidetes,c:Flavobacteria,o:Flavobacteriales,f:Flavobacteriaceae,g:Flavobacterium,s:FR772062_s
ASV813	92.842	461	33	0	1	461	307	767	0.0	669	tax=d:Bacteria,p:Bacteroidetes,c:Flavobacteria,o:Flavobacteriales,f:Flavobacteriaceae,g:Flavobacterium,s:EU104097_s
ASV813	92.842	461	33	0	1	461	309	769	0.0	669	tax=d:Bacteria,p:Bacteroidetes,c:Flavobacteria,o:Flavobacteriales,f:Flavobacteriaceae,g:Flavobacterium,s:Flavobacterium longum
ASV813	92.857	462	31	2	1	461	307	767	0.0	669	tax=d:Bacteria,p:Bacteroidetes,c:Flavobacteria,o:Flavobacteriales,f:Flavobacteriaceae,g:Flavobacterium,s:AB544005_s
ASV813	92.842	461	33	0	1	461	307	767	0.0	669	tax=d:Bacteria,p:Bacteroidetes,c:Flavobacteria,o:Flavobacteriales,f:Flavobacteriaceae,g:Flavobacterium,s:AB465579_s
ASV813	92.625	461	34	0	1	461	309	769	0.0	664	tax=d:Bacteria,p:Bacteroidetes,c:Flavobacteria,o:Flavobacteriales,f:Flavobacteriaceae,g:Flavobacterium,s:Flavobacterium fulvum
ASV813	92.625	461	34	0	1	461	309	769	0.0	664	tax=d:Bacteria,p:Bacteroidetes,c:Flavobacteria,o:Flavobacteriales,f:Flavobacteriaceae,g:Flavobacterium,s:Flavobacterium orientale
ASV813	92.657	463	30	4	1	461	307	767	0.0	664	tax=d:Bacteria,p:Bacteroidetes,c:Flavobacteria,o:Flavobacteriales,f:Flavobacteriaceae,g:Flavobacterium,s:Flavobacterium gossypii
ASV813	92.657	463	30	4	1	461	284	744	0.0	664	tax=d:Bacteria,p:Bacteroidetes,c:Flavobacteria,o:Flavobacteriales,f:Flavobacteriaceae,g:Flavobacterium,s:Flavobacterium endophyticum
ASV813	92.641	462	32	2	1	461	309	769	0.0	664	tax=d:Bacteria,p:Bacteroidetes,c:Flavobacteria,o:Flavobacteriales,f:Flavobacteriaceae,g:Flavobacterium,s:JF020030_s
ASV813	92.408	461	35	0	1	461	309	769	0.0	658	tax=d:Bacteria,p:Bacteroidetes,c:Flavobacteria,o:Flavobacteriales,f:Flavobacteriaceae,g:Flavobacterium,s:Flavobacterium lacus
ASV813	92.408	461	35	0	1	461	307	767	0.0	658	tax=d:Bacteria,p:Bacteroidetes,c:Flavobacteria,o:Flavobacteriales,f:Flavobacteriaceae,g:Flavobacterium,s:Flexibacter aurantiacus
ASV813	92.408	461	35	0	1	461	302	762	0.0	658	tax=d:Bacteria,p:Bacteroidetes,c:Flavobacteria,o:Flavobacteriales,f:Flavobacteriaceae,g:Flavobacterium,s:JF703530_s
ASV813	92.408	461	35	0	1	461	307	767	0.0	658	tax=d:Bacteria,p:Bacteroidetes,c:Flavobacteria,o:Flavobacteriales,f:Flavobacteriaceae,g:Flavobacterium,s:JF113180_s
ASV813	92.408	461	35	0	1	461	309	769	0.0	658	tax=d:Bacteria,p:Bacteroidetes,c:Flavobacteria,o:Flavobacteriales,f:Flavobacteriaceae,g:Flavobacterium,s:JF048978_s
ASV813	92.408	461	35	0	1	461	307	767	0.0	658	tax=d:Bacteria,p:Bacteroidetes,c:Flavobacteria,o:Flavobacteriales,f:Flavobacteriaceae,g:Flavobacterium,s:JF028121_s
ASV813	92.408	461	35	0	1	461	278	738	0.0	658	tax=d:Bacteria,p:Bacteroidetes,c:Flavobacteria,o:Flavobacteriales,f:Flavobacteriaceae,g:Flavobacterium,s:Flavobacterium tilapiae
ASV813	92.424	462	33	2	1	461	307	767	0.0	658	tax=d:Bacteria,p:Bacteroidetes,c:Flavobacteria,o:Flavobacteriales,f:Flavobacteriaceae,g:Flavobacterium,s:GQ079017_s
ASV813	92.441	463	31	4	1	461	307	767	0.0	658	tax=d:Bacteria,p:Bacteroidetes,c:Flavobacteria,o:Flavobacteriales,f:Flavobacteriaceae,g:Flavobacterium,s:GQ009431_s
ASV813	92.441	463	31	4	1	461	307	767	0.0	658	tax=d:Bacteria,p:Bacteroidetes,c:Flavobacteria,o:Flavobacteriales,f:Flavobacteriaceae,g:Flavobacterium,s:FJ849639_s
ASV813	92.408	461	35	0	1	461	279	739	0.0	658	tax=d:Bacteria,p:Bacteroidetes,c:Flavobacteria,o:Flavobacteriales,f:Flavobacteriaceae,g:Flavobacterium,s:EU599190_s
ASV813	92.408	461	35	0	1	461	307	767	0.0	658	tax=d:Bacteria,p:Bacteroidetes,c:Flavobacteria,o:Flavobacteriales,f:Flavobacteriaceae,g:Flavobacterium,s:Flavobacterium johnsoniae
ASV813	92.408	461	35	0	1	461	309	769	0.0	658	tax=d:Bacteria,p:Bacteroidetes,c:Flavobacteria,o:Flavobacteriales,f:Flavobacteriaceae,g:Flavobacterium,s:Flavobacterium enshiense
ASV813	92.191	461	36	0	1	461	290	750	0.0	652	tax=d:Bacteria,p:Bacteroidetes,c:Flavobacteria,o:Flavobacteriales,f:Flavobacteriaceae,g:Flavobacterium,s:Flavobacterium lacunae
ASV813	92.208	462	34	2	1	461	305	765	0.0	652	tax=d:Bacteria,p:Bacteroidetes,c:Flavobacteria,o:Flavobacteriales,f:Flavobacteriaceae,g:Flavobacterium,s:Flavobacterium soyangense
ASV813	92.191	461	36	0	1	461	309	769	0.0	652	tax=d:Bacteria,p:Bacteroidetes,c:Flavobacteria,o:Flavobacteriales,f:Flavobacteriaceae,g:Flavobacterium,s:Flavobacterium pedocola
ASV813	92.191	461	36	0	1	461	299	759	0.0	652	tax=d:Bacteria,p:Bacteroidetes,c:Flavobacteria,o:Flavobacteriales,f:Flavobacteriaceae,g:Flavobacterium,s:Flavobacterium ahnfeltiae
ASV813	92.191	461	36	0	1	461	307	767	0.0	652	tax=d:Bacteria,p:Bacteroidetes,c:Flavobacteria,o:Flavobacteriales,f:Flavobacteriaceae,g:Flavobacterium,s:Flavobacterium flevense
ASV813	92.208	462	34	2	1	461	305	765	0.0	652	tax=d:Bacteria,p:Bacteroidetes,c:Flavobacteria,o:Flavobacteriales,f:Flavobacteriaceae,g:Flavobacterium,s:GQ406174_s
ASV813	92.191	461	36	0	1	461	309	769	0.0	652	tax=d:Bacteria,p:Bacteroidetes,c:Flavobacteria,o:Flavobacteriales,f:Flavobacteriaceae,g:Flavobacterium,s:Flavobacterium antarcticum
ASV813	92.191	461	36	0	1	461	290	750	0.0	652	tax=d:Bacteria,p:Bacteroidetes,c:Flavobacteria,o:Flavobacteriales,f:Flavobacteriaceae,g:Flavobacterium,s:Flavobacterium anhuiense
ASV813	92.208	462	34	2	1	461	309	769	0.0	652	tax=d:Bacteria,p:Bacteroidetes,c:Flavobacteria,o:Flavobacteriales,f:Flavobacteriaceae,g:Flavobacterium,s:Flavobacterium soli
ASV813	92.191	461	36	0	1	461	309	769	0.0	652	tax=d:Bacteria,p:Bacteroidetes,c:Flavobacteria,o:Flavobacteriales,f:Flavobacteriaceae,g:Flavobacterium,s:Flavobacterium maris
ASV813	92.009	463	35	2	1	461	307	769	0.0	649	tax=d:Bacteria,p:Bacteroidetes,c:Flavobacteria,o:Flavobacteriales,f:Flavobacteriaceae,g:Flavobacterium,s:EF632774_s
ASV813	91.974	461	37	0	1	461	276	736	0.0	647	tax=d:Bacteria,p:Bacteroidetes,c:Flavobacteria,o:Flavobacteriales,f:Flavobacteriaceae,g:Flavobacterium,s:Flavobacterium tyrosinilyticum
ASV813	91.974	461	37	0	1	461	275	735	0.0	647	tax=d:Bacteria,p:Bacteroidetes,c:Flavobacteria,o:Flavobacteriales,f:Flavobacteriaceae,g:Flavobacterium,s:Flavobacterium arsenatis
ASV813	91.974	461	37	0	1	461	307	767	0.0	647	tax=d:Bacteria,p:Bacteroidetes,c:Flavobacteria,o:Flavobacteriales,f:Flavobacteriaceae,g:Flavobacterium,s:Flavobacterium procerum
ASV813	91.974	461	37	0	1	461	307	767	0.0	647	tax=d:Bacteria,p:Bacteroidetes,c:Flavobacteria,o:Flavobacteriales,f:Flavobacteriaceae,g:Flavobacterium,s:Flavobacterium gilvum
ASV813	91.974	461	37	0	1	461	307	767	0.0	647	tax=d:Bacteria,p:Bacteroidetes,c:Flavobacteria,o:Flavobacteriales,f:Flavobacteriaceae,g:Flavobacterium,s:Flavobacterium kyungheense
ASV813	91.974	461	37	0	1	461	307	767	0.0	647	tax=d:Bacteria,p:Bacteroidetes,c:Flavobacteria,o:Flavobacteriales,f:Flavobacteriaceae,g:Flavobacterium,s:Flavobacterium cucumis
ASV813	91.974	461	37	0	1	461	307	767	0.0	647	tax=d:Bacteria,p:Bacteroidetes,c:Flavobacteria,o:Flavobacteriales,f:Flavobacteriaceae,g:Flavobacterium,s:HQ230115_s
ASV813	91.991	462	35	2	1	461	309	769	0.0	647	tax=d:Bacteria,p:Bacteroidetes,c:Flavobacteria,o:Flavobacteriales,f:Flavobacteriaceae,g:Flavobacterium,s:GU305717_s
ASV813	91.974	461	37	0	1	461	309	769	0.0	647	tax=d:Bacteria,p:Bacteroidetes,c:Flavobacteria,o:Flavobacteriales,f:Flavobacteriaceae,g:Flavobacterium,s:Flavobacterium ponti
ASV813	91.974	461	37	0	1	461	307	767	0.0	647	tax=d:Bacteria,p:Bacteroidetes,c:Flavobacteria,o:Flavobacteriales,f:Flavobacteriaceae,g:Flavobacterium,s:Flavobacterium banpakuense
ASV813	91.974	461	37	0	1	461	309	769	0.0	647	tax=d:Bacteria,p:Bacteroidetes,c:Flavobacteria,o:Flavobacteriales,f:Flavobacteriaceae,g:Flavobacterium,s:FR772227_s
ASV813	91.974	461	37	0	1	461	306	766	0.0	647	tax=d:Bacteria,p:Bacteroidetes,c:Flavobacteria,o:Flavobacteriales,f:Flavobacteriaceae,g:Flavobacterium,s:Cytophaga massiliensis
ASV813	91.974	461	37	0	1	461	310	770	0.0	647	tax=d:Bacteria,p:Bacteroidetes,c:Flavobacteria,o:Flavobacteriales,f:Flavobacteriaceae,g:Flavobacterium,s:AY436806_s
ASV813	91.974	461	37	0	1	461	304	764	0.0	647	tax=d:Bacteria,p:Bacteroidetes,c:Flavobacteria,o:Flavobacteriales,f:Flavobacteriaceae,g:Flavobacterium,s:Flavobacterium denitrificans
ASV813	91.757	461	38	0	1	461	305	765	0.0	641	tax=d:Bacteria,p:Bacteroidetes,c:Flavobacteria,o:Flavobacteriales,f:Flavobacteriaceae,g:Flavobacterium,s:Flavobacterium luteum
ASV813	91.757	461	38	0	1	461	309	769	0.0	641	tax=d:Bacteria,p:Bacteroidetes,c:Flavobacteria,o:Flavobacteriales,f:Flavobacteriaceae,g:Flavobacterium,s:Flavobacterium eburneum
ASV813	91.757	461	38	0	1	461	307	767	0.0	641	tax=d:Bacteria,p:Bacteroidetes,c:Flavobacteria,o:Flavobacteriales,f:Flavobacteriaceae,g:Flavobacterium,s:Flavobacterium suzhouense
ASV813	91.757	461	38	0	1	461	306	766	0.0	641	tax=d:Bacteria,p:Bacteroidetes,c:Flavobacteria,o:Flavobacteriales,f:Flavobacteriaceae,g:Flavobacterium,s:Flavobacterium shanxiense
ASV813	91.757	461	38	0	1	461	309	769	0.0	641	tax=d:Bacteria,p:Bacteroidetes,c:Flavobacteria,o:Flavobacteriales,f:Flavobacteriaceae,g:Flavobacterium,s:Flavobacterium qiangtangense
ASV813	91.757	461	38	0	1	461	309	769	0.0	641	tax=d:Bacteria,p:Bacteroidetes,c:Flavobacteria,o:Flavobacteriales,f:Flavobacteriaceae,g:Flavobacterium,s:Flavobacterium suncheonense
ASV813	91.775	462	36	2	1	461	307	767	0.0	641	tax=d:Bacteria,p:Bacteroidetes,c:Flavobacteria,o:Flavobacteriales,f:Flavobacteriaceae,g:Flavobacterium,s:Flavobacterium fluvii
ASV813	91.775	462	36	2	1	461	307	767	0.0	641	tax=d:Bacteria,p:Bacteroidetes,c:Flavobacteria,o:Flavobacteriales,f:Flavobacteriaceae,g:Flavobacterium,s:Flavobacterium segetis
ASV813	91.757	461	38	0	1	461	307	767	0.0	641	tax=d:Bacteria,p:Bacteroidetes,c:Flavobacteria,o:Flavobacteriales,f:Flavobacteriaceae,g:Flavobacterium,s:Flavobacterium jumunjinense
ASV813	91.757	461	38	0	1	461	307	767	0.0	641	tax=d:Bacteria,p:Bacteroidetes,c:Flavobacteria,o:Flavobacteriales,f:Flavobacteriaceae,g:Flavobacterium,s:JARP_s
ASV813	91.757	461	38	0	1	461	305	765	0.0	641	tax=d:Bacteria,p:Bacteroidetes,c:Flavobacteria,o:Flavobacteriales,f:Flavobacteriaceae,g:Flavobacterium,s:HQ327301_s
ASV813	91.757	461	38	0	1	461	280	740	0.0	641	tax=d:Bacteria,p:Bacteroidetes,c:Flavobacteria,o:Flavobacteriales,f:Flavobacteriaceae,g:Flavobacterium,s:Flavobacterium ginsengiterrae
ASV813	91.757	461	38	0	1	461	307	767	0.0	641	tax=d:Bacteria,p:Bacteroidetes,c:Flavobacteria,o:Flavobacteriales,f:Flavobacteriaceae,g:Flavobacterium,s:HM459713_s
ASV813	91.757	461	38	0	1	461	284	744	0.0	641	tax=d:Bacteria,p:Bacteroidetes,c:Flavobacteria,o:Flavobacteriales,f:Flavobacteriaceae,g:Flavobacterium,s:Flavobacterium myungsuense
ASV813	91.757	461	38	0	1	461	309	769	0.0	641	tax=d:Bacteria,p:Bacteroidetes,c:Flavobacteria,o:Flavobacteriales,f:Flavobacteriaceae,g:Flavobacterium,s:GQ084774_s
ASV813	91.775	462	36	2	1	461	309	769	0.0	641	tax=d:Bacteria,p:Bacteroidetes,c:Flavobacteria,o:Flavobacteriales,f:Flavobacteriaceae,g:Flavobacterium,s:GQ000816_s
ASV813	91.757	461	38	0	1	461	309	769	0.0	641	tax=d:Bacteria,p:Bacteroidetes,c:Flavobacteria,o:Flavobacteriales,f:Flavobacteriaceae,g:Flavobacterium,s:FR772225_s
ASV813	91.757	461	38	0	1	461	305	765	0.0	641	tax=d:Bacteria,p:Bacteroidetes,c:Flavobacteria,o:Flavobacteriales,f:Flavobacteriaceae,g:Flavobacterium,s:DQ202147_s
ASV813	91.793	463	34	4	1	461	305	765	0.0	641	tax=d:Bacteria,p:Bacteroidetes,c:Flavobacteria,o:Flavobacteriales,f:Flavobacteriaceae,g:Flavobacterium,s:Flavobacterium tegetincola
ASV813	91.757	461	38	0	1	461	309	769	0.0	641	tax=d:Bacteria,p:Bacteroidetes,c:Flavobacteria,o:Flavobacteriales,f:Flavobacteriaceae,g:Flavobacterium,s:Flavobacterium gelidilacus
ASV813	91.793	463	33	5	1	461	282	741	0.0	640	tax=d:Bacteria,p:Bacteroidetes,c:Flavobacteria,o:Flavobacteriales,f:Flavobacteriaceae,g:Flavobacterium,s:Flavobacterium dongtanense
ASV813	91.631	466	32	7	1	461	307	770	0.0	638	tax=d:Bacteria,p:Bacteroidetes,c:Flavobacteria,o:Flavobacteriales,f:Flavobacteriaceae,g:Flavobacterium,s:EU037323_s
ASV813	91.540	461	39	0	1	461	309	769	0.0	636	tax=d:Bacteria,p:Bacteroidetes,c:Flavobacteria,o:Flavobacteriales,f:Flavobacteriaceae,g:Flavobacterium,s:Flavobacterium flaviflagrans
ASV813	91.540	461	39	0	1	461	276	736	0.0	636	tax=d:Bacteria,p:Bacteroidetes,c:Flavobacteria,o:Flavobacteriales,f:Flavobacteriaceae,g:Flavobacterium,s:Flavobacterium quisquiliarum
ASV813	91.540	461	39	0	1	461	309	769	0.0	636	tax=d:Bacteria,p:Bacteroidetes,c:Flavobacteria,o:Flavobacteriales,f:Flavobacteriaceae,g:Flavobacterium,s:Flavobacterium luticocti
ASV813	91.540	461	39	0	1	461	308	768	0.0	636	tax=d:Bacteria,p:Bacteroidetes,c:Flavobacteria,o:Flavobacteriales,f:Flavobacteriaceae,g:Flavobacterium,s:Flavobacterium humicola
ASV813	91.577	463	35	4	1	461	301	761	0.0	636	tax=d:Bacteria,p:Bacteroidetes,c:Flavobacteria,o:Flavobacteriales,f:Flavobacteriaceae,g:Flavobacterium,s:Flavobacterium jejuense
ASV813	91.540	461	39	0	1	461	307	767	0.0	636	tax=d:Bacteria,p:Bacteroidetes,c:Flavobacteria,o:Flavobacteriales,f:Flavobacteriaceae,g:Flavobacterium,s:JX114378_s
ASV813	91.558	462	37	2	1	461	309	769	0.0	636	tax=d:Bacteria,p:Bacteroidetes,c:Flavobacteria,o:Flavobacteriales,f:Flavobacteriaceae,g:Myroides,s:Myroides xuanwuensis
ASV813	91.540	461	39	0	1	461	309	769	0.0	636	tax=d:Bacteria,p:Bacteroidetes,c:Flavobacteria,o:Flavobacteriales,f:Flavobacteriaceae,g:Flavobacterium,s:Flavobacterium fontis
ASV813	91.540	461	39	0	1	461	307	767	0.0	636	tax=d:Bacteria,p:Bacteroidetes,c:Flavobacteria,o:Flavobacteriales,f:Flavobacteriaceae,g:Flavobacterium,s:Flavobacterium glycines
ASV813	91.558	462	37	2	1	461	308	768	0.0	636	tax=d:Bacteria,p:Bacteroidetes,c:Flavobacteria,o:Flavobacteriales,f:Flavobacteriaceae,g:Flavobacterium,s:Flavobacterium rakeshii
ASV813	91.540	461	39	0	1	461	305	765	0.0	636	tax=d:Bacteria,p:Bacteroidetes,c:Flavobacteria,o:Flavobacteriales,f:Flavobacteriaceae,g:Flavobacterium,s:JF016434_s
ASV813	91.577	463	35	4	1	461	309	769	0.0	636	tax=d:Bacteria,p:Bacteroidetes,c:Flavobacteria,o:Flavobacteriales,f:Flavobacteriaceae,g:Flavobacterium,s:HM128526_s
ASV813	91.540	461	39	0	1	461	305	765	0.0	636	tax=d:Bacteria,p:Bacteroidetes,c:Flavobacteria,o:Flavobacteriales,f:Flavobacteriaceae,g:Flavobacterium,s:HM016166_s
ASV813	91.540	461	39	0	1	461	309	769	0.0	636	tax=d:Bacteria,p:Bacteroidetes,c:Flavobacteria,o:Flavobacteriales,f:Flavobacteriaceae,g:Flavobacterium,s:GU593613_s
ASV813	91.558	462	37	2	1	461	308	768	0.0	636	tax=d:Bacteria,p:Bacteroidetes,c:Flavobacteria,o:Flavobacteriales,f:Flavobacteriaceae,g:Flavobacterium,s:Flavobacterium beibuense
ASV813	91.577	463	35	4	1	461	281	741	0.0	636	tax=d:Bacteria,p:Bacteroidetes,c:Flavobacteria,o:Flavobacteriales,f:Flavobacteriaceae,g:Flavobacterium,s:Flavobacterium yonginense
ASV813	91.540	461	39	0	1	461	277	737	0.0	636	tax=d:Bacteria,p:Bacteroidetes,c:Flavobacteria,o:Flavobacteriales,f:Flavobacteriaceae,g:Flavobacterium,s:FN421997_s
ASV813	91.577	463	35	4	1	461	309	769	0.0	636	tax=d:Bacteria,p:Bacteroidetes,c:Flavobacteria,o:Flavobacteriales,f:Flavobacteriaceae,g:Flavobacterium,s:FJ820482_s
ASV813	91.558	462	37	2	1	461	307	767	0.0	636	tax=d:Bacteria,p:Bacteroidetes,c:Flavobacteria,o:Flavobacteriales,f:Flavobacteriaceae,g:Flavobacterium,s:EU008825_s
ASV813	91.577	463	35	4	1	461	309	769	0.0	636	tax=d:Bacteria,p:Bacteroidetes,c:Flavobacteria,o:Flavobacteriales,f:Flavobacteriaceae,g:Flavobacterium,s:DQ993338_s
ASV813	91.558	462	37	2	1	461	299	759	0.0	636	tax=d:Bacteria,p:Bacteroidetes,c:Flavobacteria,o:Flavobacteriales,f:Flavobacteriaceae,g:Myroides,s:Myroides odoratimimus
ASV813	91.503	459	39	0	3	461	309	767	1.39e-180	632	tax=d:Bacteria,p:Bacteroidetes,c:Flavobacteria,o:Flavobacteriales,f:Flavobacteriaceae,g:Flavobacterium,s:Flavobacterium palustre
ASV813	91.323	461	40	0	1	461	307	767	4.99e-180	630	tax=d:Bacteria,p:Bacteroidetes,c:Flavobacteria,o:Flavobacteriales,f:Flavobacteriaceae,g:Flavobacterium,s:LIAC_s
ASV813	91.342	462	38	2	1	461	300	760	4.99e-180	630	tax=d:Bacteria,p:Bacteroidetes,c:Flavobacteria,o:Flavobacteriales,f:Flavobacteriaceae,g:Flavobacterium,s:Flavobacterium inkyongense
ASV813	91.323	461	40	0	1	461	309	769	4.99e-180	630	tax=d:Bacteria,p:Bacteroidetes,c:Flavobacteria,o:Flavobacteriales,f:Flavobacteriaceae,g:Flavobacterium,s:JYGZ_s
ASV813	91.323	461	40	0	1	461	249	709	4.99e-180	630	tax=d:Bacteria,p:Bacteroidetes,c:Flavobacteria,o:Flavobacteriales,f:Flavobacteriaceae,g:Flavobacterium,s:Flavobacterium noncentrifugens
ASV813	91.323	461	40	0	1	461	307	767	4.99e-180	630	tax=d:Bacteria,p:Bacteroidetes,c:Flavobacteria,o:Flavobacteriales,f:Flavobacteriaceae,g:Flavobacterium,s:JN397767_s
ASV813	91.342	462	38	2	1	461	307	767	4.99e-180	630	tax=d:Bacteria,p:Bacteroidetes,c:Flavobacteria,o:Flavobacteriales,f:Flavobacteriaceae,g:Flavobacterium,s:Flavobacterium cutihirudinis
ASV813	91.342	462	38	2	1	461	307	767	4.99e-180	630	tax=d:Bacteria,p:Bacteroidetes,c:Flavobacteria,o:Flavobacteriales,f:Flavobacteriaceae,g:Flavobacterium,s:Flavobacterium weaverense
ASV813	91.342	462	38	2	1	461	309	769	4.99e-180	630	tax=d:Bacteria,p:Bacteroidetes,c:Flavobacteria,o:Flavobacteriales,f:Flavobacteriaceae,g:Flavobacterium,s:Flavobacterium terrae
ASV813	91.323	461	40	0	1	461	280	740	4.99e-180	630	tax=d:Bacteria,p:Bacteroidetes,c:Flavobacteria,o:Flavobacteriales,f:Flavobacteriaceae,g:Flavobacterium,s:HM135522_s
ASV813	91.323	461	40	0	1	461	309	769	4.99e-180	630	tax=d:Bacteria,p:Bacteroidetes,c:Flavobacteria,o:Flavobacteriales,f:Flavobacteriaceae,g:Flavobacterium,s:GQ009789_s
ASV813	91.323	461	40	0	1	461	305	765	4.99e-180	630	tax=d:Bacteria,p:Bacteroidetes,c:Flavobacteria,o:Flavobacteriales,f:Flavobacteriaceae,g:Flavobacterium,s:EU703375_s
ASV813	91.323	461	40	0	1	461	307	767	4.99e-180	630	tax=d:Bacteria,p:Bacteroidetes,c:Flavobacteria,o:Flavobacteriales,f:Flavobacteriaceae,g:Flavobacterium,s:Flavobacterium commune
ASV813	91.342	462	38	2	1	461	309	769	4.99e-180	630	tax=d:Bacteria,p:Bacteroidetes,c:Flavobacteria,o:Flavobacteriales,f:Flavobacteriaceae,g:Myroides,s:Myroides profundi
ASV813	91.361	463	36	3	1	461	309	769	4.99e-180	630	tax=d:Bacteria,p:Bacteroidetes,c:Flavobacteria,o:Flavobacteriales,f:Flavobacteriaceae,g:Flavobacterium,s:Flavobacterium columnare
ASV813	91.342	462	37	3	1	461	299	758	1.80e-179	628	tax=d:Bacteria,p:Bacteroidetes,c:Flavobacteria,o:Flavobacteriales,f:Flavobacteriaceae,g:Flavobacterium,s:Flavobacterium brevivitae
ASV813	91.304	460	40	0	1	460	315	774	1.80e-179	628	tax=d:Bacteria,p:Bacteroidetes,c:Flavobacteria,o:Flavobacteriales,f:Flavobacteriaceae,g:Hyunsoonleella,s:Hyunsoonleella rubra
ASV813	91.126	462	39	2	1	461	309	769	6.46e-179	627	tax=d:Bacteria,p:Bacteroidetes,c:Flavobacteria,o:Flavobacteriales,f:Flavobacteriaceae,g:Flavobacterium,s:EU090722_s
ASV813	91.106	461	41	0	1	461	307	767	2.32e-178	625	tax=d:Bacteria,p:Bacteroidetes,c:Flavobacteria,o:Flavobacteriales,f:Flavobacteriaceae,g:Flavobacterium,s:Flavobacterium aquicola
ASV813	91.145	463	37	4	1	461	309	769	2.32e-178	625	tax=d:Bacteria,p:Bacteroidetes,c:Flavobacteria,o:Flavobacteriales,f:Flavobacteriaceae,g:Flavobacterium,s:Flavobacterium ardleyense
ASV813	91.126	462	39	2	1	461	309	769	2.32e-178	625	tax=d:Bacteria,p:Bacteroidetes,c:Flavobacteria,o:Flavobacteriales,f:Flavobacteriaceae,g:Flavobacterium,s:Flavobacterium cloacae
ASV813	91.145	463	38	3	1	461	282	743	2.32e-178	625	tax=d:Bacteria,p:Bacteroidetes,c:Flavobacteria,o:Flavobacteriales,f:Flavobacteriaceae,g:Flavobacterium,s:Flavobacterium vireti
ASV813	91.106	461	41	0	1	461	307	767	2.32e-178	625	tax=d:Bacteria,p:Bacteroidetes,c:Flavobacteria,o:Flavobacteriales,f:Flavobacteriaceae,g:Flavobacterium,s:Flavobacterium notoginsengisoli
ASV813	91.106	461	41	0	1	461	305	765	2.32e-178	625	tax=d:Bacteria,p:Bacteroidetes,c:Flavobacteria,o:Flavobacteriales,f:Flavobacteriaceae,g:Flavobacterium,s:JQ815859_s
ASV813	91.106	461	41	0	1	461	277	737	2.32e-178	625	tax=d:Bacteria,p:Bacteroidetes,c:Flavobacteria,o:Flavobacteriales,f:Flavobacteriaceae,g:Flavobacterium,s:Flavobacterium squillarum
ASV813	91.126	462	39	2	1	461	307	767	2.32e-178	625	tax=d:Bacteria,p:Bacteroidetes,c:Flavobacteria,o:Flavobacteriales,f:Flavobacteriaceae,g:Flavobacterium,s:Flavobacterium seoulense
ASV813	91.106	461	41	0	1	461	306	766	2.32e-178	625	tax=d:Bacteria,p:Bacteroidetes,c:Flavobacteria,o:Flavobacteriales,f:Flavobacteriaceae,g:Flavobacterium,s:Flavobacterium akiainvivens
ASV813	91.106	461	41	0	1	461	305	765	2.32e-178	625	tax=d:Bacteria,p:Bacteroidetes,c:Flavobacteria,o:Flavobacteriales,f:Flavobacteriaceae,g:Flavobacterium,s:JF733435_s
ASV813	91.164	464	35	6	1	461	305	765	2.32e-178	625	tax=d:Bacteria,p:Bacteroidetes,c:Flavobacteria,o:Flavobacteriales,f:Flavobacteriaceae,g:Flavobacterium,s:JF119416_s
ASV813	91.106	461	41	0	1	461	309	769	2.32e-178	625	tax=d:Bacteria,p:Bacteroidetes,c:Flavobacteria,o:Flavobacteriales,f:Flavobacteriaceae,g:Flavobacterium,s:JF043118_s
ASV813	91.106	461	41	0	1	461	307	767	2.32e-178	625	tax=d:Bacteria,p:Bacteroidetes,c:Flavobacteria,o:Flavobacteriales,f:Flavobacteriaceae,g:Flavobacterium,s:HM459607_s
ASV813	91.106	461	41	0	1	461	307	767	2.32e-178	625	tax=d:Bacteria,p:Bacteroidetes,c:Flavobacteria,o:Flavobacteriales,f:Flavobacteriaceae,g:Flavobacterium,s:HM224427_s
ASV813	91.106	461	41	0	1	461	306	766	2.32e-178	625	tax=d:Bacteria,p:Bacteroidetes,c:Flavobacteria,o:Flavobacteriales,f:Flavobacteriaceae,g:Flavobacterium,s:HM128544_s
ASV813	91.126	462	39	2	1	461	307	767	2.32e-178	625	tax=d:Bacteria,p:Bacteroidetes,c:Flavobacteria,o:Flavobacteriales,f:Flavobacteriaceae,g:Flavobacterium,s:HM066413_s
ASV813	91.164	464	36	5	1	461	276	737	2.32e-178	625	tax=d:Bacteria,p:Bacteroidetes,c:Flavobacteria,o:Flavobacteriales,f:Flavobacteriaceae,g:Flavobacterium,s:Flavobacterium aquaticum
ASV813	91.106	461	41	0	1	461	305	765	2.32e-178	625	tax=d:Bacteria,p:Bacteroidetes,c:Flavobacteria,o:Flavobacteriales,f:Flavobacteriaceae,g:Flavobacterium,s:Flavobacterium compostarboris
ASV813	91.106	461	41	0	1	461	309	769	2.32e-178	625	tax=d:Bacteria,p:Bacteroidetes,c:Flavobacteria,o:Flavobacteriales,f:Flavobacteriaceae,g:Flavobacterium,s:GQ019803_s
ASV813	91.106	461	41	0	1	461	307	767	2.32e-178	625	tax=d:Bacteria,p:Bacteroidetes,c:Flavobacteria,o:Flavobacteriales,f:Flavobacteriaceae,g:Flavobacterium,s:FQWW_s
ASV813	91.106	461	41	0	1	461	309	769	2.32e-178	625	tax=d:Bacteria,p:Bacteroidetes,c:Flavobacteria,o:Flavobacteriales,f:Flavobacteriaceae,g:Flavobacterium,s:FM213047_s
ASV813	91.126	462	38	3	1	461	278	737	8.36e-178	623	tax=d:Bacteria,p:Bacteroidetes,c:Flavobacteria,o:Flavobacteriales,f:Flavobacteriaceae,g:Flavobacterium,s:Flavobacterium amniphilum
ASV813	91.145	463	34	7	1	461	305	762	8.36e-178	623	tax=d:Bacteria,p:Bacteroidetes,c:Flavobacteria,o:Flavobacteriales,f:Flavobacteriaceae,g:Flavobacterium,s:AY124339_s
ASV813	90.812	468	36	3	1	461	310	777	1.08e-176	619	tax=d:Bacteria,p:Bacteroidetes,c:Flavobacteria,o:Flavobacteriales,f:Flavobacteriaceae,g:Flavobacterium,s:Flavobacterium arsenitoxidans
ASV813	90.909	462	40	2	1	461	307	767	1.08e-176	619	tax=d:Bacteria,p:Bacteroidetes,c:Flavobacteria,o:Flavobacteriales,f:Flavobacteriaceae,g:Flavobacterium,s:JF148511_s
ASV813	90.909	462	40	2	1	461	307	767	1.08e-176	619	tax=d:Bacteria,p:Bacteroidetes,c:Flavobacteria,o:Flavobacteriales,f:Flavobacteriaceae,g:Flavobacterium,s:Flavobacterium chungbukense
ASV813	90.889	461	42	0	1	461	309	769	1.08e-176	619	tax=d:Bacteria,p:Bacteroidetes,c:Flavobacteria,o:Flavobacteriales,f:Flavobacteriaceae,g:Flavobacterium,s:HM557686_s
ASV813	90.889	461	42	0	1	461	305	765	1.08e-176	619	tax=d:Bacteria,p:Bacteroidetes,c:Flavobacteria,o:Flavobacteriales,f:Flavobacteriaceae,g:Flavobacterium,s:FJ849134_s
ASV813	90.929	463	38	4	1	461	309	769	1.08e-176	619	tax=d:Bacteria,p:Bacteroidetes,c:Flavobacteria,o:Flavobacteriales,f:Flavobacteriaceae,g:Flavobacterium,s:FJ671551_s
ASV813	90.929	463	38	4	1	461	260	720	1.08e-176	619	tax=d:Bacteria,p:Bacteroidetes,c:Flavobacteria,o:Flavobacteriales,f:Flavobacteriaceae,g:Flavobacterium,s:Flavobacterium sasangense
ASV813	90.889	461	40	1	1	461	277	735	3.89e-176	617	tax=d:Bacteria,p:Bacteroidetes,c:Flavobacteria,o:Flavobacteriales,f:Flavobacteriaceae,g:Flavobacterium,s:JN646106_s
ASV813	90.672	461	43	0	1	461	307	767	5.03e-175	614	tax=d:Bacteria,p:Bacteroidetes,c:Flavobacteria,o:Flavobacteriales,f:Flavobacteriaceae,g:Flavobacterium,s:Flavobacterium chilense
ASV813	90.672	461	43	0	1	461	307	767	5.03e-175	614	tax=d:Bacteria,p:Bacteroidetes,c:Flavobacteria,o:Flavobacteriales,f:Flavobacteriaceae,g:Flavobacterium,s:LMJB_s
ASV813	90.672	461	43	0	1	461	309	769	5.03e-175	614	tax=d:Bacteria,p:Bacteroidetes,c:Flavobacteria,o:Flavobacteriales,f:Flavobacteriaceae,g:Flavobacterium,s:Flavobacterium hibisci
ASV813	90.672	461	43	0	1	461	273	733	5.03e-175	614	tax=d:Bacteria,p:Bacteroidetes,c:Flavobacteria,o:Flavobacteriales,f:Flavobacteriaceae,g:Flavobacterium,s:Flavobacterium paronense
ASV813	90.693	462	41	2	1	461	307	767	5.03e-175	614	tax=d:Bacteria,p:Bacteroidetes,c:Flavobacteria,o:Flavobacteriales,f:Flavobacteriaceae,g:Flavobacterium,s:Flavobacterium keumense
ASV813	90.672	461	43	0	1	461	275	735	5.03e-175	614	tax=d:Bacteria,p:Bacteroidetes,c:Flavobacteria,o:Flavobacteriales,f:Flavobacteriaceae,g:Flavobacterium,s:JF958153_s
ASV813	90.693	462	41	2	1	461	309	769	5.03e-175	614	tax=d:Bacteria,p:Bacteroidetes,c:Flavobacteria,o:Flavobacteriales,f:Flavobacteriaceae,g:Flavobacterium,s:Flavobacterium anatoliense
ASV813	90.672	461	43	0	1	461	305	765	5.03e-175	614	tax=d:Bacteria,p:Bacteroidetes,c:Flavobacteria,o:Flavobacteriales,f:Flavobacteriaceae,g:Flavobacterium,s:JF747993_s
ASV813	90.693	462	41	2	1	461	306	766	5.03e-175	614	tax=d:Bacteria,p:Bacteroidetes,c:Flavobacteria,o:Flavobacteriales,f:Flavobacteriaceae,g:Flavobacterium,s:JF197296_s
ASV813	90.672	461	43	0	1	461	309	769	5.03e-175	614	tax=d:Bacteria,p:Bacteroidetes,c:Flavobacteria,o:Flavobacteriales,f:Flavobacteriaceae,g:Flavobacterium,s:JF048763_s
ASV813	90.693	462	41	2	1	461	305	765	5.03e-175	614	tax=d:Bacteria,p:Bacteroidetes,c:Flavobacteria,o:Flavobacteriales,f:Flavobacteriaceae,g:Flavobacterium,s:JF015966_s
ASV813	90.672	461	43	0	1	461	307	767	5.03e-175	614	tax=d:Bacteria,p:Bacteroidetes,c:Flavobacteria,o:Flavobacteriales,f:Flavobacteriaceae,g:Flavobacterium,s:Flavobacterium chungangense
ASV813	90.672	461	43	0	1	461	297	757	5.03e-175	614	tax=d:Bacteria,p:Bacteroidetes,c:Flavobacteria,o:Flavobacteriales,f:Flavobacteriaceae,g:Flavobacterium,s:Flavobacterium cheonhonense
ASV813	90.672	461	43	0	1	461	286	746	5.03e-175	614	tax=d:Bacteria,p:Bacteroidetes,c:Flavobacteria,o:Flavobacteriales,f:Flavobacteriaceae,g:Flavobacterium,s:GQ389788_s
ASV813	90.693	462	41	2	1	461	305	765	5.03e-175	614	tax=d:Bacteria,p:Bacteroidetes,c:Flavobacteria,o:Flavobacteriales,f:Flavobacteriaceae,g:Flavobacterium,s:FR772074_s
ASV813	90.693	462	41	2	1	461	309	769	5.03e-175	614	tax=d:Bacteria,p:Bacteroidetes,c:Flavobacteria,o:Flavobacteriales,f:Flavobacteriaceae,g:Flavobacterium,s:FJ820479_s
ASV813	90.693	462	41	2	1	461	309	769	5.03e-175	614	tax=d:Bacteria,p:Bacteroidetes,c:Flavobacteria,o:Flavobacteriales,f:Flavobacteriaceae,g:Flavobacterium,s:EU939430_s
ASV813	90.693	462	41	2	1	461	295	755	5.03e-175	614	tax=d:Bacteria,p:Bacteroidetes,c:Flavobacteria,o:Flavobacteriales,f:Flavobacteriaceae,g:Flavobacterium,s:Flavobacterium cheniae
ASV813	90.672	461	43	0	1	461	307	767	5.03e-175	614	tax=d:Bacteria,p:Bacteroidetes,c:Flavobacteria,o:Flavobacteriales,f:Flavobacteriaceae,g:Flavobacterium,s:AY947917_s
ASV813	90.733	464	37	6	1	461	307	767	5.03e-175	614	tax=d:Bacteria,p:Bacteroidetes,c:Flavobacteria,o:Flavobacteriales,f:Flavobacteriaceae,g:Flavobacterium,s:AJ440981_s
ASV813	90.476	462	41	2	1	461	307	766	5.03e-175	614	tax=d:Bacteria,p:Bacteroidetes,c:Flavobacteria,o:Flavobacteriales,f:Flavobacteriaceae,g:Flavobacterium,s:AF289165_s
ASV813	90.693	462	41	2	1	461	307	767	5.03e-175	614	tax=d:Bacteria,p:Bacteroidetes,c:Flavobacteria,o:Flavobacteriales,f:Flavobacteriaceae,g:Flavobacterium,s:AAXX_s
ASV813	90.693	462	40	3	1	461	309	768	1.81e-174	612	tax=d:Bacteria,p:Bacteroidetes,c:Flavobacteria,o:Flavobacteriales,f:Flavobacteriaceae,g:Flavobacterium,s:Flavobacterium filum
ASV813	90.497	463	42	2	1	461	309	771	6.51e-174	610	tax=d:Bacteria,p:Bacteroidetes,c:Flavobacteria,o:Flavobacteriales,f:Flavobacteriaceae,g:Flavobacterium,s:Flavobacterium lutivivi
ASV813	90.476	462	42	2	1	461	305	765	6.51e-174	610	tax=d:Bacteria,p:Bacteroidetes,c:Flavobacteria,o:Flavobacteriales,f:Flavobacteriaceae,g:Flavobacterium,s:JF204196_s
ASV813	90.456	461	44	0	1	461	307	767	2.34e-173	608	tax=d:Bacteria,p:Bacteroidetes,c:Flavobacteria,o:Flavobacteriales,f:Flavobacteriaceae,g:Flavobacterium,s:Flavobacterium tructae
ASV813	90.456	461	44	0	1	461	307	767	2.34e-173	608	tax=d:Bacteria,p:Bacteroidetes,c:Flavobacteria,o:Flavobacteriales,f:Flavobacteriaceae,g:Flavobacterium,s:Flavobacterium spartansii
ASV813	90.456	461	44	0	1	461	307	767	2.34e-173	608	tax=d:Bacteria,p:Bacteroidetes,c:Flavobacteria,o:Flavobacteriales,f:Flavobacteriaceae,g:Flavobacterium,s:MUFW_s
ASV813	90.456	461	44	0	1	461	307	767	2.34e-173	608	tax=d:Bacteria,p:Bacteroidetes,c:Flavobacteria,o:Flavobacteriales,f:Flavobacteriaceae,g:Flavobacterium,s:Flavobacterium limi
ASV813	90.476	462	42	2	1	461	309	769	2.34e-173	608	tax=d:Bacteria,p:Bacteroidetes,c:Flavobacteria,o:Flavobacteriales,f:Flavobacteriaceae,g:Flavobacterium,s:Flavobacterium arcticum
ASV813	90.456	461	44	0	1	461	309	769	2.34e-173	608	tax=d:Bacteria,p:Bacteroidetes,c:Flavobacteria,o:Flavobacteriales,f:Flavobacteriaceae,g:Flavobacterium,s:Flavobacterium terriphilum
ASV813	90.456	461	44	0	1	461	309	769	2.34e-173	608	tax=d:Bacteria,p:Bacteroidetes,c:Flavobacteria,o:Flavobacteriales,f:Flavobacteriaceae,g:Flavobacterium,s:JF232422_s
ASV813	90.456	461	44	0	1	461	309	769	2.34e-173	608	tax=d:Bacteria,p:Bacteroidetes,c:Flavobacteria,o:Flavobacteriales,f:Flavobacteriaceae,g:Flavobacterium,s:JF028614_s
ASV813	90.476	462	42	2	1	461	307	767	2.34e-173	608	tax=d:Bacteria,p:Bacteroidetes,c:Flavobacteria,o:Flavobacteriales,f:Flavobacteriaceae,g:Flavobacterium,s:Flavobacterium succinicans
ASV813	90.497	463	40	4	1	461	307	767	2.34e-173	608	tax=d:Bacteria,p:Bacteroidetes,c:Flavobacteria,o:Flavobacteriales,f:Flavobacteriaceae,g:Flavobacterium,s:HQ418452_s
ASV813	90.456	461	44	0	1	461	307	767	2.34e-173	608	tax=d:Bacteria,p:Bacteroidetes,c:Flavobacteria,o:Flavobacteriales,f:Flavobacteriaceae,g:Flavobacterium,s:Flavobacterium branchiicola
ASV813	90.517	464	38	6	1	461	307	767	2.34e-173	608	tax=d:Bacteria,p:Bacteroidetes,c:Flavobacteria,o:Flavobacteriales,f:Flavobacteriaceae,g:Flavobacterium,s:GU305841_s
ASV813	90.497	463	40	4	1	461	279	739	2.34e-173	608	tax=d:Bacteria,p:Bacteroidetes,c:Flavobacteria,o:Flavobacteriales,f:Flavobacteriaceae,g:Flavobacterium,s:Flavobacterium macrobrachii
ASV813	90.456	461	44	0	1	461	305	765	2.34e-173	608	tax=d:Bacteria,p:Bacteroidetes,c:Flavobacteria,o:Flavobacteriales,f:Flavobacteriaceae,g:Flavobacterium,s:EU662376_s
ASV813	90.456	461	44	0	1	461	307	767	2.34e-173	608	tax=d:Bacteria,p:Bacteroidetes,c:Flavobacteria,o:Flavobacteriales,f:Flavobacteriaceae,g:Flavobacterium,s:Flavobacterium daejeonense
ASV813	90.456	461	44	0	1	461	305	765	2.34e-173	608	tax=d:Bacteria,p:Bacteroidetes,c:Flavobacteria,o:Flavobacteriales,f:Flavobacteriaceae,g:Flavobacterium,s:AF534436_s
ASV813	90.476	462	41	3	1	461	307	766	8.42e-173	606	tax=d:Bacteria,p:Bacteroidetes,c:Flavobacteria,o:Flavobacteriales,f:Flavobacteriaceae,g:Flavobacterium,s:FJ517690_s
ASV813	90.239	461	45	0	1	461	307	767	1.09e-171	603	tax=d:Bacteria,p:Bacteroidetes,c:Flavobacteria,o:Flavobacteriales,f:Flavobacteriaceae,g:Flavobacterium,s:Flavobacterium plurextorum
ASV813	90.239	461	45	0	1	461	307	767	1.09e-171	603	tax=d:Bacteria,p:Bacteroidetes,c:Flavobacteria,o:Flavobacteriales,f:Flavobacteriaceae,g:Flavobacterium,s:Flavobacterium oncorhynchi
ASV813	90.260	462	43	2	1	461	305	765	1.09e-171	603	tax=d:Bacteria,p:Bacteroidetes,c:Flavobacteria,o:Flavobacteriales,f:Flavobacteriaceae,g:Flavobacterium,s:Flavobacterium branchiophilum
ASV813	90.239	461	45	0	1	461	307	767	1.09e-171	603	tax=d:Bacteria,p:Bacteroidetes,c:Flavobacteria,o:Flavobacteriales,f:Flavobacteriaceae,g:Flavobacterium,s:MLFK_s
ASV813	90.260	462	43	2	1	461	309	769	1.09e-171	603	tax=d:Bacteria,p:Bacteroidetes,c:Flavobacteria,o:Flavobacteriales,f:Flavobacteriaceae,g:Flavobacterium,s:Flavobacterium naphthae
ASV813	90.239	461	45	0	1	461	290	750	1.09e-171	603	tax=d:Bacteria,p:Bacteroidetes,c:Flavobacteria,o:Flavobacteriales,f:Flavobacteriaceae,g:Flavobacterium,s:Flavobacterium chuncheonense
ASV813	90.239	461	45	0	1	461	305	765	1.09e-171	603	tax=d:Bacteria,p:Bacteroidetes,c:Flavobacteria,o:Flavobacteriales,f:Flavobacteriaceae,g:Flavobacterium,s:Flavobacterium buctense
ASV813	90.239	461	45	0	1	461	307	767	1.09e-171	603	tax=d:Bacteria,p:Bacteroidetes,c:Flavobacteria,o:Flavobacteriales,f:Flavobacteriaceae,g:Flavobacterium,s:Flavobacterium maotaiense
ASV813	90.239	461	45	0	1	461	309	769	1.09e-171	603	tax=d:Bacteria,p:Bacteroidetes,c:Flavobacteria,o:Flavobacteriales,f:Flavobacteriaceae,g:Aequorivita,s:Aequorivita vladivostokensis
ASV813	90.239	461	45	0	1	461	307	767	1.09e-171	603	tax=d:Bacteria,p:Bacteroidetes,c:Flavobacteria,o:Flavobacteriales,f:Flavobacteriaceae,g:Flavobacterium,s:JQJY_s
ASV813	90.260	462	43	2	1	461	302	762	1.09e-171	603	tax=d:Bacteria,p:Bacteroidetes,c:Flavobacteria,o:Flavobacteriales,f:Flavobacteriaceae,g:Flavobacterium,s:JQ337603_s
ASV813	90.239	461	45	0	1	461	305	765	1.09e-171	603	tax=d:Bacteria,p:Bacteroidetes,c:Flavobacteria,o:Flavobacteriales,f:Flavobacteriaceae,g:Flavobacterium,s:JN656916_s
ASV813	90.239	461	45	0	1	461	307	767	1.09e-171	603	tax=d:Bacteria,p:Bacteroidetes,c:Flavobacteria,o:Flavobacteriales,f:Flavobacteriaceae,g:Flavobacterium,s:Flavobacterium pectinovorum
ASV813	90.281	463	41	4	1	461	305	765	1.09e-171	603	tax=d:Bacteria,p:Bacteroidetes,c:Flavobacteria,o:Flavobacteriales,f:Flavobacteriaceae,g:Flavobacterium,s:JF747894_s
ASV813	90.239	461	45	0	1	461	305	765	1.09e-171	603	tax=d:Bacteria,p:Bacteroidetes,c:Flavobacteria,o:Flavobacteriales,f:Flavobacteriaceae,g:Flavobacterium,s:JF231993_s
ASV813	90.260	462	43	2	1	461	309	769	1.09e-171	603	tax=d:Bacteria,p:Bacteroidetes,c:Flavobacteria,o:Flavobacteriales,f:Flavobacteriaceae,g:Flavobacterium,s:JF215644_s
ASV813	90.260	462	43	2	1	461	305	765	1.09e-171	603	tax=d:Bacteria,p:Bacteroidetes,c:Flavobacteria,o:Flavobacteriales,f:Flavobacteriaceae,g:Flavobacterium,s:JF190585_s
ASV813	90.239	461	45	0	1	461	307	767	1.09e-171	603	tax=d:Bacteria,p:Bacteroidetes,c:Flavobacteria,o:Flavobacteriales,f:Flavobacteriaceae,g:Flavobacterium,s:JF175410_s
ASV813	90.281	463	41	4	1	461	307	767	1.09e-171	603	tax=d:Bacteria,p:Bacteroidetes,c:Flavobacteria,o:Flavobacteriales,f:Flavobacteriaceae,g:Flavobacterium,s:JF047566_s
ASV813	90.281	463	41	4	1	461	307	767	1.09e-171	603	tax=d:Bacteria,p:Bacteroidetes,c:Flavobacteria,o:Flavobacteriales,f:Flavobacteriaceae,g:Flavobacterium,s:HQ716263_s
ASV813	90.239	461	45	0	1	461	281	741	1.09e-171	603	tax=d:Bacteria,p:Bacteroidetes,c:Flavobacteria,o:Flavobacteriales,f:Flavobacteriaceae,g:Flavobacterium,s:Flavobacterium xueshanense
ASV813	90.239	461	45	0	1	461	309	769	1.09e-171	603	tax=d:Bacteria,p:Bacteroidetes,c:Flavobacteria,o:Flavobacteriales,f:Flavobacteriaceae,g:Flavobacterium,s:Flavobacterium indicum
ASV813	90.239	461	45	0	1	461	282	742	1.09e-171	603	tax=d:Bacteria,p:Bacteroidetes,c:Flavobacteria,o:Flavobacteriales,f:Flavobacteriaceae,g:Flavobacterium,s:Flavobacterium cheonanense
ASV813	90.239	461	45	0	1	461	282	742	1.09e-171	603	tax=d:Bacteria,p:Bacteroidetes,c:Flavobacteria,o:Flavobacteriales,f:Flavobacteriaceae,g:Myroides,s:Myroides marinus
ASV813	90.239	461	45	0	1	461	305	765	1.09e-171	603	tax=d:Bacteria,p:Bacteroidetes,c:Flavobacteria,o:Flavobacteriales,f:Flavobacteriaceae,g:Flavobacterium,s:GQ398354_s
ASV813	90.239	461	45	0	1	461	278	738	1.09e-171	603	tax=d:Bacteria,p:Bacteroidetes,c:Flavobacteria,o:Flavobacteriales,f:Flavobacteriaceae,g:Flavobacterium,s:Flavobacterium nitratireducens
ASV813	90.281	463	41	4	1	461	305	765	1.09e-171	603	tax=d:Bacteria,p:Bacteroidetes,c:Flavobacteria,o:Flavobacteriales,f:Flavobacteriaceae,g:Flavobacterium,s:Flavobacterium swingsii
ASV813	90.281	463	41	4	1	461	287	747	1.09e-171	603	tax=d:Bacteria,p:Bacteroidetes,c:Flavobacteria,o:Flavobacteriales,f:Flavobacteriaceae,g:Flavobacterium,s:EU340154_s
ASV813	90.239	461	45	0	1	461	295	755	1.09e-171	603	tax=d:Bacteria,p:Bacteroidetes,c:Flavobacteria,o:Flavobacteriales,f:Flavobacteriaceae,g:Flavobacterium,s:Flavobacterium tiangeerense
ASV813	90.239	461	45	0	1	461	307	767	1.09e-171	603	tax=d:Bacteria,p:Bacteroidetes,c:Flavobacteria,o:Flavobacteriales,f:Flavobacteriaceae,g:Flavobacterium,s:Flavobacterium resistens
ASV813	90.302	464	39	6	1	461	309	769	1.09e-171	603	tax=d:Bacteria,p:Bacteroidetes,c:Flavobacteria,o:Flavobacteriales,f:Flavobacteriaceae,g:Flavobacterium,s:Flavobacterium saliperosum
ASV813	90.302	464	39	6	1	461	309	769	1.09e-171	603	tax=d:Bacteria,p:Bacteroidetes,c:Flavobacteria,o:Flavobacteriales,f:Flavobacteriaceae,g:Flavobacterium,s:Flavobacterium cauense
ASV813	90.239	461	45	0	1	461	309	769	1.09e-171	603	tax=d:Bacteria,p:Bacteroidetes,c:Flavobacteria,o:Flavobacteriales,f:Flavobacteriaceae,g:Flavobacterium,s:AHKF_s
ASV813	90.239	461	45	0	1	461	307	767	1.09e-171	603	tax=d:Bacteria,p:Bacteroidetes,c:Flavobacteria,o:Flavobacteriales,f:Flavobacteriaceae,g:Flavobacterium,s:Flavobacterium omnivorum
ASV813	90.022	461	46	0	1	461	307	767	5.07e-170	597	tax=d:Bacteria,p:Bacteroidetes,c:Flavobacteria,o:Flavobacteriales,f:Flavobacteriaceae,g:Flavobacterium,s:PEFE_s
ASV813	90.022	461	46	0	1	461	307	767	5.07e-170	597	tax=d:Bacteria,p:Bacteroidetes,c:Flavobacteria,o:Flavobacteriales,f:Flavobacteriaceae,g:Flavobacterium,s:LMHW_s
ASV813	90.022	461	46	0	1	461	309	769	5.07e-170	597	tax=d:Bacteria,p:Bacteroidetes,c:Flavobacteria,o:Flavobacteriales,f:Flavobacteriaceae,g:Mangrovimonas,s:LBIP_s
ASV813	90.022	461	46	0	1	461	290	750	5.07e-170	597	tax=d:Bacteria,p:Bacteroidetes,c:Flavobacteria,o:Flavobacteriales,f:Flavobacteriaceae,g:Flavobacterium,s:Flavobacterium fluminis
ASV813	90.043	462	45	1	1	461	261	722	5.07e-170	597	tax=d:Bacteria,p:Bacteroidetes,c:Flavobacteria,o:Flavobacteriales,f:Flavobacteriaceae,g:Flavobacterium,s:Flavobacterium panaciterrae
ASV813	90.022	461	46	0	1	461	307	767	5.07e-170	597	tax=d:Bacteria,p:Bacteroidetes,c:Flavobacteria,o:Flavobacteriales,f:Flavobacteriaceae,g:Flavobacterium,s:JSYM_s
ASV813	90.065	463	42	4	1	461	307	767	5.07e-170	597	tax=d:Bacteria,p:Bacteroidetes,c:Flavobacteria,o:Flavobacteriales,f:Flavobacteriaceae,g:Flavobacterium,s:Flavobacterium rivuli
ASV813	90.022	461	46	0	1	461	307	767	5.07e-170	597	tax=d:Bacteria,p:Bacteroidetes,c:Flavobacteria,o:Flavobacteriales,f:Flavobacteriaceae,g:Flavobacterium,s:Flavobacterium aquatile
ASV813	90.022	461	46	0	1	461	307	767	5.07e-170	597	tax=d:Bacteria,p:Bacteroidetes,c:Flavobacteria,o:Flavobacteriales,f:Flavobacteriaceae,g:Flavobacterium,s:JQMS_s
ASV813	90.043	462	44	2	1	461	307	767	5.07e-170	597	tax=d:Bacteria,p:Bacteroidetes,c:Flavobacteria,o:Flavobacteriales,f:Flavobacteriaceae,g:Flavobacterium,s:Flavobacterium reichenbachii
ASV813	90.043	462	44	2	1	461	278	738	5.07e-170	597	tax=d:Bacteria,p:Bacteroidetes,c:Flavobacteria,o:Flavobacteriales,f:Flavobacteriaceae,g:Flavobacterium,s:Flavobacterium aciduliphilum
ASV813	90.022	461	46	0	1	461	309	769	5.07e-170	597	tax=d:Bacteria,p:Bacteroidetes,c:Flavobacteria,o:Flavobacteriales,f:Flavobacteriaceae,g:Flavobacterium,s:Flavobacterium frigoris
ASV813	90.022	461	46	0	1	461	309	769	5.07e-170	597	tax=d:Bacteria,p:Bacteroidetes,c:Flavobacteria,o:Flavobacteriales,f:Flavobacteriaceae,g:Flavobacterium,s:Flavobacterium degerlachei
ASV813	90.022	461	46	0	1	461	309	769	5.07e-170	597	tax=d:Bacteria,p:Bacteroidetes,c:Flavobacteria,o:Flavobacteriales,f:Flavobacteriaceae,g:Flavobacterium,s:Flavobacterium micromati
ASV813	90.022	461	46	0	1	461	309	769	5.07e-170	597	tax=d:Bacteria,p:Bacteroidetes,c:Flavobacteria,o:Flavobacteriales,f:Flavobacteriaceae,g:Flavobacterium,s:JF697299_s
ASV813	90.022	461	46	0	1	461	309	769	5.07e-170	597	tax=d:Bacteria,p:Bacteroidetes,c:Flavobacteria,o:Flavobacteriales,f:Flavobacteriaceae,g:Flavobacterium,s:JF236276_s
ASV813	90.043	462	44	2	1	461	305	765	5.07e-170	597	tax=d:Bacteria,p:Bacteroidetes,c:Flavobacteria,o:Flavobacteriales,f:Flavobacteriaceae,g:Flavobacterium,s:JF030663_s
ASV813	90.065	463	42	4	1	461	307	767	5.07e-170	597	tax=d:Bacteria,p:Bacteroidetes,c:Flavobacteria,o:Flavobacteriales,f:Flavobacteriaceae,g:Flavobacterium,s:HQ403244_s
ASV813	90.043	462	44	2	1	461	275	735	5.07e-170	597	tax=d:Bacteria,p:Bacteroidetes,c:Flavobacteria,o:Flavobacteriales,f:Flavobacteriaceae,g:Flavobacterium,s:HE574372_s
ASV813	90.022	461	46	0	1	461	284	744	5.07e-170	597	tax=d:Bacteria,p:Bacteroidetes,c:Flavobacteria,o:Flavobacteriales,f:Flavobacteriaceae,g:Flavobacterium,s:GU295969_s
ASV813	90.022	461	46	0	1	461	307	767	5.07e-170	597	tax=d:Bacteria,p:Bacteroidetes,c:Flavobacteria,o:Flavobacteriales,f:Flavobacteriaceae,g:Flavobacterium,s:GU293180_s
ASV813	90.022	461	46	0	1	461	305	765	5.07e-170	597	tax=d:Bacteria,p:Bacteroidetes,c:Flavobacteria,o:Flavobacteriales,f:Flavobacteriaceae,g:Flavobacterium,s:GQ397015_s
ASV813	90.022	461	46	0	1	461	305	765	5.07e-170	597	tax=d:Bacteria,p:Bacteroidetes,c:Flavobacteria,o:Flavobacteriales,f:Flavobacteriaceae,g:Flavobacterium,s:EU662323_s
ASV813	90.065	463	42	4	1	461	309	769	5.07e-170	597	tax=d:Bacteria,p:Bacteroidetes,c:Flavobacteria,o:Flavobacteriales,f:Flavobacteriaceae,g:Flavobacterium,s:Flavobacterium limnosediminis
ASV813	90.022	461	46	0	1	461	311	771	5.07e-170	597	tax=d:Bacteria,p:Bacteroidetes,c:Flavobacteria,o:Flavobacteriales,f:Flavobacteriaceae,g:Flavobacterium,s:AM110992_s
ASV813	90.022	461	46	0	1	461	307	767	5.07e-170	597	tax=d:Bacteria,p:Bacteroidetes,c:Flavobacteria,o:Flavobacteriales,f:Flavobacteriaceae,g:Flavobacterium,s:Flavobacterium psychrolimnae
ASV813	90.043	462	44	2	1	461	309	769	5.07e-170	597	tax=d:Bacteria,p:Bacteroidetes,c:Flavobacteria,o:Flavobacteriales,f:Flavobacteriaceae,g:Flavobacterium,s:AF502205_s
ASV813	90.065	463	42	4	1	461	305	765	5.07e-170	597	tax=d:Bacteria,p:Bacteroidetes,c:Flavobacteria,o:Flavobacteriales,f:Flavobacteriaceae,g:Flavobacterium,s:Flavobacterium psychrophilum
ASV813	90.043	462	40	6	3	461	282	740	6.55e-169	593	tax=d:Bacteria,p:Bacteroidetes,c:Flavobacteria,o:Flavobacteriales,f:Flavobacteriaceae,g:Flavobacterium,s:GU592669_s
ASV813	89.805	461	47	0	1	461	305	765	2.36e-168	592	tax=d:Bacteria,p:Bacteroidetes,c:Flavobacteria,o:Flavobacteriales,f:Flavobacteriaceae,g:Flavobacterium,s:Flavobacterium hercynium
ASV813	89.827	462	45	2	1	461	309	769	2.36e-168	592	tax=d:Bacteria,p:Bacteroidetes,c:Flavobacteria,o:Flavobacteriales,f:Flavobacteriaceae,g:Aequorivita,s:Aequorivita soesokkakensis
ASV813	89.805	461	47	0	1	461	307	767	2.36e-168	592	tax=d:Bacteria,p:Bacteroidetes,c:Flavobacteria,o:Flavobacteriales,f:Flavobacteriaceae,g:Flavobacterium,s:Flavobacterium piscis
ASV813	89.805	461	47	0	1	461	307	767	2.36e-168	592	tax=d:Bacteria,p:Bacteroidetes,c:Flavobacteria,o:Flavobacteriales,f:Flavobacteriaceae,g:Flavobacterium,s:LMMA_s
ASV813	89.805	461	47	0	1	461	313	773	2.36e-168	592	tax=d:Bacteria,p:Bacteroidetes,c:Flavobacteria,o:Flavobacteriales,f:Flavobacteriaceae,g:Aureisphaera,s:Aureisphaera salina
ASV813	89.849	463	43	4	1	461	307	767	2.36e-168	592	tax=d:Bacteria,p:Bacteroidetes,c:Flavobacteria,o:Flavobacteriales,f:Flavobacteriaceae,g:Flavobacterium,s:Flavobacterium subsaxonicum
ASV813	89.871	464	42	5	1	461	307	768	2.36e-168	592	tax=d:Bacteria,p:Bacteroidetes,c:Flavobacteria,o:Flavobacteriales,f:Flavobacteriaceae,g:Flavobacterium,s:JQ278875_s
ASV813	89.827	462	45	2	1	461	305	765	2.36e-168	592	tax=d:Bacteria,p:Bacteroidetes,c:Flavobacteria,o:Flavobacteriales,f:Flavobacteriaceae,g:Flavobacterium,s:Flavobacterium dankookense
ASV813	89.827	462	45	2	1	461	307	767	2.36e-168	592	tax=d:Bacteria,p:Bacteroidetes,c:Flavobacteria,o:Flavobacteriales,f:Flavobacteriaceae,g:Flavobacterium,s:Flavobacterium limicola
ASV813	89.805	461	47	0	1	461	307	767	2.36e-168	592	tax=d:Bacteria,p:Bacteroidetes,c:Flavobacteria,o:Flavobacteriales,f:Flavobacteriaceae,g:Flavobacterium,s:Flavobacterium saccharophilum
ASV813	89.805	461	47	0	1	461	307	767	2.36e-168	592	tax=d:Bacteria,p:Bacteroidetes,c:Flavobacteria,o:Flavobacteriales,f:Flavobacteriaceae,g:Flavobacterium,s:JF203877_s
ASV813	89.871	464	41	6	1	461	307	767	2.36e-168	592	tax=d:Bacteria,p:Bacteroidetes,c:Flavobacteria,o:Flavobacteriales,f:Flavobacteriaceae,g:Flavobacterium,s:JF144839_s
ASV813	89.805	461	47	0	1	461	309	769	2.36e-168	592	tax=d:Bacteria,p:Bacteroidetes,c:Flavobacteria,o:Flavobacteriales,f:Flavobacteriaceae,g:Flavobacterium,s:GQ135057_s
ASV813	89.827	462	45	2	1	461	309	769	2.36e-168	592	tax=d:Bacteria,p:Bacteroidetes,c:Flavobacteria,o:Flavobacteriales,f:Flavobacteriaceae,g:Flavobacterium,s:FN668134_s
ASV813	89.805	461	47	0	1	461	309	769	2.36e-168	592	tax=d:Bacteria,p:Bacteroidetes,c:Flavobacteria,o:Flavobacteriales,f:Flavobacteriaceae,g:Aequorivita,s:FJ529968_s
ASV813	89.849	463	43	4	1	461	307	767	2.36e-168	592	tax=d:Bacteria,p:Bacteroidetes,c:Flavobacteria,o:Flavobacteriales,f:Flavobacteriaceae,g:Flavobacterium,s:AY468453_s
ASV813	89.805	461	47	0	1	461	307	767	2.36e-168	592	tax=d:Bacteria,p:Bacteroidetes,c:Flavobacteria,o:Flavobacteriales,f:Flavobacteriaceae,g:Flavobacterium,s:AKJZ_s
ASV813	89.805	461	47	0	1	461	309	769	2.36e-168	592	tax=d:Bacteria,p:Bacteroidetes,c:Flavobacteria,o:Flavobacteriales,f:Flavobacteriaceae,g:Flavobacterium,s:AJXL_s
ASV813	89.805	461	47	0	1	461	309	769	2.36e-168	592	tax=d:Bacteria,p:Bacteroidetes,c:Flavobacteria,o:Flavobacteriales,f:Flavobacteriaceae,g:Myroides,s:Myroides pelagicus
ASV813	89.871	464	40	6	1	461	296	755	8.48e-168	590	tax=d:Bacteria,p:Bacteroidetes,c:Flavobacteria,o:Flavobacteriales,f:Flavobacteriaceae,g:Flavobacterium,s:Flavobacterium verecundum
ASV813	89.588	461	48	0	1	461	307	767	1.10e-166	586	tax=d:Bacteria,p:Bacteroidetes,c:Flavobacteria,o:Flavobacteriales,f:Flavobacteriaceae,g:Flavobacterium,s:MRCQ_s
ASV813	89.588	461	48	0	1	461	307	767	1.10e-166	586	tax=d:Bacteria,p:Bacteroidetes,c:Flavobacteria,o:Flavobacteriales,f:Flavobacteriaceae,g:Flavobacterium,s:Flavobacterium olei
ASV813	89.588	461	48	0	1	461	309	769	1.10e-166	586	tax=d:Bacteria,p:Bacteroidetes,c:Flavobacteria,o:Flavobacteriales,f:Flavobacteriaceae,g:Aequorivita,s:Aequorivita echinoideorum
ASV813	89.588	461	48	0	1	461	272	732	1.10e-166	586	tax=d:Bacteria,p:Bacteroidetes,c:Flavobacteria,o:Flavobacteriales,f:Flavobacteriaceae,g:Flavobacterium,s:Flavobacterium gyeonganense
ASV813	89.610	462	46	2	1	461	270	730	1.10e-166	586	tax=d:Bacteria,p:Bacteroidetes,c:Flavobacteria,o:Flavobacteriales,f:Flavobacteriaceae,g:Aequorivita,s:Aequorivita nionensis
ASV813	89.633	463	44	4	1	461	307	767	1.10e-166	586	tax=d:Bacteria,p:Bacteroidetes,c:Flavobacteria,o:Flavobacteriales,f:Flavobacteriaceae,g:Flavobacterium,s:Flavobacterium hauense
ASV813	89.588	461	48	0	1	461	307	767	1.10e-166	586	tax=d:Bacteria,p:Bacteroidetes,c:Flavobacteria,o:Flavobacteriales,f:Flavobacteriaceae,g:Flavobacterium,s:Flavobacterium hibernum
ASV813	89.588	461	48	0	1	461	307	767	1.10e-166	586	tax=d:Bacteria,p:Bacteroidetes,c:Flavobacteria,o:Flavobacteriales,f:Flavobacteriaceae,g:Flavobacterium,s:Flavobacterium fryxellicola
ASV813	89.633	463	45	3	1	461	272	733	1.10e-166	586	tax=d:Bacteria,p:Bacteroidetes,c:Flavobacteria,o:Flavobacteriales,f:Flavobacteriaceae,g:Flavobacterium,s:JF327644_s
ASV813	89.588	461	48	0	1	461	309	769	1.10e-166	586	tax=d:Bacteria,p:Bacteroidetes,c:Flavobacteria,o:Flavobacteriales,f:Flavobacteriaceae,g:Flavobacterium,s:JF177262_s
ASV813	89.610	462	46	2	1	461	296	756	1.10e-166	586	tax=d:Bacteria,p:Bacteroidetes,c:Flavobacteria,o:Flavobacteriales,f:Flavobacteriaceae,g:Myroides,s:Myroides injenensis
ASV813	89.610	462	46	2	1	461	304	764	1.10e-166	586	tax=d:Bacteria,p:Bacteroidetes,c:Flavobacteria,o:Flavobacteriales,f:Flavobacteriaceae,g:Flavobacterium,s:HM129738_s
ASV813	89.588	461	48	0	1	461	285	745	1.10e-166	586	tax=d:Bacteria,p:Bacteroidetes,c:Flavobacteria,o:Flavobacteriales,f:Flavobacteriaceae,g:Myroides,s:Myroides guanonis
ASV813	89.655	464	42	6	1	461	293	753	1.10e-166	586	tax=d:Bacteria,p:Bacteroidetes,c:Flavobacteria,o:Flavobacteriales,f:Flavobacteriaceae,g:Flavobacterium,s:Flavobacterium chungnamense
ASV813	89.655	464	42	6	1	461	284	744	1.10e-166	586	tax=d:Bacteria,p:Bacteroidetes,c:Flavobacteria,o:Flavobacteriales,f:Flavobacteriaceae,g:Flavobacterium,s:Flavobacterium koreense
ASV813	89.610	462	46	2	1	461	307	767	1.10e-166	586	tax=d:Bacteria,p:Bacteroidetes,c:Flavobacteria,o:Flavobacteriales,f:Flavobacteriaceae,g:Flavobacterium,s:FR772070_s
ASV813	89.633	463	45	3	1	461	305	766	1.10e-166	586	tax=d:Bacteria,p:Bacteroidetes,c:Flavobacteria,o:Flavobacteriales,f:Flavobacteriaceae,g:Flavobacterium,s:FN668128_s
ASV813	89.610	462	46	2	1	461	307	767	1.10e-166	586	tax=d:Bacteria,p:Bacteroidetes,c:Flavobacteria,o:Flavobacteriales,f:Flavobacteriaceae,g:Flavobacterium,s:FM173271_s
ASV813	89.588	461	48	0	1	461	307	767	1.10e-166	586	tax=d:Bacteria,p:Bacteroidetes,c:Flavobacteria,o:Flavobacteriales,f:Flavobacteriaceae,g:Flavobacterium,s:FJ715991_s
ASV813	89.588	461	48	0	1	461	307	767	1.10e-166	586	tax=d:Bacteria,p:Bacteroidetes,c:Flavobacteria,o:Flavobacteriales,f:Flavobacteriaceae,g:Flavobacterium,s:FJ675178_s
ASV813	89.588	461	48	0	1	461	278	738	1.10e-166	586	tax=d:Bacteria,p:Bacteroidetes,c:Flavobacteria,o:Flavobacteriales,f:Flavobacteriaceae,g:Flavobacterium,s:Flavobacterium sinopsychrotolerans
ASV813	89.610	462	46	2	1	461	309	769	1.10e-166	586	tax=d:Bacteria,p:Bacteroidetes,c:Flavobacteria,o:Flavobacteriales,f:Flavobacteriaceae,g:Flavobacterium,s:EU464926_s
ASV813	89.588	461	48	0	1	461	284	744	1.10e-166	586	tax=d:Bacteria,p:Bacteroidetes,c:Flavobacteria,o:Flavobacteriales,f:Flavobacteriaceae,g:Flavobacterium,s:Flavobacterium glaciei
ASV813	89.610	462	46	2	1	461	306	766	1.10e-166	586	tax=d:Bacteria,p:Bacteroidetes,c:Flavobacteria,o:Flavobacteriales,f:Flavobacteriaceae,g:Aequorivita,s:Aequorivita antarctica
ASV813	89.588	461	48	0	1	461	307	767	1.10e-166	586	tax=d:Bacteria,p:Bacteroidetes,c:Flavobacteria,o:Flavobacteriales,f:Flavobacteriaceae,g:Flavobacterium,s:AM934643_s
ASV813	89.371	461	49	0	1	461	307	767	5.10e-165	580	tax=d:Bacteria,p:Bacteroidetes,c:Flavobacteria,o:Flavobacteriales,f:Flavobacteriaceae,g:Flavobacterium,s:JSYO_s
ASV813	89.371	461	49	0	1	461	311	771	5.10e-165	580	tax=d:Bacteria,p:Bacteroidetes,c:Flavobacteria,o:Flavobacteriales,f:Flavobacteriaceae,g:Aequorivita,s:Vitellibacter aquimaris
ASV813	89.371	461	49	0	1	461	307	767	5.10e-165	580	tax=d:Bacteria,p:Bacteroidetes,c:Flavobacteria,o:Flavobacteriales,f:Flavobacteriaceae,g:Flavobacterium,s:Flavobacterium aquidurense
ASV813	89.371	461	49	0	1	461	307	767	5.10e-165	580	tax=d:Bacteria,p:Bacteroidetes,c:Flavobacteria,o:Flavobacteriales,f:Flavobacteriaceae,g:Flavobacterium,s:Flavobacterium granuli
ASV813	89.371	461	49	0	1	461	307	767	5.10e-165	580	tax=d:Bacteria,p:Bacteroidetes,c:Flavobacteria,o:Flavobacteriales,f:Flavobacteriaceae,g:Flavobacterium,s:Flavobacterium frigidimaris
ASV813	89.394	462	47	2	1	461	309	769	5.10e-165	580	tax=d:Bacteria,p:Bacteroidetes,c:Flavobacteria,o:Flavobacteriales,f:Flavobacteriaceae,g:Myroides,s:Myroides phaeus
ASV813	89.371	461	49	0	1	461	307	767	5.10e-165	580	tax=d:Bacteria,p:Bacteroidetes,c:Flavobacteria,o:Flavobacteriales,f:Flavobacteriaceae,g:Flavobacterium,s:Flavobacterium urumqiense
ASV813	89.462	465	41	8	1	461	310	770	5.10e-165	580	tax=d:Bacteria,p:Bacteroidetes,c:Flavobacteria,o:Flavobacteriales,f:Flavobacteriaceae,g:Flavobacterium,s:JF048377_s
ASV813	89.371	461	49	0	1	461	309	769	5.10e-165	580	tax=d:Bacteria,p:Bacteroidetes,c:Flavobacteria,o:Flavobacteriales,f:Flavobacteriaceae,g:Flavobacterium,s:HQ856453_s
ASV813	89.371	461	49	0	1	461	253	713	5.10e-165	580	tax=d:Bacteria,p:Bacteroidetes,c:Flavobacteria,o:Flavobacteriales,f:Flavobacteriaceae,g:Flavobacterium,s:Flavobacterium ummariense
ASV813	89.417	463	45	4	1	461	309	769	5.10e-165	580	tax=d:Bacteria,p:Bacteroidetes,c:Flavobacteria,o:Flavobacteriales,f:Flavobacteriaceae,g:Flavobacterium,s:HM099638_s
ASV813	89.371	461	49	0	1	461	307	767	5.10e-165	580	tax=d:Bacteria,p:Bacteroidetes,c:Flavobacteria,o:Flavobacteriales,f:Flavobacteriaceae,g:Flavobacterium,s:Flavobacterium collinsii
ASV813	89.417	463	45	4	1	461	309	769	5.10e-165	580	tax=d:Bacteria,p:Bacteroidetes,c:Flavobacteria,o:Flavobacteriales,f:Flavobacteriaceae,g:Flavobacterium,s:GQ079944_s
ASV813	89.371	461	49	0	1	461	290	750	5.10e-165	580	tax=d:Bacteria,p:Bacteroidetes,c:Flavobacteria,o:Flavobacteriales,f:Flavobacteriaceae,g:Flavobacterium,s:FR774628_s
ASV813	89.394	462	47	2	1	461	305	765	5.10e-165	580	tax=d:Bacteria,p:Bacteroidetes,c:Flavobacteria,o:Flavobacteriales,f:Flavobacteriaceae,g:Flavobacterium,s:FR772231_s
ASV813	89.371	461	49	0	1	461	307	767	5.10e-165	580	tax=d:Bacteria,p:Bacteroidetes,c:Flavobacteria,o:Flavobacteriales,f:Flavobacteriaceae,g:Flavobacterium,s:FM872510_s
ASV813	89.394	462	48	1	1	461	309	770	5.10e-165	580	tax=d:Bacteria,p:Bacteroidetes,c:Flavobacteria,o:Flavobacteriales,f:Flavobacteriaceae,g:Flavobacterium,s:EU431767_s
ASV813	89.394	462	47	2	1	461	317	777	5.10e-165	580	tax=d:Bacteria,p:Bacteroidetes,c:Flavobacteria,o:Flavobacteriales,f:Flavobacteriaceae,g:EU283517_g,s:EU283516_s
ASV813	89.417	463	45	3	1	461	313	773	5.10e-165	580	tax=d:Bacteria,p:Bacteroidetes,c:Flavobacteria,o:Flavobacteriales,f:Flavobacteriaceae,g:Sediminibacter,s:DQ811906_s
ASV813	89.394	462	47	2	1	461	309	769	5.10e-165	580	tax=d:Bacteria,p:Bacteroidetes,c:Flavobacteria,o:Flavobacteriales,f:Flavobacteriaceae,g:Aequorivita,s:Aequorivita sublithincola
ASV813	89.394	462	47	2	1	461	309	769	5.10e-165	580	tax=d:Bacteria,p:Bacteroidetes,c:Flavobacteria,o:Flavobacteriales,f:Flavobacteriaceae,g:Aequorivita,s:AY771732_s
ASV813	89.371	461	49	0	1	461	307	767	5.10e-165	580	tax=d:Bacteria,p:Bacteroidetes,c:Flavobacteria,o:Flavobacteriales,f:Flavobacteriaceae,g:Mariniflexile,s:AJ786812_s
ASV813	89.440	464	44	5	1	461	305	766	5.10e-165	580	tax=d:Bacteria,p:Bacteroidetes,c:Flavobacteria,o:Flavobacteriales,f:Flavobacteriaceae,g:Flavobacterium,s:AJ289998_s
ASV813	89.371	461	49	0	1	461	307	767	5.10e-165	580	tax=d:Bacteria,p:Bacteroidetes,c:Flavobacteria,o:Flavobacteriales,f:Flavobacteriaceae,g:Flavobacterium,s:Flavobacterium xinjiangense
ASV813	89.371	461	48	1	1	461	307	766	1.83e-164	579	tax=d:Bacteria,p:Bacteroidetes,c:Flavobacteria,o:Flavobacteriales,f:Flavobacteriaceae,g:Flavobacterium,s:JN392913_s
ASV813	89.371	461	48	1	1	461	306	765	1.83e-164	579	tax=d:Bacteria,p:Bacteroidetes,c:Flavobacteria,o:Flavobacteriales,f:Flavobacteriaceae,g:Flavobacterium,s:AJ318198_s
ASV813	88.937	461	51	0	1	461	309	769	6.60e-164	577	tax=d:Bacteria,p:Bacteroidetes,c:Flavobacteria,o:Flavobacteriales,f:Flavobacteriaceae,g:Flavobacterium,s:Flavobacterium gillisiae
ASV813	89.154	461	50	0	1	461	307	767	2.37e-163	575	tax=d:Bacteria,p:Bacteroidetes,c:Flavobacteria,o:Flavobacteriales,f:Flavobacteriaceae,g:Flavobacterium,s:Flavobacterium araucananum
ASV813	89.154	461	50	0	1	461	307	767	2.37e-163	575	tax=d:Bacteria,p:Bacteroidetes,c:Flavobacteria,o:Flavobacteriales,f:Flavobacteriaceae,g:Flavobacterium,s:JF220437_s
ASV813	89.177	462	48	2	1	461	275	735	2.37e-163	575	tax=d:Bacteria,p:Bacteroidetes,c:Flavobacteria,o:Flavobacteriales,f:Flavobacteriaceae,g:Flavobacterium,s:HM638229_s
ASV813	89.154	461	50	0	1	461	305	765	2.37e-163	575	tax=d:Bacteria,p:Bacteroidetes,c:Flavobacteria,o:Flavobacteriales,f:Flavobacteriaceae,g:Flavobacterium,s:FJ715992_s
ASV813	89.177	462	48	2	1	461	306	766	2.37e-163	575	tax=d:Bacteria,p:Bacteroidetes,c:Flavobacteria,o:Flavobacteriales,f:Flavobacteriaceae,g:Aequorivita,s:Aequorivita lipolytica
ASV813	89.177	462	48	2	1	461	291	751	2.37e-163	575	tax=d:Bacteria,p:Bacteroidetes,c:Flavobacteria,o:Flavobacteriales,f:Flavobacteriaceae,g:Flavobacterium,s:AJ634056_s
ASV813	89.154	461	50	0	1	461	307	767	2.37e-163	575	tax=d:Bacteria,p:Bacteroidetes,c:Flavobacteria,o:Flavobacteriales,f:Flavobacteriaceae,g:Flavobacterium,s:Flavobacterium frigidarium
ASV813	89.177	462	48	2	1	461	303	763	2.37e-163	575	tax=d:Bacteria,p:Bacteroidetes,c:Flavobacteria,o:Flavobacteriales,f:Flavobacteriaceae,g:Flavobacterium,s:Flavobacterium xanthum
ASV813	88.937	461	51	0	1	461	307	767	1.10e-161	569	tax=d:Bacteria,p:Bacteroidetes,c:Flavobacteria,o:Flavobacteriales,f:Flavobacteriaceae,g:Flavobacterium,s:Flavobacterium hydatis
ASV813	88.937	461	51	0	1	461	309	769	1.10e-161	569	tax=d:Bacteria,p:Bacteroidetes,c:Flavobacteria,o:Flavobacteriales,f:Flavobacteriaceae,g:Flavobacterium,s:Flavobacterium suaedae
ASV813	88.937	461	51	0	1	461	307	767	1.10e-161	569	tax=d:Bacteria,p:Bacteroidetes,c:Flavobacteria,o:Flavobacteriales,f:Flavobacteriaceae,g:Flavobacterium,s:Flavobacterium faecale
ASV813	88.985	463	47	4	1	461	309	769	1.10e-161	569	tax=d:Bacteria,p:Bacteroidetes,c:Flavobacteria,o:Flavobacteriales,f:Flavobacteriaceae,g:Flavobacterium,s:JF124451_s
ASV813	88.937	461	51	0	1	461	308	768	1.10e-161	569	tax=d:Bacteria,p:Bacteroidetes,c:Flavobacteria,o:Flavobacteriales,f:Flavobacteriaceae,g:Flavobacterium,s:Flavobacterium branchiarum
ASV813	88.961	462	49	2	1	461	313	773	1.10e-161	569	tax=d:Bacteria,p:Bacteroidetes,c:Flavobacteria,o:Flavobacteriales,f:Flavobacteriaceae,g:EU283517_g,s:EU283524_s
ASV813	88.937	461	51	0	1	461	309	769	1.10e-161	569	tax=d:Bacteria,p:Bacteroidetes,c:Flavobacteria,o:Flavobacteriales,f:Flavobacteriaceae,g:Flavobacterium,s:DQ298760_s
ASV813	88.937	461	51	0	1	461	311	771	1.10e-161	569	tax=d:Bacteria,p:Bacteroidetes,c:Flavobacteria,o:Flavobacteriales,f:Flavobacteriaceae,g:Aureisphaera,s:Aureisphaera galaxeae
ASV813	88.745	462	48	4	1	461	309	767	1.43e-160	566	tax=d:Bacteria,p:Bacteroidetes,c:Flavobacteria,o:Flavobacteriales,f:Flavobacteriaceae,g:Flavobacterium,s:JF165260_s
ASV813	88.793	464	49	2	1	461	305	768	1.43e-160	566	tax=d:Bacteria,p:Bacteroidetes,c:Flavobacteria,o:Flavobacteriales,f:Flavobacteriaceae,g:Flavobacterium,s:GU437440_s
ASV813	88.769	463	48	4	1	461	309	769	1.43e-160	566	tax=d:Bacteria,p:Bacteroidetes,c:Flavobacteria,o:Flavobacteriales,f:Flavobacteriaceae,g:Flavobacterium,s:FJ671486_s
ASV813	88.720	461	52	0	1	461	309	769	5.14e-160	564	tax=d:Bacteria,p:Bacteroidetes,c:Flavobacteria,o:Flavobacteriales,f:Flavobacteriaceae,g:Planktosalinus,s:Planktosalinus lacus
ASV813	88.720	461	52	0	1	461	282	742	5.14e-160	564	tax=d:Bacteria,p:Bacteroidetes,c:Flavobacteria,o:Flavobacteriales,f:Flavobacteriaceae,g:Myroides,s:Myroides indicus
ASV813	88.745	462	50	2	1	461	307	767	5.14e-160	564	tax=d:Bacteria,p:Bacteroidetes,c:Flavobacteria,o:Flavobacteriales,f:Flavobacteriaceae,g:Flavobacterium,s:HQ183948_s
ASV813	88.745	462	50	2	1	461	317	777	5.14e-160	564	tax=d:Bacteria,p:Bacteroidetes,c:Flavobacteria,o:Flavobacteriales,f:Flavobacteriaceae,g:Winogradskyella,s:Winogradskyella aquimaris
ASV813	88.745	462	50	2	1	461	305	765	5.14e-160	564	tax=d:Bacteria,p:Bacteroidetes,c:Flavobacteria,o:Flavobacteriales,f:Flavobacteriaceae,g:Flavobacterium,s:GQ354998_s
ASV813	88.769	463	48	4	1	461	309	769	5.14e-160	564	tax=d:Bacteria,p:Bacteroidetes,c:Flavobacteria,o:Flavobacteriales,f:Flavobacteriaceae,g:Flavobacterium,s:EU465075_s
ASV813	88.720	461	52	0	1	461	306	766	5.14e-160	564	tax=d:Bacteria,p:Bacteroidetes,c:Flavobacteria,o:Flavobacteriales,f:Flavobacteriaceae,g:Flavobacterium,s:EU431729_s
ASV813	88.720	461	52	0	1	461	307	767	5.14e-160	564	tax=d:Bacteria,p:Bacteroidetes,c:Flavobacteria,o:Flavobacteriales,f:Flavobacteriaceae,g:Flavobacterium,s:Flavobacterium crassostreae
ASV813	88.745	462	51	1	1	461	307	768	5.14e-160	564	tax=d:Bacteria,p:Bacteroidetes,c:Flavobacteria,o:Flavobacteriales,f:Flavobacteriaceae,g:Flavobacterium,s:AY945892_s
ASV813	88.745	462	50	2	1	461	313	773	5.14e-160	564	tax=d:Bacteria,p:Bacteroidetes,c:Flavobacteria,o:Flavobacteriales,f:Flavobacteriaceae,g:Aureitalea,s:Aureitalea marina
ASV813	88.528	462	51	2	1	461	307	767	6.65e-159	560	tax=d:Bacteria,p:Bacteroidetes,c:Flavobacteria,o:Flavobacteriales,f:Flavobacteriaceae,g:Flavobacterium,s:Flavobacterium algicola
ASV813	88.528	462	51	2	1	461	282	742	2.39e-158	558	tax=d:Bacteria,p:Bacteroidetes,c:Flavobacteria,o:Flavobacteriales,f:Flavobacteriaceae,g:Flavobacterium,s:Flavobacterium collinsense
ASV813	88.528	462	51	2	1	461	315	775	2.39e-158	558	tax=d:Bacteria,p:Bacteroidetes,c:Flavobacteria,o:Flavobacteriales,f:Flavobacteriaceae,g:Winogradskyella,s:Winogradskyella maritima
ASV813	88.503	461	53	0	1	461	319	779	2.39e-158	558	tax=d:Bacteria,p:Bacteroidetes,c:Flavobacteria,o:Flavobacteriales,f:Flavobacteriaceae,g:Hanstruepera,s:Hanstruepera neustonica
ASV813	88.578	464	47	6	1	461	292	752	2.39e-158	558	tax=d:Bacteria,p:Bacteroidetes,c:Flavobacteria,o:Flavobacteriales,f:Flavobacteriaceae,g:Arenibacter,s:HM032009_s
ASV813	88.528	462	51	2	1	461	307	767	2.39e-158	558	tax=d:Bacteria,p:Bacteroidetes,c:Flavobacteria,o:Flavobacteriales,f:Flavobacteriaceae,g:Flavobacterium,s:Flavobacterium terrigena
ASV813	88.578	464	47	6	1	461	307	767	2.39e-158	558	tax=d:Bacteria,p:Bacteroidetes,c:Flavobacteria,o:Flavobacteriales,f:Flavobacteriaceae,g:Flavobacterium,s:EU465116_s
ASV813	88.553	463	50	3	1	461	316	777	2.39e-158	558	tax=d:Bacteria,p:Bacteroidetes,c:Flavobacteria,o:Flavobacteriales,f:Flavobacteriaceae,g:Winogradskyella,s:EF123625_s
ASV813	88.503	461	53	0	1	461	309	769	2.39e-158	558	tax=d:Bacteria,p:Bacteroidetes,c:Flavobacteria,o:Flavobacteriales,f:Flavobacteriaceae,g:Flavobacterium,s:AY770969_s
ASV813	88.069	461	52	3	1	461	309	766	3.09e-157	555	tax=d:Bacteria,p:Bacteroidetes,c:Flavobacteria,o:Flavobacteriales,f:Flavobacteriaceae,g:Flavobacterium,s:EF667895_s
ASV813	88.362	464	48	6	1	461	312	772	1.11e-156	553	tax=d:Bacteria,p:Bacteroidetes,c:Flavobacteria,o:Flavobacteriales,f:Flavobacteriaceae,g:JHZX_g,s:JHZX_s
ASV813	88.337	463	50	4	1	461	309	769	1.11e-156	553	tax=d:Bacteria,p:Bacteroidetes,c:Flavobacteria,o:Flavobacteriales,f:Flavobacteriaceae,g:Aequorivita,s:Aequorivita viscosa
ASV813	88.312	462	52	2	1	461	272	732	1.11e-156	553	tax=d:Bacteria,p:Bacteroidetes,c:Flavobacteria,o:Flavobacteriales,f:Flavobacteriaceae,g:Flavobacterium,s:HM776988_s
ASV813	88.312	462	52	2	1	461	309	769	1.11e-156	553	tax=d:Bacteria,p:Bacteroidetes,c:Flavobacteria,o:Flavobacteriales,f:Flavobacteriaceae,g:Planktosalinus,s:GQ264045_s
ASV813	88.286	461	54	0	1	461	311	771	1.11e-156	553	tax=d:Bacteria,p:Bacteroidetes,c:Flavobacteria,o:Flavobacteriales,f:Flavobacteriaceae,g:Robiginitalea,s:FJ872534_s
ASV813	88.312	462	53	1	1	461	313	774	1.11e-156	553	tax=d:Bacteria,p:Bacteroidetes,c:Flavobacteria,o:Flavobacteriales,f:Flavobacteriaceae,g:AJ567549_g,s:EU287140_s
ASV813	88.337	463	50	4	1	461	309	769	1.11e-156	553	tax=d:Bacteria,p:Bacteroidetes,c:Flavobacteria,o:Flavobacteriales,f:Flavobacteriaceae,g:Flavobacterium,s:Flavobacterium croceum
ASV813	88.337	463	50	4	1	461	301	761	1.11e-156	553	tax=d:Bacteria,p:Bacteroidetes,c:Flavobacteria,o:Flavobacteriales,f:Flavobacteriaceae,g:Mariniflexile,s:Mariniflexile gromovii
ASV813	88.337	463	51	3	1	461	309	770	1.11e-156	553	tax=d:Bacteria,p:Bacteroidetes,c:Flavobacteria,o:Flavobacteriales,f:Flavobacteriaceae,g:Aequorivita,s:AJ853585_s
ASV813	88.312	462	52	2	1	461	305	765	1.11e-156	553	tax=d:Bacteria,p:Bacteroidetes,c:Flavobacteria,o:Flavobacteriales,f:Flavobacteriaceae,g:Flavobacterium,s:AJ440984_s
ASV813	88.261	460	54	0	1	460	311	770	4.00e-156	551	tax=d:Bacteria,p:Bacteroidetes,c:Flavobacteria,o:Flavobacteriales,f:Flavobacteriaceae,g:Jejuia,s:Jejuia pallidilutea
ASV813	88.069	461	55	0	1	461	296	756	1.44e-155	549	tax=d:Bacteria,p:Bacteroidetes,c:Flavobacteria,o:Flavobacteriales,f:Flavobacteriaceae,g:Flavobacterium,s:AF090991_s
ASV813	88.069	461	55	0	1	461	317	777	5.17e-155	547	tax=d:Bacteria,p:Bacteroidetes,c:Flavobacteria,o:Flavobacteriales,f:Flavobacteriaceae,g:Winogradskyella,s:NGJN_s
ASV813	88.095	462	53	2	1	461	316	776	5.17e-155	547	tax=d:Bacteria,p:Bacteroidetes,c:Flavobacteria,o:Flavobacteriales,f:Flavobacteriaceae,g:Aestuariivivens,s:Aestuariivivens insulae
ASV813	88.147	464	49	6	1	461	282	742	5.17e-155	547	tax=d:Bacteria,p:Bacteroidetes,c:Flavobacteria,o:Flavobacteriales,f:Flavobacteriaceae,g:Pustulibacterium,s:Pustulibacterium marinum
ASV813	88.069	461	55	0	1	461	315	775	5.17e-155	547	tax=d:Bacteria,p:Bacteroidetes,c:Flavobacteria,o:Flavobacteriales,f:Flavobacteriaceae,g:Lacinutrix,s:Lacinutrix iliipiscaria
ASV813	88.095	462	53	2	1	461	309	769	5.17e-155	547	tax=d:Bacteria,p:Bacteroidetes,c:Flavobacteria,o:Flavobacteriales,f:Flavobacteriaceae,g:Flavobacterium,s:JF084988_s
ASV813	88.069	461	55	0	1	461	312	772	5.17e-155	547	tax=d:Bacteria,p:Bacteroidetes,c:Flavobacteria,o:Flavobacteriales,f:Flavobacteriaceae,g:Aureicoccus,s:HM057636_s
ASV813	88.069	461	55	0	1	461	286	746	5.17e-155	547	tax=d:Bacteria,p:Bacteroidetes,c:Flavobacteria,o:Flavobacteriales,f:Flavobacteriaceae,g:Flavobacterium,s:FR774606_s
ASV813	88.069	461	55	0	1	461	309	769	5.17e-155	547	tax=d:Bacteria,p:Bacteroidetes,c:Flavobacteria,o:Flavobacteriales,f:Flavobacteriaceae,g:Flavobacterium,s:FJ675114_s
ASV813	88.147	464	49	5	1	461	309	769	5.17e-155	547	tax=d:Bacteria,p:Bacteroidetes,c:Flavobacteria,o:Flavobacteriales,f:Flavobacteriaceae,g:Myroides,s:EF509349_s
ASV813	88.172	465	48	7	1	461	309	770	5.17e-155	547	tax=d:Bacteria,p:Bacteroidetes,c:Flavobacteria,o:Flavobacteriales,f:Flavobacteriaceae,g:EF157264_g,s:EF157264_s
ASV813	88.121	463	51	4	1	461	269	729	5.17e-155	547	tax=d:Bacteria,p:Bacteroidetes,c:Flavobacteria,o:Flavobacteriales,f:Flavobacteriaceae,g:Muricauda,s:EF092186_s
ASV813	88.121	463	51	4	1	461	307	767	5.17e-155	547	tax=d:Bacteria,p:Bacteroidetes,c:Flavobacteria,o:Flavobacteriales,f:Flavobacteriaceae,g:Arenibacter,s:AY676492_s
ASV813	88.095	462	53	2	1	461	306	766	5.17e-155	547	tax=d:Bacteria,p:Bacteroidetes,c:Flavobacteria,o:Flavobacteriales,f:Flavobacteriaceae,g:Aequorivita,s:Aequorivita crocea
ASV813	88.172	465	47	7	1	461	312	772	5.17e-155	547	tax=d:Bacteria,p:Bacteroidetes,c:Flavobacteria,o:Flavobacteriales,f:Flavobacteriaceae,g:Aequorivita,s:Aequorivita capsosiphonis
ASV813	88.095	462	53	2	1	461	309	769	5.17e-155	547	tax=d:Bacteria,p:Bacteroidetes,c:Flavobacteria,o:Flavobacteriales,f:Flavobacteriaceae,g:Flavobacterium,s:AM982605_s
ASV813	88.069	461	55	0	1	461	309	769	5.17e-155	547	tax=d:Bacteria,p:Bacteroidetes,c:Flavobacteria,o:Flavobacteriales,f:Flavobacteriaceae,g:Imtechella,s:Imtechella halotolerans
ASV813	88.121	463	50	5	1	461	305	764	1.86e-154	545	tax=d:Bacteria,p:Bacteroidetes,c:Flavobacteria,o:Flavobacteriales,f:Flavobacteriaceae,g:Flavobacterium,s:AB240514_s
ASV813	88.069	461	52	3	1	461	309	766	6.69e-154	544	tax=d:Bacteria,p:Bacteroidetes,c:Flavobacteria,o:Flavobacteriales,f:Flavobacteriaceae,g:Flavobacterium,s:DQ298762_s
ASV813	87.879	462	54	2	1	461	311	771	2.41e-153	542	tax=d:Bacteria,p:Bacteroidetes,c:Flavobacteria,o:Flavobacteriales,f:Flavobacteriaceae,g:Changchengzhania,s:Changchengzhania lutea
ASV813	87.905	463	52	4	1	461	310	770	2.41e-153	542	tax=d:Bacteria,p:Bacteroidetes,c:Flavobacteria,o:Flavobacteriales,f:Flavobacteriaceae,g:Sediminibacter,s:LT629302_s
ASV813	87.852	461	56	0	1	461	315	775	2.41e-153	542	tax=d:Bacteria,p:Bacteroidetes,c:Flavobacteria,o:Flavobacteriales,f:Flavobacteriaceae,g:Gelatiniphilus,s:Gelatiniphilus marinus
ASV813	87.879	462	54	2	1	461	309	769	2.41e-153	542	tax=d:Bacteria,p:Bacteroidetes,c:Flavobacteria,o:Flavobacteriales,f:Flavobacteriaceae,g:Confluentibacter,s:Confluentibacter lentus
ASV813	87.879	462	54	2	1	461	276	736	2.41e-153	542	tax=d:Bacteria,p:Bacteroidetes,c:Flavobacteria,o:Flavobacteriales,f:Flavobacteriaceae,g:Sediminicola,s:Sediminicola arcticus
ASV813	87.852	461	56	0	1	461	311	771	2.41e-153	542	tax=d:Bacteria,p:Bacteroidetes,c:Flavobacteria,o:Flavobacteriales,f:Flavobacteriaceae,g:Seonamhaeicola,s:Seonamhaeicola aphaedonensis
ASV813	87.879	462	54	2	1	461	315	775	2.41e-153	542	tax=d:Bacteria,p:Bacteroidetes,c:Flavobacteria,o:Flavobacteriales,f:Flavobacteriaceae,g:Algibacter,s:Hwangdonia seohaensis
ASV813	87.879	462	54	2	1	461	309	769	2.41e-153	542	tax=d:Bacteria,p:Bacteroidetes,c:Flavobacteria,o:Flavobacteriales,f:Flavobacteriaceae,g:Altibacter,s:Altibacter lentus
ASV813	87.879	462	54	2	1	461	315	775	2.41e-153	542	tax=d:Bacteria,p:Bacteroidetes,c:Flavobacteria,o:Flavobacteriales,f:Flavobacteriaceae,g:Spongiibacterium,s:Spongiibacterium flavum
ASV813	87.905	463	53	2	1	461	309	770	2.41e-153	542	tax=d:Bacteria,p:Bacteroidetes,c:Flavobacteria,o:Flavobacteriales,f:Flavobacteriaceae,g:Flavobacterium,s:JF203596_s
ASV813	88.419	449	52	0	1	449	309	757	2.41e-153	542	tax=d:Bacteria,p:Bacteroidetes,c:Flavobacteria,o:Flavobacteriales,f:Flavobacteriaceae,g:HQ727603_g,s:HQ727604_s
ASV813	87.852	461	56	0	1	461	309	769	2.41e-153	542	tax=d:Bacteria,p:Bacteroidetes,c:Flavobacteria,o:Flavobacteriales,f:Flavobacteriaceae,g:HQ727603_g,s:HQ727603_s
ASV813	87.852	461	56	0	1	461	309	769	2.41e-153	542	tax=d:Bacteria,p:Bacteroidetes,c:Flavobacteria,o:Flavobacteriales,f:Flavobacteriaceae,g:Gelidibacter,s:HQ716365_s
ASV813	87.905	463	52	4	1	461	315	775	2.41e-153	542	tax=d:Bacteria,p:Bacteroidetes,c:Flavobacteria,o:Flavobacteriales,f:Flavobacteriaceae,g:Aquimarina,s:Aquimarina gracilis
ASV813	87.879	462	54	2	1	461	311	771	2.41e-153	542	tax=d:Bacteria,p:Bacteroidetes,c:Flavobacteria,o:Flavobacteriales,f:Flavobacteriaceae,g:Robiginitalea,s:FJ517119_s
ASV813	87.931	464	50	6	1	461	308	768	2.41e-153	542	tax=d:Bacteria,p:Bacteroidetes,c:Flavobacteria,o:Flavobacteriales,f:Flavobacteriaceae,g:Nonlabens,s:Nonlabens antarcticus
ASV813	87.879	462	54	2	1	461	315	775	2.41e-153	542	tax=d:Bacteria,p:Bacteroidetes,c:Flavobacteria,o:Flavobacteriales,f:Flavobacteriaceae,g:Robiginitalea,s:DQ395008_s
ASV813	87.931	464	50	6	1	461	298	758	2.41e-153	542	tax=d:Bacteria,p:Bacteroidetes,c:Flavobacteria,o:Flavobacteriales,f:Flavobacteriaceae,g:Tamlana,s:Tamlana crocina
ASV813	87.879	462	53	3	1	461	304	763	8.66e-153	540	tax=d:Bacteria,p:Bacteroidetes,c:Flavobacteria,o:Flavobacteriales,f:Flavobacteriaceae,g:Aureisphaera,s:EU391659_s
ASV813	87.689	463	53	4	1	461	309	769	1.12e-151	536	tax=d:Bacteria,p:Bacteroidetes,c:Flavobacteria,o:Flavobacteriales,f:Flavobacteriaceae,g:Nonlabens,s:LT627735_s
ASV813	87.662	462	55	2	1	461	283	743	1.12e-151	536	tax=d:Bacteria,p:Bacteroidetes,c:Flavobacteria,o:Flavobacteriales,f:Flavobacteriaceae,g:Aurantiacicella,s:Aurantiacicella marina
ASV813	87.662	462	55	2	1	461	309	769	1.12e-151	536	tax=d:Bacteria,p:Bacteroidetes,c:Flavobacteria,o:Flavobacteriales,f:Flavobacteriaceae,g:Confluentibacter,s:Confluentibacter citreus
ASV813	87.662	462	55	2	1	461	311	771	1.12e-151	536	tax=d:Bacteria,p:Bacteroidetes,c:Flavobacteria,o:Flavobacteriales,f:Flavobacteriaceae,g:Flaviramulus,s:Flaviramulus aestuariivivens
ASV813	87.662	462	55	2	1	461	315	775	1.12e-151	536	tax=d:Bacteria,p:Bacteroidetes,c:Flavobacteria,o:Flavobacteriales,f:Flavobacteriaceae,g:Winogradskyella,s:Winogradskyella flava
ASV813	87.636	461	57	0	1	461	308	768	1.12e-151	536	tax=d:Bacteria,p:Bacteroidetes,c:Flavobacteria,o:Flavobacteriales,f:Flavobacteriaceae,g:Flavivirga,s:Flavivirga eckloniae
ASV813	87.636	461	57	0	1	461	311	771	1.12e-151	536	tax=d:Bacteria,p:Bacteroidetes,c:Flavobacteria,o:Flavobacteriales,f:Flavobacteriaceae,g:Bizionia,s:Bizionia arctica
ASV813	87.636	461	57	0	1	461	307	767	1.12e-151	536	tax=d:Bacteria,p:Bacteroidetes,c:Flavobacteria,o:Flavobacteriales,f:Flavobacteriaceae,g:Mariniflexile,s:Mariniflexile soesokkakense
ASV813	87.662	462	55	2	1	461	317	777	1.12e-151	536	tax=d:Bacteria,p:Bacteroidetes,c:Flavobacteria,o:Flavobacteriales,f:Flavobacteriaceae,g:Mangrovimonas,s:Mangrovimonas yunxiaonensis
ASV813	87.662	462	55	2	1	461	305	765	1.12e-151	536	tax=d:Bacteria,p:Bacteroidetes,c:Flavobacteria,o:Flavobacteriales,f:Flavobacteriaceae,g:Confluentibacter,s:JQ408141_s
ASV813	87.689	463	53	4	1	461	307	767	1.12e-151	536	tax=d:Bacteria,p:Bacteroidetes,c:Flavobacteria,o:Flavobacteriales,f:Flavobacteriaceae,g:Winogradskyella,s:Winogradskyella pulchriflava
ASV813	87.662	462	55	2	1	461	311	771	1.12e-151	536	tax=d:Bacteria,p:Bacteroidetes,c:Flavobacteria,o:Flavobacteriales,f:Flavobacteriaceae,g:Algibacter,s:Algibacter agarilyticus
ASV813	87.636	461	57	0	1	461	315	775	1.12e-151	536	tax=d:Bacteria,p:Bacteroidetes,c:Flavobacteria,o:Flavobacteriales,f:Flavobacteriaceae,g:Aquimarina,s:Aquimarina intermedia
ASV813	87.662	462	55	2	1	461	315	775	1.12e-151	536	tax=d:Bacteria,p:Bacteroidetes,c:Flavobacteria,o:Flavobacteriales,f:Flavobacteriaceae,g:JF272067_g,s:JF272067_s
ASV813	87.689	463	53	3	1	461	311	771	1.12e-151	536	tax=d:Bacteria,p:Bacteroidetes,c:Flavobacteria,o:Flavobacteriales,f:Flavobacteriaceae,g:Sediminibacter,s:HQ190520_s
ASV813	87.689	463	53	4	1	461	307	767	1.12e-151	536	tax=d:Bacteria,p:Bacteroidetes,c:Flavobacteria,o:Flavobacteriales,f:Flavobacteriaceae,g:Nonlabens,s:Nonlabens agnitus
ASV813	87.689	463	54	3	1	461	281	742	1.12e-151	536	tax=d:Bacteria,p:Bacteroidetes,c:Flavobacteria,o:Flavobacteriales,f:Flavobacteriaceae,g:Flagellimonas,s:FJ348472_s
ASV813	87.662	462	55	2	1	461	311	771	1.12e-151	536	tax=d:Bacteria,p:Bacteroidetes,c:Flavobacteria,o:Flavobacteriales,f:Flavobacteriaceae,g:Aequorivita,s:Aequorivita aestuarii
ASV813	87.689	463	53	3	1	461	311	771	1.12e-151	536	tax=d:Bacteria,p:Bacteroidetes,c:Flavobacteria,o:Flavobacteriales,f:Flavobacteriaceae,g:Sediminibacter,s:EU328022_s
ASV813	87.662	462	55	2	1	461	307	767	1.12e-151	536	tax=d:Bacteria,p:Bacteroidetes,c:Flavobacteria,o:Flavobacteriales,f:Flavobacteriaceae,g:Capnocytophaga,s:Capnocytophaga stomatis
ASV813	87.689	463	53	4	1	461	307	767	1.12e-151	536	tax=d:Bacteria,p:Bacteroidetes,c:Flavobacteria,o:Flavobacteriales,f:Flavobacteriaceae,g:Flavobacterium,s:CP012388_s
ASV813	87.662	462	56	1	1	461	311	772	1.12e-151	536	tax=d:Bacteria,p:Bacteroidetes,c:Flavobacteria,o:Flavobacteriales,f:Flavobacteriaceae,g:Gaetbulibacter,s:Gaetbulibacter saemankumensis
ASV813	87.662	462	55	2	1	461	311	771	1.12e-151	536	tax=d:Bacteria,p:Bacteroidetes,c:Flavobacteria,o:Flavobacteriales,f:Flavobacteriaceae,g:Gelidibacter,s:Gelidibacter mesophilus
ASV813	87.689	463	53	4	1	461	309	769	1.12e-151	536	tax=d:Bacteria,p:Bacteroidetes,c:Flavobacteria,o:Flavobacteriales,f:Flavobacteriaceae,g:Nonlabens,s:Nonlabens marinus
ASV813	87.636	461	57	0	1	461	311	771	1.12e-151	536	tax=d:Bacteria,p:Bacteroidetes,c:Flavobacteria,o:Flavobacteriales,f:Flavobacteriaceae,g:Sediminibacter,s:Sediminibacter furfurosus
ASV813	87.662	462	55	2	1	461	309	769	1.12e-151	536	tax=d:Bacteria,p:Bacteroidetes,c:Flavobacteria,o:Flavobacteriales,f:Flavobacteriaceae,g:Sediminicola,s:Sediminicola luteus
ASV813	87.662	462	55	2	1	461	278	738	1.12e-151	536	tax=d:Bacteria,p:Bacteroidetes,c:Flavobacteria,o:Flavobacteriales,f:Flavobacteriaceae,g:Kriegella,s:Kriegella aquimaris
ASV813	87.554	466	52	6	1	461	300	764	4.03e-151	534	tax=d:Bacteria,p:Bacteroidetes,c:Sphingobacteriia,o:NVQB_o,f:NVQB_f,g:DQ404664_g,s:AY599669_s
ASV813	87.446	462	56	2	1	461	314	774	1.45e-150	532	tax=d:Bacteria,p:Bacteroidetes,c:Flavobacteria,o:Flavobacteriales,f:Flavobacteriaceae,g:Robiginitalea,s:JF272072_s
ASV813	87.500	464	52	5	1	461	318	778	5.21e-150	531	tax=d:Bacteria,p:Bacteroidetes,c:Flavobacteria,o:Flavobacteriales,f:Flavobacteriaceae,g:Maribacter,s:Maribacter arenosus
ASV813	87.473	463	54	4	1	461	314	774	5.21e-150	531	tax=d:Bacteria,p:Bacteroidetes,c:Flavobacteria,o:Flavobacteriales,f:Flavobacteriaceae,g:Jejudonia,s:Jejudonia soesokkakensis
ASV813	87.419	461	58	0	1	461	309	769	5.21e-150	531	tax=d:Bacteria,p:Bacteroidetes,c:Flavobacteria,o:Flavobacteriales,f:Flavobacteriaceae,g:Aquaticitalea,s:Aquaticitalea lipolytica
ASV813	87.419	461	58	0	1	461	309	769	5.21e-150	531	tax=d:Bacteria,p:Bacteroidetes,c:Flavobacteria,o:Flavobacteriales,f:Flavobacteriaceae,g:Gelidibacter,s:Gelidibacter algens
ASV813	87.446	462	56	2	1	461	311	771	5.21e-150	531	tax=d:Bacteria,p:Bacteroidetes,c:Flavobacteria,o:Flavobacteriales,f:Flavobacteriaceae,g:Gaetbulibacter,s:Gaetbulibacter aestuarii
ASV813	87.419	461	58	0	1	461	305	765	5.21e-150	531	tax=d:Bacteria,p:Bacteroidetes,c:Flavobacteria,o:Flavobacteriales,f:Flavobacteriaceae,g:Flavobacterium,s:GQ354935_s
ASV813	87.446	462	56	2	1	461	315	775	5.21e-150	531	tax=d:Bacteria,p:Bacteroidetes,c:Flavobacteria,o:Flavobacteriales,f:Flavobacteriaceae,g:Robiginitalea,s:GQ249513_s
ASV813	87.446	462	56	2	1	461	317	777	5.21e-150	531	tax=d:Bacteria,p:Bacteroidetes,c:Flavobacteria,o:Flavobacteriales,f:Flavobacteriaceae,g:EU283517_g,s:EU283517_s
ASV813	87.554	466	48	9	1	461	309	769	5.21e-150	531	tax=d:Bacteria,p:Bacteroidetes,c:Flavobacteria,o:Flavobacteriales,f:Flavobacteriaceae,g:Nonlabens,s:EF217417_s
ASV813	87.473	463	54	4	1	461	315	775	5.21e-150	531	tax=d:Bacteria,p:Bacteroidetes,c:Flavobacteria,o:Flavobacteriales,f:Flavobacteriaceae,g:Aureisphaera,s:EF108217_s
ASV813	87.419	461	58	0	1	461	307	767	5.21e-150	531	tax=d:Bacteria,p:Bacteroidetes,c:Flavobacteria,o:Flavobacteriales,f:Flavobacteriaceae,g:Capnocytophaga,s:Capnocytophaga cynodegmi
ASV813	87.419	461	58	0	1	461	311	771	5.21e-150	531	tax=d:Bacteria,p:Bacteroidetes,c:Flavobacteria,o:Flavobacteriales,f:Flavobacteriaceae,g:Gelidibacter,s:AJ786810_s
ASV813	87.391	460	58	0	1	460	315	774	1.87e-149	529	tax=d:Bacteria,p:Bacteroidetes,c:Flavobacteria,o:Flavobacteriales,f:Flavobacteriaceae,g:Hyunsoonleella,s:Hyunsoonleella jejuensis
ASV813	87.391	460	58	0	1	460	311	770	1.87e-149	529	tax=d:Bacteria,p:Bacteroidetes,c:Flavobacteria,o:Flavobacteriales,f:Flavobacteriaceae,g:Algibacter,s:FJ425219_s
ASV813	87.446	462	54	4	2	461	318	777	1.87e-149	529	tax=d:Bacteria,p:Bacteroidetes,c:Flavobacteria,o:Flavobacteriales,f:Flavobacteriaceae,g:Actibacter,s:EF125443_s
ASV813	87.419	461	57	1	1	461	315	774	1.87e-149	529	tax=d:Bacteria,p:Bacteroidetes,c:Flavobacteria,o:Flavobacteriales,f:Flavobacteriaceae,g:Robiginitalea,s:Robiginitalea biformata
ASV813	87.257	463	55	4	1	461	314	774	2.42e-148	525	tax=d:Bacteria,p:Bacteroidetes,c:Flavobacteria,o:Flavobacteriales,f:Flavobacteriaceae,g:Ulvibacter,s:LRXL_s
ASV813	87.202	461	59	0	1	461	315	775	2.42e-148	525	tax=d:Bacteria,p:Bacteroidetes,c:Flavobacteria,o:Flavobacteriales,f:Flavobacteriaceae,g:Croceitalea,s:Croceitalea dokdonensis
ASV813	87.229	462	57	2	1	461	313	773	2.42e-148	525	tax=d:Bacteria,p:Bacteroidetes,c:Flavobacteria,o:Flavobacteriales,f:Flavobacteriaceae,g:Spongiimicrobium,s:Spongiimicrobium salis
ASV813	87.229	462	57	2	1	461	314	774	2.42e-148	525	tax=d:Bacteria,p:Bacteroidetes,c:Flavobacteria,o:Flavobacteriales,f:Flavobacteriaceae,g:Marinirhabdus,s:Marinirhabdus citrea
ASV813	87.229	462	57	2	1	461	311	771	2.42e-148	525	tax=d:Bacteria,p:Bacteroidetes,c:Flavobacteria,o:Flavobacteriales,f:Cryomorphaceae,g:Phaeocystidibacter,s:Phaeocystidibacter marisrubri
ASV813	87.229	462	57	2	1	461	311	771	2.42e-148	525	tax=d:Bacteria,p:Bacteroidetes,c:Flavobacteria,o:Flavobacteriales,f:Flavobacteriaceae,g:Hoppeia,s:Hoppeia youngheungensis
ASV813	87.257	463	55	4	1	461	317	777	2.42e-148	525	tax=d:Bacteria,p:Bacteroidetes,c:Flavobacteria,o:Flavobacteriales,f:Flavobacteriaceae,g:Winogradskyella,s:Winogradskyella multivorans
ASV813	87.229	462	57	2	1	461	317	777	2.42e-148	525	tax=d:Bacteria,p:Bacteroidetes,c:Flavobacteria,o:Flavobacteriales,f:Flavobacteriaceae,g:Winogradskyella,s:JF272214_s
ASV813	87.202	461	59	0	1	461	307	767	2.42e-148	525	tax=d:Bacteria,p:Bacteroidetes,c:Flavobacteria,o:Flavobacteriales,f:Flavobacteriaceae,g:Capnocytophaga,s:JF240234_s
ASV813	87.229	462	57	2	1	461	294	754	2.42e-148	525	tax=d:Bacteria,p:Bacteroidetes,c:Flavobacteria,o:Flavobacteriales,f:Flavobacteriaceae,g:Mangrovimonas,s:HQ439536_s
ASV813	87.229	462	57	2	1	461	303	763	2.42e-148	525	tax=d:Bacteria,p:Bacteroidetes,c:Flavobacteria,o:Flavobacteriales,f:Flavobacteriaceae,g:Spongiibacterium,s:HQ439515_s
ASV813	87.257	463	55	4	1	461	309	769	2.42e-148	525	tax=d:Bacteria,p:Bacteroidetes,c:Flavobacteria,o:Flavobacteriales,f:Flavobacteriaceae,g:GU201976_g,s:GU201976_s
ASV813	87.257	463	55	4	1	461	313	773	2.42e-148	525	tax=d:Bacteria,p:Bacteroidetes,c:Bacteroidia,o:Bacteroidales,f:GQ357022_f,g:GQ357022_g,s:GQ354963_s
ASV813	87.284	464	53	6	1	461	297	757	2.42e-148	525	tax=d:Bacteria,p:Bacteroidetes,c:Flavobacteria,o:Flavobacteriales,f:Flavobacteriaceae,g:Euzebyella,s:Euzebyella saccharophila
ASV813	87.257	463	55	4	1	461	311	771	2.42e-148	525	tax=d:Bacteria,p:Bacteroidetes,c:Flavobacteria,o:Flavobacteriales,f:Flavobacteriaceae,g:Spongiimicrobium,s:FJ545565_s
ASV813	87.229	462	57	2	1	461	317	777	2.42e-148	525	tax=d:Bacteria,p:Bacteroidetes,c:Flavobacteria,o:Flavobacteriales,f:Flavobacteriaceae,g:Lutimonas,s:Lutimonas vermicola
