ASV1662	100.000	461	0	0	1	461	1	461	0.0	852	ASV1662-JX489981_g sp.
ASV1662	99.783	460	1	0	1	460	1	460	0.0	845	ASV1463-JX489981_g sp.
ASV1662	99.566	461	2	0	1	461	1	461	0.0	841	ASV1669-JX489981_g sp.
ASV1662	99.565	460	2	0	1	460	1	460	0.0	839	ASV1647-JX489981_g sp.
ASV1662	99.565	460	2	0	1	460	1	460	0.0	839	ASV1593-JX489981_g sp.
ASV1662	99.565	460	2	0	1	460	1	460	0.0	839	ASV1518-JX489981_g sp.
ASV1662	99.349	461	3	0	1	461	1	461	0.0	835	ASV1644-JX489981_g sp.
ASV1662	99.348	460	3	0	1	460	1	460	0.0	833	ASV1643-JX489981_g sp.
ASV1662	99.348	460	3	0	1	460	1	460	0.0	833	ASV1572-JX489981_g sp.
ASV1662	99.348	460	3	0	1	460	1	460	0.0	833	ASV1208-JX489981_g sp.
ASV1662	95.011	461	23	0	1	461	1	461	0.0	725	ASV1719-JX489884_g sp.
ASV1662	94.565	460	25	0	1	460	1	460	0.0	712	ASV1543-JX489884_g sp.
ASV1662	94.130	460	27	0	1	460	1	460	0.0	701	ASV1528-Nemorella sp.
ASV1662	94.130	460	27	0	1	460	1	460	0.0	701	ASV1500-Nemorella sp.
ASV1662	93.913	460	28	0	1	460	1	460	0.0	695	ASV1490-Nemorella sp.
ASV1662	93.913	460	28	0	1	460	1	460	0.0	695	ASV1388-Nemorella sp.
ASV1662	93.913	460	28	0	1	460	1	460	0.0	695	ASV1174-Nemorella sp.
ASV1662	93.709	461	29	0	1	461	1	461	0.0	691	ASV1573-Nemorella sp.
ASV1662	93.696	460	29	0	1	460	3	462	0.0	689	ASV1501-Nemorella sp.
ASV1662	93.696	460	29	0	1	460	1	460	0.0	689	ASV1487-Nemorella sp.
ASV1662	93.696	460	29	0	1	460	1	460	0.0	689	ASV1450-Nemorella sp.
ASV1662	93.478	460	30	0	1	460	1	460	0.0	684	ASV1605-Nemorella sp.
ASV1662	93.478	460	30	0	1	460	1	460	0.0	684	ASV1521-Nemorella sp.
ASV1662	93.478	460	30	0	1	460	1	460	0.0	684	ASV1435-Nemorella sp.
ASV1662	91.342	462	36	4	1	460	1	460	0.0	628	ASV1594-Taibaiella yonginensis
ASV1662	91.342	462	36	4	1	460	1	460	0.0	628	ASV1473-Taibaiella yonginensis
ASV1662	91.342	462	36	4	1	460	1	460	0.0	628	ASV1298-Taibaiella yonginensis
ASV1662	91.126	462	37	4	1	460	1	460	7.33e-180	623	ASV1591-Taibaiella yonginensis
ASV1662	91.126	462	37	4	1	460	1	460	7.33e-180	623	ASV1568-Taibaiella yonginensis
ASV1662	91.126	462	37	4	1	460	1	460	7.33e-180	623	ASV1439-Taibaiella yonginensis
ASV1662	91.126	462	37	4	1	460	1	460	7.33e-180	623	ASV1048-Taibaiella yonginensis
ASV1662	90.909	462	38	4	1	460	2	461	3.41e-178	617	ASV1596-Taibaiella yonginensis
ASV1662	90.909	462	38	4	1	460	1	460	3.41e-178	617	ASV1506-Taibaiella yonginensis
ASV1662	90.909	462	38	4	1	460	2	461	3.41e-178	617	ASV1356-Taibaiella yonginensis
ASV1662	90.476	462	40	3	1	460	1	460	7.38e-175	606	ASV1702-Taibaiella sp.
ASV1662	90.476	462	40	3	1	460	1	460	7.38e-175	606	ASV1695-Taibaiella sp.
ASV1662	90.476	462	40	3	1	460	1	460	7.38e-175	606	ASV1608-Taibaiella sp.
ASV1662	90.476	462	40	3	1	460	1	460	7.38e-175	606	ASV1504-Taibaiella sp.
ASV1662	90.260	462	41	3	1	460	1	460	3.43e-173	601	ASV1308-Taibaiella sp.
ASV1662	90.043	462	42	3	1	460	2	461	1.60e-171	595	ASV1759-Taibaiella sp.
ASV1662	90.043	462	42	3	1	460	1	460	1.60e-171	595	ASV1402-Taibaiella sp.
ASV1662	90.043	462	42	3	1	460	1	460	1.60e-171	595	ASV1315-Taibaiella sp.
ASV1662	89.805	461	44	3	1	460	1	459	2.67e-169	588	ASV251-Flaviaesturariibacter terrae
ASV1662	89.633	463	42	6	1	460	1	460	3.46e-168	584	ASV1077-Chitinophaga ginsengisegetis
ASV1662	89.588	461	45	3	1	460	1	459	1.24e-167	582	ASV884-Flaviaesturariibacter terrae
ASV1662	89.588	461	45	3	1	460	1	459	1.24e-167	582	ASV777-Flaviaesturariibacter terrae
ASV1662	89.588	461	45	3	1	460	1	459	1.24e-167	582	ASV282-Flaviaesturariibacter terrae
ASV1662	89.588	461	45	3	1	460	1	459	1.24e-167	582	ASV220-Flaviaesturariibacter terrae
ASV1662	89.588	461	45	3	1	460	1	459	1.24e-167	582	ASV157-Flaviaesturariibacter terrae
ASV1662	89.394	462	46	3	1	461	1	460	1.61e-166	579	ASV949-Flaviaesturariibacter terrae
ASV1662	89.371	461	46	3	1	460	2	460	5.79e-166	577	ASV1412-Flaviaesturariibacter terrae
ASV1662	89.371	461	46	3	1	460	1	459	5.79e-166	577	ASV779-Flaviaesturariibacter terrae
ASV1662	89.371	461	46	3	1	460	1	459	5.79e-166	577	ASV768-Flaviaesturariibacter terrae
ASV1662	89.371	461	46	3	1	460	1	459	5.79e-166	577	ASV547-Flaviaesturariibacter terrae
ASV1662	89.371	461	46	3	1	460	1	459	5.79e-166	577	ASV503-Flaviaesturariibacter terrae
ASV1662	89.371	461	46	3	1	460	1	459	5.79e-166	577	ASV426-Flaviaesturariibacter terrae
ASV1662	89.371	461	46	3	1	460	1	459	5.79e-166	577	ASV334-Flaviaesturariibacter terrae
ASV1662	89.371	461	46	3	1	460	1	459	5.79e-166	577	ASV302-Flaviaesturariibacter terrae
ASV1662	89.371	461	46	3	1	460	1	459	5.79e-166	577	ASV293-Flaviaesturariibacter terrae
ASV1662	89.371	461	46	3	1	460	1	459	5.79e-166	577	ASV291-Flaviaesturariibacter terrae
ASV1662	89.371	461	46	3	1	460	1	459	5.79e-166	577	ASV167-Flaviaesturariibacter terrae
ASV1662	89.201	463	44	6	1	460	1	460	7.49e-165	573	ASV1614-Panacibacter sp.
ASV1662	89.154	461	47	3	1	460	3	461	2.69e-164	571	ASV1272-Flaviaesturariibacter terrae
ASV1662	89.154	461	47	3	1	460	1	459	2.69e-164	571	ASV1022-Flaviaesturariibacter terrae
ASV1662	89.154	461	47	3	1	460	1	459	2.69e-164	571	ASV994-Flaviaesturariibacter terrae
ASV1662	89.154	461	47	3	1	460	1	459	2.69e-164	571	ASV983-Flaviaesturariibacter terrae
ASV1662	89.154	461	47	3	1	460	1	459	2.69e-164	571	ASV970-Flaviaesturariibacter terrae
ASV1662	89.154	461	47	3	1	460	1	459	2.69e-164	571	ASV965-Flaviaesturariibacter terrae
ASV1662	89.154	461	47	3	1	460	2	460	2.69e-164	571	ASV922-Flaviaesturariibacter terrae
ASV1662	89.154	461	47	3	1	460	1	459	2.69e-164	571	ASV836-Flaviaesturariibacter terrae
ASV1662	89.154	461	47	3	1	460	1	459	2.69e-164	571	ASV740-Flaviaesturariibacter terrae
ASV1662	89.154	461	47	3	1	460	1	459	2.69e-164	571	ASV731-Flaviaesturariibacter terrae
ASV1662	89.154	461	47	3	1	460	1	459	2.69e-164	571	ASV457-Flaviaesturariibacter terrae
ASV1662	89.154	461	47	3	1	460	1	459	2.69e-164	571	ASV352-Flaviaesturariibacter terrae
ASV1662	89.154	461	47	3	1	460	1	459	2.69e-164	571	ASV232-Flaviaesturariibacter terrae
ASV1662	88.985	463	45	6	1	460	2	461	3.48e-163	568	ASV1703-Panacibacter sp.
ASV1662	88.985	463	45	6	1	460	2	461	3.48e-163	568	ASV1629-Panacibacter sp.
ASV1662	88.961	462	47	4	1	460	2	461	3.48e-163	568	ASV1393-Chitinophaga eiseniae
ASV1662	88.961	462	47	4	1	460	3	462	3.48e-163	568	ASV1290-Chitinophaga eiseniae
ASV1662	88.961	462	47	4	1	460	1	460	3.48e-163	568	ASV616-Chitinophaga eiseniae
ASV1662	88.937	461	48	3	1	460	1	459	1.25e-162	566	ASV904-Flaviaesturariibacter terrae
ASV1662	88.937	461	48	3	1	460	1	459	1.25e-162	566	ASV797-Flaviaesturariibacter terrae
ASV1662	88.937	461	48	3	1	460	1	459	1.25e-162	566	ASV613-Flaviaesturariibacter terrae
ASV1662	88.769	463	48	4	1	461	1	461	4.51e-162	564	ASV1148-Chitinophaga eiseniae
ASV1662	88.769	463	46	6	1	460	2	461	1.62e-161	562	ASV1649-Panacibacter sp.
ASV1662	88.745	462	48	4	1	460	2	461	1.62e-161	562	ASV1545-Chitinophaga eiseniae
ASV1662	88.745	462	48	4	1	460	1	460	1.62e-161	562	ASV1532-Chitinophaga eiseniae
ASV1662	88.745	462	48	4	1	460	1	460	1.62e-161	562	ASV1438-Chitinophaga eiseniae
ASV1662	88.745	462	48	4	1	460	1	460	1.62e-161	562	ASV1322-Chitinophaga eiseniae
ASV1662	88.745	462	48	4	1	460	2	461	1.62e-161	562	ASV1265-Chitinophaga eiseniae
ASV1662	88.745	462	48	4	1	460	1	460	1.62e-161	562	ASV1188-Chitinophaga eiseniae
ASV1662	88.745	462	48	4	1	460	1	460	1.62e-161	562	ASV1040-Chitinophaga eiseniae
ASV1662	88.553	463	49	4	1	461	2	462	2.10e-160	558	ASV1295-Chitinophaga eiseniae
ASV1662	88.503	461	51	2	1	460	1	460	7.54e-160	556	ASV1638-Pseudoflavitalea soli
ASV1662	88.528	462	49	4	1	460	1	460	7.54e-160	556	ASV1563-Chitinophaga eiseniae
ASV1662	88.528	462	49	4	1	460	1	460	7.54e-160	556	ASV1547-Chitinophaga eiseniae
ASV1662	88.528	462	49	4	1	460	1	460	7.54e-160	556	ASV1155-Chitinophaga eiseniae
ASV1662	88.528	462	49	4	1	460	1	460	7.54e-160	556	ASV1096-Chitinophaga eiseniae
ASV1662	88.312	462	50	4	1	460	1	460	3.51e-158	551	ASV1461-Chitinophaga eiseniae
ASV1662	88.312	462	50	4	1	460	2	461	3.51e-158	551	ASV1310-Chitinophaga eiseniae
ASV1662	88.312	462	50	4	1	460	1	460	3.51e-158	551	ASV1044-Chitinophaga eiseniae
ASV1662	88.121	463	51	2	1	461	1	461	4.54e-157	547	ASV1363-Terrimonas ferruginea
ASV1662	88.095	462	51	2	1	460	1	460	1.63e-156	545	ASV1580-Terrimonas ferruginea
ASV1662	88.095	462	51	2	1	460	1	460	1.63e-156	545	ASV1579-Terrimonas ferruginea
ASV1662	88.095	462	51	2	1	460	1	460	1.63e-156	545	ASV1513-Terrimonas ferruginea
ASV1662	88.069	461	53	2	1	460	1	460	1.63e-156	545	ASV1448-Pseudoflavitalea soli
ASV1662	88.095	462	51	2	1	460	1	460	1.63e-156	545	ASV1294-Terrimonas ferruginea
ASV1662	87.879	462	54	2	1	461	1	461	2.11e-155	542	ASV1645-Chitinophaga ginsengihumi
ASV1662	87.879	462	54	2	1	461	1	461	2.11e-155	542	ASV1597-Chitinophaga ginsengihumi
ASV1662	87.879	462	52	2	1	460	1	460	7.59e-155	540	ASV1540-Terrimonas ferruginea
ASV1662	87.879	462	52	2	1	460	1	460	7.59e-155	540	ASV1538-Terrimonas ferruginea
ASV1662	87.879	462	52	2	1	460	1	460	7.59e-155	540	ASV1449-Terrimonas ferruginea
ASV1662	87.662	462	55	2	1	461	1	461	9.82e-154	536	ASV1223-Pseudobacter ginsenosidimutans
ASV1662	87.662	462	53	2	1	460	1	460	3.53e-153	534	ASV1582-Terrimonas ferruginea
ASV1662	87.662	462	53	2	1	460	2	461	3.53e-153	534	ASV1558-Terrimonas ferruginea
ASV1662	87.636	461	55	2	1	460	2	461	3.53e-153	534	ASV1541-Chitinophaga ginsengihumi
ASV1662	87.636	461	55	2	1	460	1	460	3.53e-153	534	ASV1383-Pseudobacter ginsenosidimutans
ASV1662	87.636	461	55	2	1	460	1	460	3.53e-153	534	ASV1345-Pseudobacter ginsenosidimutans
ASV1662	87.636	461	55	2	1	460	2	461	3.53e-153	534	ASV1340-Pseudobacter ginsenosidimutans
ASV1662	87.636	461	55	2	1	460	1	460	3.53e-153	534	ASV1235-Pseudobacter ginsenosidimutans
ASV1662	87.636	461	55	2	1	460	1	460	3.53e-153	534	ASV1230-Pseudobacter ginsenosidimutans
ASV1662	87.419	461	56	2	1	460	2	461	1.64e-151	529	ASV1581-Pseudobacter ginsenosidimutans
ASV1662	87.419	461	56	2	1	460	1	460	1.64e-151	529	ASV1576-Pseudobacter ginsenosidimutans
ASV1662	87.419	461	56	2	1	460	2	461	1.64e-151	529	ASV1571-Pseudobacter ginsenosidimutans
ASV1662	87.419	461	56	2	1	460	1	460	1.64e-151	529	ASV1524-Pseudobacter ginsenosidimutans
ASV1662	87.419	461	56	2	1	460	1	460	1.64e-151	529	ASV1511-Pseudobacter ginsenosidimutans
ASV1662	87.419	461	56	2	1	460	2	461	1.64e-151	529	ASV1498-Pseudobacter ginsenosidimutans
ASV1662	87.419	461	56	2	1	460	1	460	1.64e-151	529	ASV1478-Pseudobacter ginsenosidimutans
ASV1662	87.419	461	56	2	1	460	1	460	1.64e-151	529	ASV1413-Pseudobacter ginsenosidimutans
ASV1662	87.419	461	56	2	1	460	1	460	1.64e-151	529	ASV1278-Pseudobacter ginsenosidimutans
ASV1662	87.419	461	56	2	1	460	1	460	1.64e-151	529	ASV1273-Pseudobacter ginsenosidimutans
ASV1662	87.419	461	56	2	1	460	1	460	1.64e-151	529	ASV1219-Pseudobacter ginsenosidimutans
ASV1662	87.419	461	56	2	1	460	1	460	1.64e-151	529	ASV1173-Pseudobacter ginsenosidimutans
ASV1662	87.229	462	57	2	1	461	2	462	2.13e-150	525	ASV1496-Pseudobacter ginsenosidimutans
ASV1662	87.202	461	57	2	1	460	1	460	7.65e-150	523	ASV1574-Pseudobacter ginsenosidimutans
ASV1662	87.202	461	57	2	1	460	1	460	7.65e-150	523	ASV1492-Pseudobacter ginsenosidimutans
ASV1662	87.202	461	57	2	1	460	1	460	7.65e-150	523	ASV1482-Pseudobacter ginsenosidimutans
ASV1662	87.202	461	57	2	1	460	1	460	7.65e-150	523	ASV1481-Pseudobacter ginsenosidimutans
ASV1662	87.202	461	57	2	1	460	1	460	7.65e-150	523	ASV1474-Pseudobacter ginsenosidimutans
ASV1662	87.202	461	57	2	1	460	2	461	7.65e-150	523	ASV1445-Pseudobacter ginsenosidimutans
ASV1662	87.202	461	57	2	1	460	1	460	7.65e-150	523	ASV1377-Pseudobacter ginsenosidimutans
ASV1662	87.202	461	57	2	1	460	1	460	7.65e-150	523	ASV1367-Pseudobacter ginsenosidimutans
ASV1662	87.202	461	57	2	1	460	2	461	7.65e-150	523	ASV1339-Pseudobacter ginsenosidimutans
ASV1662	87.202	461	57	2	1	460	1	460	7.65e-150	523	ASV1335-Pseudobacter ginsenosidimutans
ASV1662	87.202	461	57	2	1	460	2	461	7.65e-150	523	ASV1303-Pseudobacter ginsenosidimutans
ASV1662	87.202	461	57	2	1	460	1	460	7.65e-150	523	ASV1300-Pseudobacter ginsenosidimutans
ASV1662	87.202	461	57	2	1	460	1	460	7.65e-150	523	ASV1221-Pseudobacter ginsenosidimutans
ASV1662	87.013	462	58	2	1	461	1	461	9.89e-149	520	ASV1371-Pseudobacter ginsenosidimutans
ASV1662	86.985	461	58	2	1	460	2	461	3.56e-148	518	ASV1497-Pseudobacter ginsenosidimutans
ASV1662	86.985	461	58	2	1	460	1	460	3.56e-148	518	ASV1485-Pseudobacter ginsenosidimutans
ASV1662	86.985	461	58	2	1	460	1	460	3.56e-148	518	ASV1344-Pseudobacter ginsenosidimutans
ASV1662	86.985	461	58	2	1	460	1	460	3.56e-148	518	ASV1319-Pseudobacter ginsenosidimutans
ASV1662	86.985	461	58	2	1	460	1	460	3.56e-148	518	ASV1181-Pseudobacter ginsenosidimutans
ASV1662	86.985	461	58	2	1	460	1	460	3.56e-148	518	ASV880-Pseudobacter ginsenosidimutans
ASV1662	86.768	461	59	2	1	460	2	461	1.66e-146	512	ASV1178-Pseudobacter ginsenosidimutans
ASV1662	85.408	466	56	8	1	460	4	463	7.81e-135	473	ASV1790-GU208440_g sp.
ASV1662	84.829	468	60	10	1	460	1	465	6.08e-131	460	ASV1745-Chryseobacterium culicis
ASV1662	84.764	466	61	9	1	461	1	461	2.19e-130	459	ASV1699-Fluviicola hefeinensis
ASV1662	84.665	463	65	6	1	460	1	460	7.87e-130	457	ASV1724-HQ827923_g sp.
ASV1662	84.698	464	63	8	1	460	1	460	7.87e-130	457	ASV462-Chryseobacterium cucumeris
ASV1662	84.449	463	66	6	1	460	1	460	3.66e-128	451	ASV1746-HQ827923_g sp.
ASV1662	84.483	464	64	6	1	460	1	460	3.66e-128	451	ASV1264-Pedobacter sp.
ASV1662	84.483	464	64	6	1	460	1	460	3.66e-128	451	ASV1089-Pedobacter sp.
ASV1662	84.449	463	66	5	1	460	1	460	3.66e-128	451	ASV1016-Pedobacter sp.
ASV1662	84.483	464	64	6	1	460	1	460	3.66e-128	451	ASV739-Pedobacter sp.
ASV1662	84.483	464	64	8	1	460	1	460	3.66e-128	451	ASV376-Chryseobacterium cucumeris
ASV1662	84.483	464	64	8	1	460	1	460	3.66e-128	451	ASV351-Chryseobacterium cucumeris
ASV1662	84.483	464	64	8	1	460	1	460	3.66e-128	451	ASV339-Chryseobacterium cucumeris
ASV1662	84.483	464	64	8	1	460	1	460	3.66e-128	451	ASV263-Chryseobacterium cucumeris
ASV1662	84.483	464	64	8	1	460	1	460	3.66e-128	451	ASV115-Chryseobacterium cucumeris
ASV1662	84.267	464	65	6	1	460	1	460	1.70e-126	446	ASV1100-Pedobacter sp.
ASV1662	84.267	464	65	8	1	460	2	461	1.70e-126	446	ASV897-Chryseobacterium cucumeris
ASV1662	84.267	464	65	8	1	460	2	461	1.70e-126	446	ASV856-Chryseobacterium cucumeris
ASV1662	84.267	464	65	6	1	460	1	460	1.70e-126	446	ASV715-Pedobacter sp.
ASV1662	84.267	464	65	8	1	460	1	460	1.70e-126	446	ASV633-Chryseobacterium cucumeris
ASV1662	84.267	464	65	8	1	460	1	460	1.70e-126	446	ASV615-Chryseobacterium cucumeris
ASV1662	84.267	464	65	8	1	460	1	460	1.70e-126	446	ASV452-Chryseobacterium cucumeris
ASV1662	84.267	464	65	8	1	460	1	460	1.70e-126	446	ASV418-Chryseobacterium cucumeris
ASV1662	84.267	464	65	8	1	460	1	460	1.70e-126	446	ASV415-Chryseobacterium cucumeris
ASV1662	84.267	464	65	8	1	460	1	460	1.70e-126	446	ASV350-Chryseobacterium cucumeris
ASV1662	84.267	464	65	8	1	460	1	460	1.70e-126	446	ASV332-Chryseobacterium cucumeris
ASV1662	84.267	464	65	8	1	460	1	460	1.70e-126	446	ASV215-Chryseobacterium cucumeris
ASV1662	84.267	464	65	8	1	460	1	460	1.70e-126	446	ASV162-Chryseobacterium cucumeris
ASV1662	84.267	464	65	8	1	460	1	460	1.70e-126	446	ASV123-Chryseobacterium cucumeris
ASV1662	84.052	464	66	8	1	460	1	460	7.92e-125	440	ASV955-Chryseobacterium cucumeris
ASV1662	84.052	464	66	8	1	460	1	460	7.92e-125	440	ASV929-Chryseobacterium cucumeris
ASV1662	84.052	464	66	8	1	460	1	460	7.92e-125	440	ASV746-Chryseobacterium cucumeris
ASV1662	84.086	465	64	9	1	460	1	460	7.92e-125	440	ASV721-CP012155_g sp.
ASV1662	84.052	464	66	8	1	460	1	460	7.92e-125	440	ASV639-Chryseobacterium cucumeris
ASV1662	84.017	463	68	6	1	460	1	460	7.92e-125	440	ASV614-CP012155_g sp.
ASV1662	84.052	464	66	8	1	460	1	460	7.92e-125	440	ASV606-Chryseobacterium cucumeris
ASV1662	84.052	464	66	8	1	460	1	460	7.92e-125	440	ASV545-Chryseobacterium cucumeris
ASV1662	84.052	464	66	8	1	460	1	460	7.92e-125	440	ASV541-Chryseobacterium cucumeris
ASV1662	84.052	464	66	8	1	460	1	460	7.92e-125	440	ASV118-Chryseobacterium cucumeris
ASV1662	84.052	464	66	8	1	460	1	460	7.92e-125	440	ASV102-Chryseobacterium cucumeris
ASV1662	83.836	464	67	7	1	460	1	460	3.69e-123	435	ASV1600-Mucilaginibacter rubeus
ASV1662	83.871	465	65	10	1	460	1	460	3.69e-123	435	ASV1453-Pedobacter koreensis
ASV1662	83.836	464	67	8	1	460	1	460	3.69e-123	435	ASV975-Chryseobacterium cucumeris
ASV1662	83.871	465	65	9	1	460	1	460	3.69e-123	435	ASV821-CP012155_g sp.
ASV1662	83.871	465	65	9	1	460	1	460	3.69e-123	435	ASV812-CP012155_g sp.
ASV1662	83.801	463	69	6	1	460	1	460	3.69e-123	435	ASV796-CP012155_g sp.
ASV1662	83.871	465	65	9	1	460	1	460	3.69e-123	435	ASV704-CP012155_g sp.
ASV1662	83.871	465	65	9	1	460	1	460	3.69e-123	435	ASV655-CP012155_g sp.
ASV1662	83.871	465	65	9	1	460	2	461	3.69e-123	435	ASV563-CP012155_g sp.
ASV1662	83.871	465	65	9	1	460	1	460	3.69e-123	435	ASV337-CP012155_g sp.
ASV1662	83.871	465	65	9	1	460	1	460	3.69e-123	435	ASV330-CP012155_g sp.
ASV1662	83.691	466	66	9	1	461	1	461	4.77e-122	431	ASV818-CP012155_g sp.
ASV1662	83.691	466	66	9	1	461	1	461	4.77e-122	431	ASV594-CP012155_g sp.
ASV1662	83.691	466	64	8	1	460	1	460	1.71e-121	429	ASV1678-Pedobacter zeaxanthinifaciens
ASV1662	83.621	464	68	7	1	460	1	460	1.71e-121	429	ASV1634-Mucilaginibacter rubeus
ASV1662	83.621	464	68	7	1	460	1	460	1.71e-121	429	ASV1601-Mucilaginibacter rubeus
ASV1662	83.726	467	62	8	1	460	1	460	1.71e-121	429	ASV1472-Chryseobacterium culicis
ASV1662	83.656	465	66	9	1	460	1	460	1.71e-121	429	ASV961-CP012155_g sp.
ASV1662	83.656	465	66	9	1	460	1	460	1.71e-121	429	ASV725-CP012155_g sp.
ASV1662	83.656	465	66	9	1	460	1	460	1.71e-121	429	ASV706-CP012155_g sp.
ASV1662	83.585	463	70	6	1	460	1	460	1.71e-121	429	ASV651-CP012155_g sp.
ASV1662	83.656	465	66	9	1	460	1	460	1.71e-121	429	ASV601-CP012155_g sp.
ASV1662	83.656	465	66	9	1	460	1	460	1.71e-121	429	ASV554-CP012155_g sp.
ASV1662	83.656	465	66	9	1	460	1	460	1.71e-121	429	ASV532-CP012155_g sp.
ASV1662	83.656	465	66	9	1	460	1	460	1.71e-121	429	ASV509-CP012155_g sp.
ASV1662	83.656	465	66	9	1	460	1	460	1.71e-121	429	ASV445-CP012155_g sp.
ASV1662	83.656	465	66	9	1	460	1	460	1.71e-121	429	ASV218-CP012155_g sp.
ASV1662	83.656	465	66	9	1	460	1	460	1.71e-121	429	ASV211-CP012155_g sp.
ASV1662	83.656	465	66	9	1	460	1	460	1.71e-121	429	ASV202-CP012155_g sp.
ASV1662	83.441	465	67	10	1	460	1	460	7.98e-120	424	ASV852-Pedobacter kyungheensis
ASV1662	83.441	465	67	9	1	460	1	460	7.98e-120	424	ASV810-CP012155_g sp.
ASV1662	83.369	463	71	6	1	460	1	460	7.98e-120	424	ASV714-CP012155_g sp.
ASV1662	83.369	463	71	6	1	460	1	460	7.98e-120	424	ASV712-CP012155_g sp.
ASV1662	83.441	465	67	9	1	460	2	461	7.98e-120	424	ASV664-CP012155_g sp.
ASV1662	83.441	465	67	9	1	460	1	460	7.98e-120	424	ASV621-CP012155_g sp.
ASV1662	83.441	465	67	9	1	460	1	460	7.98e-120	424	ASV598-CP012155_g sp.
ASV1662	83.441	465	67	9	1	460	1	460	7.98e-120	424	ASV538-CP012155_g sp.
ASV1662	83.441	465	67	9	1	460	1	460	7.98e-120	424	ASV510-CP012155_g sp.
ASV1662	83.441	465	67	9	1	460	1	460	7.98e-120	424	ASV433-CP012155_g sp.
ASV1662	83.441	465	67	9	1	460	1	460	7.98e-120	424	ASV425-CP012155_g sp.
ASV1662	83.441	465	67	9	1	460	1	460	7.98e-120	424	ASV359-CP012155_g sp.
ASV1662	83.441	465	67	9	1	460	1	460	7.98e-120	424	ASV147-CP012155_g sp.
ASV1662	83.298	467	69	8	1	460	1	465	2.87e-119	422	ASV1776-Pedobacter zeaxanthinifaciens
ASV1662	83.298	467	69	8	1	460	2	466	2.87e-119	422	ASV1772-Pedobacter zeaxanthinifaciens
ASV1662	83.298	467	69	8	1	460	2	466	2.87e-119	422	ASV1749-Pedobacter zeaxanthinifaciens
ASV1662	83.262	466	66	12	1	460	1	460	3.71e-118	418	ASV1640-Chryseobacterium geocarposphaerae
ASV1662	83.298	467	64	8	1	460	1	460	3.71e-118	418	ASV1626-Chryseobacterium culicis
ASV1662	83.226	465	68	9	1	460	1	460	3.71e-118	418	ASV1468-CP012155_g sp.
ASV1662	83.262	466	66	12	1	460	1	460	3.71e-118	418	ASV1229-Chryseobacterium geocarposphaerae
ASV1662	83.226	465	68	9	1	460	1	460	3.71e-118	418	ASV1106-CP012155_g sp.
ASV1662	83.226	465	68	9	1	460	1	460	3.71e-118	418	ASV918-CP012155_g sp.
ASV1662	83.226	465	68	10	1	460	1	460	3.71e-118	418	ASV916-Pedobacter kyungheensis
ASV1662	83.153	463	72	6	1	460	1	460	3.71e-118	418	ASV862-CP012155_g sp.
ASV1662	83.226	465	68	9	1	460	1	460	3.71e-118	418	ASV742-CP012155_g sp.
ASV1662	83.262	466	66	11	1	460	1	460	3.71e-118	418	ASV729-Pedobacter ginsenosidimutans
ASV1662	83.226	465	68	9	1	460	1	460	3.71e-118	418	ASV696-CP012155_g sp.
ASV1662	83.226	465	68	9	1	460	1	460	3.71e-118	418	ASV635-CP012155_g sp.
ASV1662	83.226	465	68	10	1	460	1	460	3.71e-118	418	ASV626-Pedobacter kyungheensis
ASV1662	83.262	466	66	11	1	460	1	460	3.71e-118	418	ASV588-Pedobacter ginsenosidimutans
ASV1662	83.226	465	68	10	1	460	1	460	3.71e-118	418	ASV507-Pedobacter kyungheensis
ASV1662	83.262	466	66	11	1	460	1	460	3.71e-118	418	ASV504-Pedobacter ginsenosidimutans
ASV1662	83.226	465	68	10	1	460	1	460	3.71e-118	418	ASV483-Pedobacter kyungheensis
ASV1662	83.262	466	66	11	1	460	1	460	3.71e-118	418	ASV329-Pedobacter ginsenosidimutans
ASV1662	83.047	466	67	7	1	460	1	460	1.73e-116	412	ASV1725-Pedobacter zeaxanthinifaciens
ASV1662	83.047	466	67	7	1	460	1	460	1.73e-116	412	ASV1696-Pedobacter zeaxanthinifaciens
ASV1662	83.047	466	67	7	1	460	1	460	1.73e-116	412	ASV1665-Pedobacter zeaxanthinifaciens
ASV1662	82.974	464	71	7	1	460	1	460	1.73e-116	412	ASV1660-HM308839_g sp.
ASV1662	83.084	467	65	8	1	460	1	460	1.73e-116	412	ASV1569-Chryseobacterium culicis
ASV1662	83.047	466	67	12	1	460	1	460	1.73e-116	412	ASV1566-Chryseobacterium geocarposphaerae
ASV1662	83.047	466	67	7	1	460	1	460	1.73e-116	412	ASV1530-Pedobacter zeaxanthinifaciens
ASV1662	82.974	464	71	7	1	460	1	460	1.73e-116	412	ASV1424-HM308839_g sp.
ASV1662	83.011	465	69	9	1	460	1	460	1.73e-116	412	ASV1338-CP012155_g sp.
ASV1662	82.974	464	71	7	1	460	1	460	1.73e-116	412	ASV1312-Mucilaginibacter rubeus
ASV1662	83.011	465	69	10	1	460	1	460	1.73e-116	412	ASV1274-Pedobacter kyungheensis
ASV1662	82.900	462	75	4	1	460	1	460	1.73e-116	412	ASV1213-Pedobacter kyungheensis
ASV1662	83.011	465	69	10	1	460	1	460	1.73e-116	412	ASV1065-Pedobacter kyungheensis
ASV1662	83.047	466	67	11	1	460	1	460	1.73e-116	412	ASV1033-Pedobacter ginsenosidimutans
ASV1662	83.047	466	67	11	1	460	1	460	1.73e-116	412	ASV912-Pedobacter ginsenosidimutans
ASV1662	83.047	466	67	11	1	460	1	460	1.73e-116	412	ASV899-Pedobacter ginsenosidimutans
ASV1662	83.011	465	69	10	1	460	1	460	1.73e-116	412	ASV895-Pedobacter kyungheensis
ASV1662	83.047	466	67	11	1	460	1	460	1.73e-116	412	ASV859-Pedobacter ginsenosidimutans
ASV1662	83.011	465	69	10	1	460	1	460	1.73e-116	412	ASV827-Pedobacter kyungheensis
ASV1662	83.011	465	69	9	1	460	1	460	1.73e-116	412	ASV809-CP012155_g sp.
ASV1662	83.047	466	67	11	1	460	1	460	1.73e-116	412	ASV753-Pedobacter ginsenosidimutans
ASV1662	83.047	466	67	11	1	460	1	460	1.73e-116	412	ASV596-Pedobacter ginsenosidimutans
ASV1662	83.011	465	69	9	1	460	1	460	1.73e-116	412	ASV587-CP012155_g sp.
ASV1662	83.047	466	67	11	1	460	2	461	1.73e-116	412	ASV582-Pedobacter ginsenosidimutans
ASV1662	83.011	465	69	9	1	460	1	460	1.73e-116	412	ASV449-CP012155_g sp.
ASV1662	83.047	466	67	11	1	460	1	460	1.73e-116	412	ASV375-Pedobacter ginsenosidimutans
ASV1662	83.011	465	69	10	1	460	1	460	1.73e-116	412	ASV341-Pedobacter kyungheensis
ASV1662	83.047	466	67	7	1	460	1	460	1.73e-116	412	ASV225-Pedobacter zeaxanthinifaciens
ASV1662	83.047	466	67	7	1	460	1	460	1.73e-116	412	ASV130-Pedobacter zeaxanthinifaciens
ASV1662	83.047	466	67	7	1	460	1	460	1.73e-116	412	ASV122-Pedobacter zeaxanthinifaciens
ASV1662	83.047	466	67	7	1	460	1	460	1.73e-116	412	ASV85-Pedobacter zeaxanthinifaciens
ASV1662	82.833	466	68	12	1	460	1	460	8.03e-115	407	ASV1697-Chryseobacterium geocarposphaerae
ASV1662	82.759	464	72	7	1	460	2	461	8.03e-115	407	ASV1680-HM308839_g sp.
ASV1662	82.833	466	68	7	1	460	1	460	8.03e-115	407	ASV1656-Pedobacter zeaxanthinifaciens
ASV1662	82.721	463	74	6	1	460	1	460	8.03e-115	407	ASV1320-Dyadobacter endophyticus
ASV1662	82.796	465	70	10	1	460	2	461	8.03e-115	407	ASV1286-Pedobacter kyungheensis
ASV1662	82.796	465	70	9	1	460	1	460	8.03e-115	407	ASV1113-CP012155_g sp.
ASV1662	82.869	467	66	9	1	460	2	461	8.03e-115	407	ASV1110-Flavobacterium lindanitolerans
ASV1662	82.833	466	68	11	1	460	1	460	8.03e-115	407	ASV991-Pedobacter ginsenosidimutans
ASV1662	82.796	465	70	10	1	460	1	460	8.03e-115	407	ASV861-Pedobacter kyungheensis
ASV1662	82.833	466	68	11	1	460	1	460	8.03e-115	407	ASV847-Pedobacter ginsenosidimutans
ASV1662	82.869	467	66	9	1	460	1	460	8.03e-115	407	ASV743-Flavobacterium lindanitolerans
ASV1662	82.796	465	70	10	1	460	1	460	8.03e-115	407	ASV703-Pedobacter kyungheensis
ASV1662	82.869	467	66	9	1	460	2	461	8.03e-115	407	ASV685-Flavobacterium lindanitolerans
ASV1662	82.796	465	70	10	1	460	1	460	8.03e-115	407	ASV681-Pedobacter kyungheensis
ASV1662	82.796	465	70	10	1	460	1	460	8.03e-115	407	ASV671-Pedobacter kyungheensis
ASV1662	82.796	465	70	10	1	460	1	460	8.03e-115	407	ASV634-Pedobacter kyungheensis
ASV1662	82.833	466	68	11	1	460	1	460	8.03e-115	407	ASV524-Pedobacter ginsenosidimutans
ASV1662	82.796	465	70	10	1	460	1	460	8.03e-115	407	ASV487-Pedobacter kyungheensis
ASV1662	82.796	465	70	10	1	460	1	460	8.03e-115	407	ASV383-Pedobacter kyungheensis
ASV1662	82.833	466	68	11	1	460	1	460	8.03e-115	407	ASV299-Pedobacter ginsenosidimutans
ASV1662	82.833	466	68	7	1	460	1	460	8.03e-115	407	ASV296-Pedobacter zeaxanthinifaciens
ASV1662	82.833	466	68	7	1	460	1	460	8.03e-115	407	ASV77-Pedobacter zeaxanthinifaciens
ASV1662	82.833	466	68	7	1	460	1	460	8.03e-115	407	ASV71-Pedobacter zeaxanthinifaciens
ASV1662	82.833	466	68	7	1	460	1	460	8.03e-115	407	ASV69-Pedobacter zeaxanthinifaciens
ASV1662	82.833	466	68	7	1	460	1	460	8.03e-115	407	ASV49-Pedobacter zeaxanthinifaciens
ASV1662	82.833	466	68	7	1	460	1	460	8.03e-115	407	ASV46-Pedobacter zeaxanthinifaciens
ASV1662	82.468	462	77	4	1	460	1	460	3.74e-113	401	ASV1516-Pedobacter solisilvae
ASV1662	82.581	465	71	9	1	460	1	460	3.74e-113	401	ASV1432-CP012155_g sp.
ASV1662	82.618	466	69	11	1	460	1	460	3.74e-113	401	ASV848-Pedobacter ginsenosidimutans
ASV1662	82.618	466	69	11	1	460	1	460	3.74e-113	401	ASV781-Pedobacter ginsenosidimutans
ASV1662	82.581	465	71	10	1	460	1	460	3.74e-113	401	ASV578-Pedobacter kyungheensis
ASV1662	82.618	466	69	7	1	460	1	460	3.74e-113	401	ASV548-Pedobacter zeaxanthinifaciens
ASV1662	82.655	467	67	9	1	460	1	460	3.74e-113	401	ASV456-Flavobacterium lindanitolerans
ASV1662	82.618	466	69	7	1	460	1	460	3.74e-113	401	ASV393-Pedobacter zeaxanthinifaciens
ASV1662	82.618	466	69	7	1	460	1	460	3.74e-113	401	ASV387-Pedobacter zeaxanthinifaciens
ASV1662	82.655	467	67	9	1	460	1	460	3.74e-113	401	ASV356-Flavobacterium lindanitolerans
ASV1662	82.655	467	67	9	1	460	1	460	3.74e-113	401	ASV241-Flavobacterium lindanitolerans
ASV1662	82.655	467	67	9	1	460	1	460	3.74e-113	401	ASV208-Flavobacterium lindanitolerans
ASV1662	82.618	466	69	7	1	460	1	460	3.74e-113	401	ASV145-Pedobacter zeaxanthinifaciens
ASV1662	82.618	466	69	7	1	460	1	460	3.74e-113	401	ASV41-Pedobacter zeaxanthinifaciens
ASV1662	82.618	466	69	7	1	460	1	460	3.74e-113	401	ASV23-Pedobacter zeaxanthinifaciens
ASV1662	82.516	469	69	13	1	460	2	466	1.34e-112	399	ASV1779-Chryseobacterium culicis
ASV1662	82.251	462	78	4	1	460	1	460	1.74e-111	396	ASV1590-Pedobacter zeaxanthinifaciens
ASV1662	82.441	467	68	9	1	460	1	460	1.74e-111	396	ASV686-Flavobacterium lindanitolerans
ASV1662	82.441	467	68	9	1	460	1	460	1.74e-111	396	ASV553-Flavobacterium lindanitolerans
ASV1662	82.441	467	68	9	1	460	1	460	1.74e-111	396	ASV450-Flavobacterium lindanitolerans
ASV1662	82.403	466	70	7	1	460	1	460	1.74e-111	396	ASV305-Pedobacter zeaxanthinifaciens
ASV1662	82.441	467	68	9	1	460	1	460	1.74e-111	396	ASV271-Flavobacterium lindanitolerans
ASV1662	82.441	467	68	9	1	460	1	460	1.74e-111	396	ASV249-Flavobacterium lindanitolerans
ASV1662	82.403	466	70	7	1	460	1	460	1.74e-111	396	ASV229-Pedobacter zeaxanthinifaciens
ASV1662	82.441	467	68	9	1	460	1	460	1.74e-111	396	ASV213-Flavobacterium lindanitolerans
ASV1662	82.441	467	68	9	1	460	1	460	1.74e-111	396	ASV156-Flavobacterium lindanitolerans
ASV1662	82.073	463	77	6	1	460	1	460	8.09e-110	390	ASV1365-Dyadobacter fermentans
ASV1662	82.303	469	65	12	1	460	1	460	8.09e-110	390	ASV1324-Chryseobacterium taiwanense
ASV1662	82.227	467	69	9	1	460	1	460	8.09e-110	390	ASV1021-Flavobacterium lindanitolerans
ASV1662	82.227	467	69	9	1	460	1	460	8.09e-110	390	ASV823-Flavobacterium lindanitolerans
ASV1662	82.227	467	69	9	1	460	1	460	8.09e-110	390	ASV813-Flavobacterium lindanitolerans
ASV1662	82.227	467	69	9	1	460	1	460	8.09e-110	390	ASV787-Flavobacterium lindanitolerans
ASV1662	82.227	467	69	9	1	460	2	461	8.09e-110	390	ASV701-Flavobacterium lindanitolerans
ASV1662	82.227	467	69	9	1	460	1	460	8.09e-110	390	ASV695-Flavobacterium lindanitolerans
ASV1662	82.227	467	69	9	1	460	1	460	8.09e-110	390	ASV677-Flavobacterium lindanitolerans
ASV1662	82.227	467	69	9	1	460	2	461	8.09e-110	390	ASV669-Flavobacterium lindanitolerans
ASV1662	82.227	467	69	9	1	460	1	460	8.09e-110	390	ASV659-Flavobacterium lindanitolerans
ASV1662	82.227	467	69	9	1	460	1	460	8.09e-110	390	ASV546-Flavobacterium lindanitolerans
ASV1662	82.227	467	69	9	1	460	1	460	8.09e-110	390	ASV527-Flavobacterium lindanitolerans
ASV1662	82.227	467	69	9	1	460	1	460	8.09e-110	390	ASV286-Flavobacterium lindanitolerans
ASV1662	82.227	467	69	9	1	460	1	460	8.09e-110	390	ASV181-Flavobacterium lindanitolerans
ASV1662	82.227	467	69	9	1	460	1	460	8.09e-110	390	ASV129-Flavobacterium lindanitolerans
ASV1662	82.189	466	70	12	1	460	1	459	2.91e-109	388	ASV1792-EU223959_g sp.
ASV1662	81.897	464	78	6	1	461	2	462	1.05e-108	387	ASV1370-Dyadobacter fermentans
ASV1662	81.857	463	78	6	1	460	2	461	3.76e-108	385	ASV1430-Dyadobacter fermentans
ASV1662	81.857	463	78	6	1	460	1	460	3.76e-108	385	ASV1387-Dyadobacter fermentans
ASV1662	82.090	469	66	12	1	460	1	460	3.76e-108	385	ASV1359-Chryseobacterium taiwanense
ASV1662	81.857	463	78	6	1	460	1	460	3.76e-108	385	ASV1346-Dyadobacter beijingensis
ASV1662	81.857	463	78	6	1	460	1	460	3.76e-108	385	ASV1316-Dyadobacter fermentans
ASV1662	81.857	463	78	6	1	460	1	460	3.76e-108	385	ASV1311-Dyadobacter fermentans
ASV1662	82.013	467	70	9	1	460	1	460	3.76e-108	385	ASV760-Flavobacterium lindanitolerans
ASV1662	82.013	467	70	9	1	460	1	460	3.76e-108	385	ASV702-Flavobacterium lindanitolerans
ASV1662	82.013	467	70	9	1	460	1	460	3.76e-108	385	ASV498-Flavobacterium lindanitolerans
ASV1662	81.681	464	79	6	1	461	1	461	4.87e-107	381	ASV1398-Dyadobacter fermentans
ASV1662	81.641	463	79	6	1	460	1	460	1.75e-106	379	ASV1460-Dyadobacter fermentans
ASV1662	81.641	463	79	6	1	460	2	461	1.75e-106	379	ASV1427-Dyadobacter fermentans
ASV1662	81.641	463	79	6	1	460	1	460	1.75e-106	379	ASV1418-Dyadobacter fermentans
ASV1662	81.876	469	67	12	1	460	1	460	1.75e-106	379	ASV1360-Chryseobacterium taiwanense
ASV1662	81.641	463	79	6	1	460	1	460	1.75e-106	379	ASV1358-Dyadobacter fermentans
ASV1662	81.641	463	79	6	1	460	1	460	1.75e-106	379	ASV1304-Dyadobacter fermentans
ASV1662	81.641	463	79	6	1	460	1	460	1.75e-106	379	ASV1289-Dyadobacter fermentans
ASV1662	81.641	463	79	6	1	460	1	460	1.75e-106	379	ASV1282-Dyadobacter fermentans
ASV1662	81.641	463	79	6	1	460	2	461	1.75e-106	379	ASV1270-Dyadobacter fermentans
ASV1662	81.641	463	79	6	1	460	1	460	1.75e-106	379	ASV1242-Dyadobacter fermentans
ASV1662	81.799	467	71	14	1	460	1	460	1.75e-106	379	ASV967-Flavobacterium defluvii
ASV1662	81.799	467	71	14	1	460	1	460	1.75e-106	379	ASV708-Flavobacterium defluvii
ASV1662	81.799	467	71	14	1	460	1	460	1.75e-106	379	ASV333-Flavobacterium defluvii
ASV1662	81.799	467	71	14	1	460	1	460	1.75e-106	379	ASV290-Flavobacterium defluvii
ASV1662	81.641	463	78	7	1	460	1	459	6.30e-106	377	ASV1456-Dyadobacter fermentans
ASV1662	81.425	463	80	6	1	460	1	460	8.15e-105	374	ASV1422-Dyadobacter fermentans
ASV1662	81.425	463	80	6	1	460	1	460	8.15e-105	374	ASV1415-Dyadobacter fermentans
ASV1662	81.425	463	80	6	1	460	1	460	8.15e-105	374	ASV1352-Dyadobacter fermentans
ASV1662	81.425	463	80	6	1	460	1	460	8.15e-105	374	ASV1341-Dyadobacter fermentans
ASV1662	81.425	463	80	6	1	460	1	460	8.15e-105	374	ASV1323-Dyadobacter fermentans
ASV1662	81.425	463	80	6	1	460	1	460	8.15e-105	374	ASV1301-Dyadobacter fermentans
ASV1662	81.425	463	80	6	1	460	1	460	8.15e-105	374	ASV1251-Dyadobacter fermentans
ASV1662	81.425	463	80	6	1	460	2	461	8.15e-105	374	ASV1205-Dyadobacter fermentans
ASV1662	81.585	467	72	14	1	460	1	460	8.15e-105	374	ASV690-Flavobacterium defluvii
ASV1662	81.585	467	72	14	1	460	1	460	8.15e-105	374	ASV603-Flavobacterium defluvii
ASV1662	81.466	464	78	6	1	460	1	460	8.15e-105	374	ASV466-Flavobacterium inkyongense
ASV1662	81.585	467	72	14	1	460	1	460	8.15e-105	374	ASV219-Flavobacterium defluvii
ASV1662	81.210	463	81	6	1	460	1	460	3.79e-103	368	ASV1389-Dyadobacter fermentans
ASV1662	81.450	469	69	16	1	460	1	460	3.79e-103	368	ASV1325-Flavobacterium notoginsengisoli
ASV1662	81.210	463	81	6	1	460	1	460	3.79e-103	368	ASV1260-Dyadobacter fermentans
ASV1662	81.210	463	81	6	1	460	2	461	3.79e-103	368	ASV1243-Dyadobacter fermentans
ASV1662	81.370	467	73	14	1	460	1	460	3.79e-103	368	ASV909-Flavobacterium defluvii
ASV1662	81.250	464	79	6	1	460	2	461	3.79e-103	368	ASV808-Flavobacterium inkyongense
ASV1662	81.370	467	73	14	1	460	1	460	3.79e-103	368	ASV585-Flavobacterium defluvii
ASV1662	81.250	464	79	6	1	460	1	460	3.79e-103	368	ASV471-Flavobacterium brevivitae
ASV1662	81.250	464	79	6	1	460	1	460	3.79e-103	368	ASV438-Flavobacterium inkyongense
ASV1662	81.250	464	79	6	1	460	1	460	3.79e-103	368	ASV366-Flavobacterium brevivitae
ASV1662	81.250	464	79	6	1	460	1	460	3.79e-103	368	ASV161-Flavobacterium inkyongense
ASV1662	81.197	468	74	14	1	461	1	461	4.90e-102	364	ASV1676-Flavobacterium sp.
ASV1662	81.075	465	78	10	1	460	1	460	1.76e-101	363	ASV1489-Flavobacterium sp.
ASV1662	81.034	464	80	8	1	460	1	460	1.76e-101	363	ASV1218-Flavobacterium chungangense
ASV1662	81.034	464	80	6	1	460	1	460	1.76e-101	363	ASV687-Flavobacterium brevivitae
ASV1662	81.034	464	80	6	1	460	1	460	1.76e-101	363	ASV573-Flavobacterium inkyongense
ASV1662	81.034	464	80	6	1	460	1	460	1.76e-101	363	ASV552-Flavobacterium brevivitae
ASV1662	81.034	464	80	6	1	460	1	460	1.76e-101	363	ASV542-Flavobacterium brevivitae
ASV1662	81.034	464	80	6	1	460	1	460	1.76e-101	363	ASV519-Flavobacterium brevivitae
ASV1662	81.034	464	80	6	1	460	1	460	1.76e-101	363	ASV472-Flavobacterium inkyongense
ASV1662	81.034	464	80	6	1	460	1	460	1.76e-101	363	ASV444-Flavobacterium brevivitae
ASV1662	81.034	464	80	6	1	460	1	460	1.76e-101	363	ASV432-Flavobacterium brevivitae
ASV1662	81.034	464	80	6	1	460	1	460	1.76e-101	363	ASV362-Flavobacterium brevivitae
ASV1662	81.034	464	80	6	1	460	1	460	1.76e-101	363	ASV234-Flavobacterium brevivitae
ASV1662	81.034	464	80	6	1	460	1	460	1.76e-101	363	ASV217-Flavobacterium inkyongense
ASV1662	81.034	464	80	6	1	460	1	460	1.76e-101	363	ASV114-Flavobacterium brevivitae
ASV1662	81.064	470	69	18	1	460	1	460	8.21e-100	357	ASV1599-Flavobacterium notoginsengisoli
ASV1662	80.942	467	75	12	1	460	1	460	8.21e-100	357	ASV1132-Flavobacterium sp.
ASV1662	81.064	470	69	18	1	460	1	460	8.21e-100	357	ASV1062-Flavobacterium notoginsengisoli
ASV1662	81.064	470	69	18	1	460	1	460	8.21e-100	357	ASV1023-Flavobacterium notoginsengisoli
ASV1662	81.064	470	69	18	1	460	1	460	8.21e-100	357	ASV928-Flavobacterium notoginsengisoli
ASV1662	80.983	468	73	14	1	460	1	460	8.21e-100	357	ASV893-Flavobacterium sp.
ASV1662	80.819	464	81	6	1	460	1	460	8.21e-100	357	ASV824-Flavobacterium brevivitae
ASV1662	80.983	468	73	14	1	460	1	460	8.21e-100	357	ASV756-Flavobacterium sp.
ASV1662	80.983	468	73	14	1	460	1	460	8.21e-100	357	ASV732-Flavobacterium sp.
ASV1662	80.819	464	81	6	1	460	1	460	8.21e-100	357	ASV730-Flavobacterium brevivitae
ASV1662	80.983	468	73	14	1	460	1	460	8.21e-100	357	ASV670-Flavobacterium sp.
ASV1662	80.819	464	81	6	1	460	1	460	8.21e-100	357	ASV574-Flavobacterium brevivitae
ASV1662	80.819	464	81	6	1	460	1	460	8.21e-100	357	ASV451-Flavobacterium brevivitae
ASV1662	80.819	464	81	6	1	460	1	460	8.21e-100	357	ASV434-Flavobacterium inkyongense
ASV1662	80.819	464	81	6	1	460	1	460	8.21e-100	357	ASV348-Flavobacterium brevivitae
ASV1662	80.819	464	81	6	1	460	1	460	8.21e-100	357	ASV347-Flavobacterium brevivitae
ASV1662	80.819	464	81	6	1	460	1	460	8.21e-100	357	ASV295-Flavobacterium brevivitae
ASV1662	80.819	464	81	6	1	460	1	460	8.21e-100	357	ASV270-Flavobacterium brevivitae
ASV1662	80.819	464	81	6	1	460	1	460	8.21e-100	357	ASV266-Flavobacterium brevivitae
ASV1662	80.819	464	81	6	1	460	1	460	8.21e-100	357	ASV96-Flavobacterium brevivitae
ASV1662	80.819	464	81	6	1	460	1	460	8.21e-100	357	ASV30-Flavobacterium brevivitae
ASV1662	80.769	468	74	14	1	460	1	460	3.82e-98	351	ASV1276-Flavobacterium sp.
ASV1662	80.603	464	82	6	1	460	1	460	3.82e-98	351	ASV876-Flavobacterium brevivitae
ASV1662	80.769	468	74	14	1	460	1	460	3.82e-98	351	ASV785-Flavobacterium sp.
ASV1662	80.769	468	74	14	1	460	1	460	3.82e-98	351	ASV741-Flavobacterium sp.
ASV1662	80.769	468	74	14	1	460	1	460	3.82e-98	351	ASV709-Flavobacterium sp.
ASV1662	80.603	464	82	6	1	460	1	460	3.82e-98	351	ASV590-Flavobacterium brevivitae
ASV1662	80.603	464	82	6	1	460	1	460	3.82e-98	351	ASV535-Flavobacterium brevivitae
ASV1662	80.603	464	82	6	1	460	1	460	3.82e-98	351	ASV505-Flavobacterium brevivitae
ASV1662	80.603	464	82	6	1	460	1	460	3.82e-98	351	ASV458-Flavobacterium brevivitae
ASV1662	80.603	464	82	6	1	460	1	460	3.82e-98	351	ASV379-Flavobacterium brevivitae
ASV1662	80.556	468	75	14	1	460	1	460	1.78e-96	346	ASV1029-Flavobacterium sp.
ASV1662	80.514	467	77	12	1	460	1	460	1.78e-96	346	ASV935-Flavobacterium sp.
ASV1662	80.556	468	75	14	1	460	1	460	1.78e-96	346	ASV446-Flavobacterium sp.
ASV1662	80.172	464	84	7	1	460	1	460	8.27e-95	340	ASV1793-Flavobacterium inkyongense
ASV1662	80.258	466	79	12	1	460	1	459	2.97e-94	339	ASV1783-Arthrobacter sp.
ASV1662	79.872	467	80	9	1	460	1	460	1.79e-91	329	ASV1780-Sphingobium czechense
ASV1662	79.657	467	81	9	1	460	1	460	8.32e-90	324	ASV1784-Sphingobium rhizovicinum
ASV1662	79.443	467	82	9	1	460	1	460	3.87e-88	318	ASV1788-Sphingobium czechense
ASV1662	79.443	467	82	9	1	460	1	460	3.87e-88	318	ASV1787-Sphingobium czechense
ASV1662	79.443	467	82	9	1	460	1	460	3.87e-88	318	ASV1778-Sphingobium rhizovicinum
ASV1662	79.229	467	83	9	1	460	1	460	1.80e-86	313	ASV1782-Sphingobium rhizovicinum
ASV1662	79.229	467	83	9	1	460	1	460	1.80e-86	313	ASV1781-Sphingobium rhizovicinum
ASV1662	79.015	467	84	9	1	460	1	460	8.38e-85	307	ASV1789-Sphingobium rhizovicinum
ASV1662	79.015	467	84	9	1	460	1	460	8.38e-85	307	ASV1785-Sphingobium rhizovicinum
ASV1662	78.632	468	89	9	1	460	1	465	1.40e-82	300	ASV1756-Flavobacterium brevivitae
ASV1662	79.140	465	69	16	1	461	1	441	1.81e-81	296	ASV1491-Sphingopyxis bauzanensis
ASV1662	79.095	464	69	16	1	460	1	440	6.53e-81	294	ASV1411-Sphingopyxis bauzanensis
ASV1662	78.252	469	89	13	1	460	1	465	3.04e-79	289	ASV1729-Flavobacterium cutihirudinis
ASV1662	78.879	464	70	16	1	460	1	440	3.04e-79	289	ASV1479-Sphingopyxis bauzanensis
ASV1662	78.879	464	70	16	1	460	1	440	3.04e-79	289	ASV1376-Sphingopyxis bauzanensis
ASV1662	78.710	465	71	16	1	461	1	441	3.93e-78	285	ASV1433-Sphingopyxis bauzanensis
ASV1662	77.991	468	92	11	1	460	1	465	1.41e-77	283	ASV1693-Sphingobium czechense
ASV1662	77.991	468	92	9	1	460	2	466	1.41e-77	283	ASV1682-Sphingobium czechense
ASV1662	78.571	462	75	12	1	460	1	440	1.41e-77	283	ASV368-Novosphingobium endophyticum
ASV1662	78.571	462	75	12	1	460	1	440	1.41e-77	283	ASV288-Novosphingobium endophyticum
ASV1662	78.571	462	75	12	1	460	1	440	1.41e-77	283	ASV226-Novosphingobium endophyticum
ASV1662	78.571	462	75	12	1	460	1	440	1.41e-77	283	ASV121-Novosphingobium endophyticum
ASV1662	77.778	468	93	11	1	460	1	465	6.57e-76	278	ASV1721-Sphingobium czechense
ASV1662	77.778	468	93	9	1	460	2	466	6.57e-76	278	ASV1714-Sphingobium czechense
ASV1662	77.778	468	93	11	1	460	1	465	6.57e-76	278	ASV1713-Sphingobium czechense
ASV1662	77.778	468	93	9	1	460	2	466	6.57e-76	278	ASV1706-Sphingobium czechense
ASV1662	77.778	468	93	11	1	460	1	465	6.57e-76	278	ASV1705-Sphingobium czechense
ASV1662	77.778	468	93	9	1	460	2	466	6.57e-76	278	ASV1657-Sphingobium czechense
ASV1662	78.448	464	72	16	1	460	1	440	6.57e-76	278	ASV1392-Sphingopyxis bauzanensis
ASV1662	78.355	462	76	12	1	460	1	440	6.57e-76	278	ASV454-Novosphingobium endophyticum
ASV1662	78.355	462	76	12	1	460	1	440	6.57e-76	278	ASV257-Novosphingobium endophyticum
ASV1662	78.355	462	76	12	1	460	1	440	6.57e-76	278	ASV209-Novosphingobium endophyticum
ASV1662	78.355	462	76	12	1	460	1	440	6.57e-76	278	ASV87-Novosphingobium endophyticum
ASV1662	78.355	462	76	12	1	460	1	440	6.57e-76	278	ASV53-Novosphingobium endophyticum
ASV1662	77.564	468	94	11	1	460	1	465	3.06e-74	272	ASV1681-Sphingobium czechense
ASV1662	77.564	468	94	11	1	460	1	465	3.06e-74	272	ASV1668-Sphingobium czechense
ASV1662	78.139	462	77	12	1	460	1	440	3.06e-74	272	ASV1623-Sphingobium czechense
ASV1662	78.139	462	77	12	1	460	1	440	3.06e-74	272	ASV275-Novosphingobium endophyticum
ASV1662	78.139	462	77	12	1	460	1	440	3.06e-74	272	ASV173-Novosphingobium endophyticum
ASV1662	78.139	462	77	12	1	460	1	440	3.06e-74	272	ASV94-Novosphingobium endophyticum
ASV1662	78.139	462	77	12	1	460	1	440	3.06e-74	272	ASV40-Novosphingobium endophyticum
ASV1662	77.495	471	89	12	1	460	1	465	1.42e-72	267	ASV1671-Sphingobium czechense
