ASV1250	99.318	440	3	0	1	440	282	721	0.0	797	tax=d:Bacteria,p:Proteobacteria,c:Alphaproteobacteria,o:Caulobacterales,f:Caulobacteraceae,g:Caulobacter,s:Caulobacter rhizosphaerae
ASV1250	99.318	440	3	0	1	440	282	721	0.0	797	tax=d:Bacteria,p:Proteobacteria,c:Alphaproteobacteria,o:Caulobacterales,f:Caulobacteraceae,g:Caulobacter,s:Caulobacter henricii
ASV1250	98.409	440	7	0	1	440	282	721	0.0	774	tax=d:Bacteria,p:Proteobacteria,c:Alphaproteobacteria,o:Caulobacterales,f:Caulobacteraceae,g:Caulobacter,s:PEBF_s
ASV1250	98.409	440	7	0	1	440	282	721	0.0	774	tax=d:Bacteria,p:Proteobacteria,c:Alphaproteobacteria,o:Caulobacterales,f:Caulobacteraceae,g:Caulobacter,s:Caulobacter hibisci
ASV1250	98.409	440	7	0	1	440	282	721	0.0	774	tax=d:Bacteria,p:Proteobacteria,c:Alphaproteobacteria,o:Caulobacterales,f:Caulobacteraceae,g:Caulobacter,s:Caulobacter flavus
ASV1250	98.409	440	7	0	1	440	282	721	0.0	774	tax=d:Bacteria,p:Proteobacteria,c:Alphaproteobacteria,o:Caulobacterales,f:Caulobacteraceae,g:Caulobacter,s:JONW_s
ASV1250	98.409	440	7	0	1	440	282	721	0.0	774	tax=d:Bacteria,p:Proteobacteria,c:Alphaproteobacteria,o:Caulobacterales,f:Caulobacteraceae,g:Caulobacter,s:Caulobacter segnis
ASV1250	98.409	440	7	0	1	440	282	721	0.0	774	tax=d:Bacteria,p:Proteobacteria,c:Alphaproteobacteria,o:Caulobacterales,f:Caulobacteraceae,g:Phenylobacterium,s:Phenylobacterium haematophilum
ASV1250	98.409	440	7	0	1	440	282	721	0.0	774	tax=d:Bacteria,p:Proteobacteria,c:Alphaproteobacteria,o:Caulobacterales,f:Caulobacteraceae,g:Caulobacter,s:Caulobacter vibrioides
ASV1250	98.182	440	8	0	1	440	282	721	0.0	769	tax=d:Bacteria,p:Proteobacteria,c:Alphaproteobacteria,o:Caulobacterales,f:Caulobacteraceae,g:Phenylobacterium,s:Phenylobacterium conjunctum
ASV1250	97.955	440	9	0	1	440	280	719	0.0	763	tax=d:Bacteria,p:Proteobacteria,c:Alphaproteobacteria,o:Caulobacterales,f:Caulobacteraceae,g:Caulobacter,s:Caulobacter mirabilis
ASV1250	97.500	440	11	0	1	440	282	721	0.0	752	tax=d:Bacteria,p:Proteobacteria,c:Alphaproteobacteria,o:Caulobacterales,f:Caulobacteraceae,g:Caulobacter,s:Caulobacter fusiformis
ASV1250	97.273	440	12	0	1	440	282	721	0.0	747	tax=d:Bacteria,p:Proteobacteria,c:Alphaproteobacteria,o:Caulobacterales,f:Caulobacteraceae,g:Phenylobacterium,s:Phenylobacterium aquaticum
ASV1250	97.045	440	13	0	1	440	253	692	0.0	741	tax=d:Bacteria,p:Proteobacteria,c:Alphaproteobacteria,o:Caulobacterales,f:Caulobacteraceae,g:Caulobacter,s:Caulobacter profunda
ASV1250	97.045	440	13	0	1	440	282	721	0.0	741	tax=d:Bacteria,p:Proteobacteria,c:Alphaproteobacteria,o:Caulobacterales,f:Caulobacteraceae,g:PAC001798_g,s:EU445215_s
ASV1250	96.818	440	14	0	1	440	280	719	0.0	736	tax=d:Bacteria,p:Proteobacteria,c:Alphaproteobacteria,o:Caulobacterales,f:Caulobacteraceae,g:Phenylobacterium,s:Phenylobacterium koreense
ASV1250	96.591	440	15	0	1	440	282	721	0.0	730	tax=d:Bacteria,p:Proteobacteria,c:Alphaproteobacteria,o:Caulobacterales,f:Caulobacteraceae,g:Phenylobacterium,s:Phenylobacterium falsum
ASV1250	96.591	440	15	0	1	440	281	720	0.0	730	tax=d:Bacteria,p:Proteobacteria,c:Alphaproteobacteria,o:Caulobacterales,f:Caulobacteraceae,g:Caulobacter,s:Caulobacter ginsengisoli
ASV1250	96.364	440	16	0	1	440	282	721	0.0	725	tax=d:Bacteria,p:Proteobacteria,c:Alphaproteobacteria,o:Caulobacterales,f:Caulobacteraceae,g:Brevundimonas,s:Brevundimonas canariensis
ASV1250	96.364	440	16	0	1	440	282	721	0.0	725	tax=d:Bacteria,p:Proteobacteria,c:Alphaproteobacteria,o:Caulobacterales,f:Caulobacteraceae,g:Brevundimonas,s:Brevundimonas abyssalis
ASV1250	96.136	440	17	0	1	440	280	719	0.0	719	tax=d:Bacteria,p:Proteobacteria,c:Alphaproteobacteria,o:Caulobacterales,f:Caulobacteraceae,g:EU881329_g,s:EU881329_s
ASV1250	96.136	440	17	0	1	440	282	721	0.0	719	tax=d:Bacteria,p:Proteobacteria,c:Alphaproteobacteria,o:Caulobacterales,f:Caulobacteraceae,g:Brevundimonas,s:CP015614_s
ASV1250	96.136	440	17	0	1	440	282	721	0.0	719	tax=d:Bacteria,p:Proteobacteria,c:Alphaproteobacteria,o:Caulobacterales,f:Caulobacteraceae,g:Brevundimonas,s:Brevundimonas naejangsanensis
ASV1250	96.136	440	17	0	1	440	282	721	0.0	719	tax=d:Bacteria,p:Proteobacteria,c:Alphaproteobacteria,o:Caulobacterales,f:Caulobacteraceae,g:Brevundimonas,s:Brevundimonas vancanneytii
ASV1250	95.909	440	18	0	1	440	250	689	0.0	713	tax=d:Bacteria,p:Proteobacteria,c:Alphaproteobacteria,o:Caulobacterales,f:Caulobacteraceae,g:Caulobacter,s:Caulobacter daechungensis
ASV1250	95.909	440	18	0	1	440	282	721	0.0	713	tax=d:Bacteria,p:Proteobacteria,c:Alphaproteobacteria,o:Caulobacterales,f:Caulobacteraceae,g:Brevundimonas,s:Brevundimonas diminuta
ASV1250	95.909	440	18	0	1	440	255	694	0.0	713	tax=d:Bacteria,p:Proteobacteria,c:Alphaproteobacteria,o:Caulobacterales,f:Caulobacteraceae,g:Brevundimonas,s:Brevundimonas faecalis
ASV1250	95.909	440	18	0	1	440	282	721	0.0	713	tax=d:Bacteria,p:Proteobacteria,c:Alphaproteobacteria,o:Caulobacterales,f:Caulobacteraceae,g:Brevundimonas,s:Brevundimonas poindexterae
ASV1250	95.909	440	18	0	1	440	282	721	0.0	713	tax=d:Bacteria,p:Proteobacteria,c:Alphaproteobacteria,o:Caulobacterales,f:Caulobacteraceae,g:Brevundimonas,s:Brevundimonas intermedia
ASV1250	95.682	440	19	0	1	440	282	721	0.0	708	tax=d:Bacteria,p:Proteobacteria,c:Alphaproteobacteria,o:Caulobacterales,f:Caulobacteraceae,g:Brevundimonas,s:Brevundimonas olei
ASV1250	95.682	440	19	0	1	440	280	719	0.0	708	tax=d:Bacteria,p:Proteobacteria,c:Alphaproteobacteria,o:Caulobacterales,f:Caulobacteraceae,g:Phenylobacterium,s:EU703427_s
ASV1250	95.682	440	19	0	1	440	282	721	0.0	708	tax=d:Bacteria,p:Proteobacteria,c:Alphaproteobacteria,o:Caulobacterales,f:Caulobacteraceae,g:PAC000567_g,s:EF516954_s
ASV1250	95.682	440	19	0	1	440	282	721	0.0	708	tax=d:Bacteria,p:Proteobacteria,c:Alphaproteobacteria,o:Caulobacterales,f:Caulobacteraceae,g:Brevundimonas,s:Brevundimonas aurantiaca
ASV1250	95.455	440	20	0	1	440	282	721	0.0	702	tax=d:Bacteria,p:Proteobacteria,c:Alphaproteobacteria,o:Caulobacterales,f:Caulobacteraceae,g:PAC001798_g,s:PAC001798_s
ASV1250	95.455	440	20	0	1	440	282	721	0.0	702	tax=d:Bacteria,p:Proteobacteria,c:Alphaproteobacteria,o:Caulobacterales,f:Caulobacteraceae,g:Brevundimonas,s:Brevundimonas albigilva
ASV1250	95.455	440	20	0	1	440	282	721	0.0	702	tax=d:Bacteria,p:Proteobacteria,c:Alphaproteobacteria,o:Caulobacterales,f:Caulobacteraceae,g:Brevundimonas,s:Brevundimonas bacteroides
ASV1250	95.455	440	20	0	1	440	282	721	0.0	702	tax=d:Bacteria,p:Proteobacteria,c:Alphaproteobacteria,o:Caulobacterales,f:Caulobacteraceae,g:Caulobacter,s:JN656779_s
ASV1250	95.455	440	20	0	1	440	282	721	0.0	702	tax=d:Bacteria,p:Proteobacteria,c:Alphaproteobacteria,o:Caulobacterales,f:Caulobacteraceae,g:JPOM_g,s:JF202879_s
ASV1250	95.455	440	20	0	1	440	282	721	0.0	702	tax=d:Bacteria,p:Proteobacteria,c:Alphaproteobacteria,o:Caulobacterales,f:Caulobacteraceae,g:Brevundimonas,s:Brevundimonas terrae
ASV1250	95.455	440	20	0	1	440	282	721	0.0	702	tax=d:Bacteria,p:Proteobacteria,c:Alphaproteobacteria,o:Caulobacterales,f:Caulobacteraceae,g:Brevundimonas,s:Brevundimonas vesicularis
ASV1250	95.455	440	20	0	1	440	282	721	0.0	702	tax=d:Bacteria,p:Proteobacteria,c:Alphaproteobacteria,o:Caulobacterales,f:Caulobacteraceae,g:Brevundimonas,s:Brevundimonas nasdae
ASV1250	95.227	440	21	0	1	440	282	721	0.0	697	tax=d:Bacteria,p:Proteobacteria,c:Alphaproteobacteria,o:Caulobacterales,f:Caulobacteraceae,g:Brevundimonas,s:LMPZ_s
ASV1250	95.227	440	21	0	1	440	282	721	0.0	697	tax=d:Bacteria,p:Proteobacteria,c:Alphaproteobacteria,o:Caulobacterales,f:Caulobacteraceae,g:Phenylobacterium,s:Phenylobacterium panacis
ASV1250	95.000	440	22	0	1	440	280	719	0.0	693	tax=d:Bacteria,p:Proteobacteria,c:Alphaproteobacteria,o:Caulobacterales,f:Caulobacteraceae,g:Phenylobacterium,s:Phenylobacterium deserti
ASV1250	95.000	440	22	0	1	440	280	719	0.0	691	tax=d:Bacteria,p:Proteobacteria,c:Alphaproteobacteria,o:Caulobacterales,f:Caulobacteraceae,g:Phenylobacterium,s:Phenylobacterium muchangponense
ASV1250	95.011	441	20	2	1	440	257	696	0.0	691	tax=d:Bacteria,p:Proteobacteria,c:Alphaproteobacteria,o:Caulobacterales,f:Caulobacteraceae,g:Phenylobacterium,s:Phenylobacterium lituiforme
ASV1250	95.000	440	22	0	1	440	280	719	0.0	691	tax=d:Bacteria,p:Proteobacteria,c:Alphaproteobacteria,o:Caulobacterales,f:Caulobacteraceae,g:JPOM_g,s:AM697237_s
ASV1250	94.558	441	22	2	1	440	282	721	0.0	688	tax=d:Bacteria,p:Proteobacteria,c:Alphaproteobacteria,o:Caulobacterales,f:Caulobacteraceae,g:FJ193926_g,s:FJ193926_s
ASV1250	94.773	440	23	0	1	440	282	721	0.0	686	tax=d:Bacteria,p:Proteobacteria,c:Alphaproteobacteria,o:Caulobacterales,f:Caulobacteraceae,g:JPOM_g,s:PAC000650_s
ASV1250	94.773	440	23	0	1	440	282	721	0.0	686	tax=d:Bacteria,p:Proteobacteria,c:Alphaproteobacteria,o:Caulobacterales,f:Caulobacteraceae,g:Brevundimonas,s:Brevundimonas halotolerans
ASV1250	94.773	440	23	0	1	440	282	721	0.0	686	tax=d:Bacteria,p:Proteobacteria,c:Alphaproteobacteria,o:Caulobacterales,f:Caulobacteraceae,g:Brevundimonas,s:Brevundimonas balnearis
ASV1250	94.785	441	21	2	1	440	257	696	0.0	686	tax=d:Bacteria,p:Proteobacteria,c:Alphaproteobacteria,o:Caulobacterales,f:Caulobacteraceae,g:Phenylobacterium,s:Phenylobacterium composti
ASV1250	94.785	441	21	2	1	440	280	719	0.0	686	tax=d:Bacteria,p:Proteobacteria,c:Alphaproteobacteria,o:Caulobacterales,f:Caulobacteraceae,g:Phenylobacterium,s:Phenylobacterium zucineum
ASV1250	94.773	440	23	0	1	440	280	719	0.0	686	tax=d:Bacteria,p:Proteobacteria,c:Alphaproteobacteria,o:Caulobacterales,f:Caulobacteraceae,g:Phenylobacterium,s:AY957905_s
ASV1250	94.773	440	23	0	1	440	282	721	0.0	686	tax=d:Bacteria,p:Proteobacteria,c:Alphaproteobacteria,o:Caulobacterales,f:Caulobacteraceae,g:Brevundimonas,s:Brevundimonas staleyi
ASV1250	94.773	440	23	0	1	440	282	721	0.0	686	tax=d:Bacteria,p:Proteobacteria,c:Alphaproteobacteria,o:Caulobacterales,f:Caulobacteraceae,g:AB476702_g,s:AB476702_s
ASV1250	94.785	441	19	4	1	440	282	719	0.0	684	tax=d:Bacteria,p:Proteobacteria,c:Alphaproteobacteria,o:Caulobacterales,f:Caulobacteraceae,g:FJ477627_g,s:EF520409_s
ASV1250	94.545	440	24	0	1	440	280	719	0.0	680	tax=d:Bacteria,p:Proteobacteria,c:Alphaproteobacteria,o:Caulobacterales,f:Caulobacteraceae,g:JPOM_g,s:PAC001012_s
ASV1250	94.545	440	24	0	1	440	280	719	0.0	680	tax=d:Bacteria,p:Proteobacteria,c:Alphaproteobacteria,o:Caulobacterales,f:Caulobacteraceae,g:Phenylobacterium,s:Phenylobacterium kunshanense
ASV1250	94.545	440	24	0	1	440	280	719	0.0	680	tax=d:Bacteria,p:Proteobacteria,c:Alphaproteobacteria,o:Caulobacterales,f:Caulobacteraceae,g:JPOM_g,s:JF917203_s
ASV1250	94.545	440	24	0	1	440	282	721	0.0	680	tax=d:Bacteria,p:Proteobacteria,c:Alphaproteobacteria,o:Caulobacterales,f:Caulobacteraceae,g:Brevundimonas,s:Brevundimonas mediterranea
ASV1250	94.318	440	25	0	1	440	280	719	0.0	675	tax=d:Bacteria,p:Proteobacteria,c:Alphaproteobacteria,o:Caulobacterales,f:Caulobacteraceae,g:JPOM_g,s:JPOM_s
ASV1250	94.318	440	25	0	1	440	280	719	0.0	675	tax=d:Bacteria,p:Proteobacteria,c:Alphaproteobacteria,o:Caulobacterales,f:Caulobacteraceae,g:PAC000060_g,s:FJ466188_s
ASV1250	94.318	440	25	0	1	440	280	719	0.0	675	tax=d:Bacteria,p:Proteobacteria,c:Alphaproteobacteria,o:Caulobacterales,f:Caulobacteraceae,g:Phenylobacterium,s:Phenylobacterium immobile
ASV1250	93.864	440	27	0	1	440	282	721	0.0	671	tax=d:Bacteria,p:Proteobacteria,c:Alphaproteobacteria,o:Caulobacterales,f:Caulobacteraceae,g:Brevundimonas,s:Brevundimonas bullata
ASV1250	94.091	440	26	0	1	440	282	721	0.0	669	tax=d:Bacteria,p:Proteobacteria,c:Alphaproteobacteria,o:Caulobacterales,f:Caulobacteraceae,g:PAC000060_g,s:PAC000060_s
ASV1250	94.104	441	24	2	1	440	280	719	0.0	669	tax=d:Bacteria,p:Proteobacteria,c:Alphaproteobacteria,o:Caulobacterales,f:Caulobacteraceae,g:FJ477627_g,s:HQ114112_s
ASV1250	94.091	440	24	2	1	440	280	717	0.0	667	tax=d:Bacteria,p:Proteobacteria,c:Alphaproteobacteria,o:Caulobacterales,f:Caulobacteraceae,g:JPOM_g,s:HQ003516_s
ASV1250	93.864	440	27	0	1	440	280	719	0.0	664	tax=d:Bacteria,p:Proteobacteria,c:Alphaproteobacteria,o:Caulobacterales,f:Caulobacteraceae,g:DQ532201_g,s:JF922304_s
ASV1250	93.864	440	27	0	1	440	280	719	0.0	664	tax=d:Bacteria,p:Proteobacteria,c:Alphaproteobacteria,o:Caulobacterales,f:Caulobacteraceae,g:Phenylobacterium,s:GQ264133_s
ASV1250	93.864	440	27	0	1	440	280	719	0.0	664	tax=d:Bacteria,p:Proteobacteria,c:Alphaproteobacteria,o:Caulobacterales,f:Caulobacteraceae,g:Asticcacaulis,s:FR720649_s
ASV1250	93.864	440	27	0	1	440	282	721	0.0	664	tax=d:Bacteria,p:Proteobacteria,c:Alphaproteobacteria,o:Caulobacterales,f:Caulobacteraceae,g:Brevundimonas,s:Brevundimonas lenta
ASV1250	93.864	440	27	0	1	440	282	721	0.0	664	tax=d:Bacteria,p:Proteobacteria,c:Alphaproteobacteria,o:Caulobacterales,f:Caulobacteraceae,g:Brevundimonas,s:CP019508_s
ASV1250	93.864	440	27	0	1	440	282	721	0.0	664	tax=d:Bacteria,p:Proteobacteria,c:Alphaproteobacteria,o:Caulobacterales,f:Caulobacteraceae,g:Asticcacaulis,s:Asticcacaulis excentricus
ASV1250	93.864	440	27	0	1	440	282	721	0.0	664	tax=d:Bacteria,p:Proteobacteria,c:Alphaproteobacteria,o:Caulobacterales,f:Caulobacteraceae,g:Brevundimonas,s:Brevundimonas variabilis
ASV1250	93.864	440	27	0	1	440	282	721	0.0	664	tax=d:Bacteria,p:Proteobacteria,c:Alphaproteobacteria,o:Caulobacterales,f:Caulobacteraceae,g:Brevundimonas,s:Brevundimonas subvibrioides
ASV1250	93.651	441	26	2	1	440	282	721	0.0	658	tax=d:Bacteria,p:Proteobacteria,c:Alphaproteobacteria,o:Caulobacterales,f:Caulobacteraceae,g:PAC000567_g,s:PAC000567_s
ASV1250	93.636	440	28	0	1	440	281	720	0.0	658	tax=d:Bacteria,p:Proteobacteria,c:Alphaproteobacteria,o:Caulobacterales,f:Caulobacteraceae,g:Brevundimonas,s:Brevundimonas alba
ASV1250	93.636	440	28	0	1	440	282	721	0.0	658	tax=d:Bacteria,p:Proteobacteria,c:Alphaproteobacteria,o:Caulobacterales,f:Caulobacteraceae,g:Brevundimonas,s:Brevundimonas denitrificans
ASV1250	93.409	440	29	0	1	440	282	721	0.0	652	tax=d:Bacteria,p:Proteobacteria,c:Alphaproteobacteria,o:Caulobacterales,f:Caulobacteraceae,g:Brevundimonas,s:Brevundimonas kwangchunensis
ASV1250	93.182	440	30	0	1	440	280	719	0.0	649	tax=d:Bacteria,p:Proteobacteria,c:Alphaproteobacteria,o:Caulobacterales,f:Caulobacteraceae,g:Phenylobacterium,s:AY234477_s
ASV1250	93.197	441	28	2	1	440	280	719	0.0	647	tax=d:Bacteria,p:Proteobacteria,c:Alphaproteobacteria,o:Caulobacterales,f:Caulobacteraceae,g:Asticcacaulis,s:PAC000515_s
ASV1250	93.182	440	30	0	1	440	282	721	0.0	647	tax=d:Bacteria,p:Proteobacteria,c:Alphaproteobacteria,o:Caulobacterales,f:Caulobacteraceae,g:Brevundimonas,s:GQ009501_s
ASV1250	93.182	440	30	0	1	440	262	701	0.0	647	tax=d:Bacteria,p:Proteobacteria,c:Alphaproteobacteria,o:Caulobacterales,f:Caulobacteraceae,g:Brevundimonas,s:Brevundimonas basaltis
ASV1250	93.197	441	28	2	1	440	282	721	0.0	647	tax=d:Bacteria,p:Proteobacteria,c:Alphaproteobacteria,o:Caulobacterales,f:Caulobacteraceae,g:JPOM_g,s:DQ532251_s
ASV1250	92.971	441	29	2	1	440	280	719	0.0	641	tax=d:Bacteria,p:Proteobacteria,c:Alphaproteobacteria,o:Caulobacterales,f:Caulobacteraceae,g:Phenylobacterium,s:Phenylobacterium hankyongense
ASV1250	92.955	440	31	0	1	440	249	688	0.0	641	tax=d:Bacteria,p:Proteobacteria,c:Alphaproteobacteria,o:Caulobacterales,f:Caulobacteraceae,g:Asticcacaulis,s:Asticcacaulis endophyticus
ASV1250	92.955	440	31	0	1	440	262	701	0.0	641	tax=d:Bacteria,p:Proteobacteria,c:Alphaproteobacteria,o:Caulobacterales,f:Caulobacteraceae,g:Asticcacaulis,s:Asticcacaulis solisilvae
ASV1250	92.955	440	31	0	1	440	282	721	0.0	641	tax=d:Bacteria,p:Proteobacteria,c:Alphaproteobacteria,o:Caulobacterales,f:Caulobacteraceae,g:Brevundimonas,s:Brevundimonas viscosa
ASV1250	92.955	440	31	0	1	440	282	721	0.0	641	tax=d:Bacteria,p:Proteobacteria,c:Alphaproteobacteria,o:Caulobacterales,f:Caulobacteraceae,g:Brevundimonas,s:Brevundimonas aveniformis
ASV1250	92.727	440	32	0	1	440	282	721	0.0	636	tax=d:Bacteria,p:Proteobacteria,c:Alphaproteobacteria,o:Caulobacterales,f:Caulobacteraceae,g:PAC000095_g,s:PAC000095_s
ASV1250	92.744	441	30	2	1	440	280	719	0.0	636	tax=d:Bacteria,p:Proteobacteria,c:Alphaproteobacteria,o:Caulobacterales,f:Caulobacteraceae,g:FJ477627_g,s:FJ477627_s
ASV1250	92.744	441	30	2	1	440	280	719	0.0	636	tax=d:Bacteria,p:Proteobacteria,c:Alphaproteobacteria,o:Caulobacterales,f:Caulobacteraceae,g:DQ532201_g,s:AB473899_s
ASV1250	92.517	441	31	2	1	440	280	719	4.77e-180	630	tax=d:Bacteria,p:Proteobacteria,c:Alphaproteobacteria,o:Caulobacterales,f:Caulobacteraceae,g:Asticcacaulis,s:Asticcacaulis taihuensis
ASV1250	92.500	440	33	0	1	440	283	722	4.77e-180	630	tax=d:Bacteria,p:Proteobacteria,c:Alphaproteobacteria,o:Caulobacterales,f:Caulobacteraceae,g:DQ532201_g,s:DQ532201_s
ASV1250	92.517	441	31	2	1	440	280	719	4.77e-180	630	tax=d:Bacteria,p:Proteobacteria,c:Alphaproteobacteria,o:Caulobacterales,f:Caulobacteraceae,g:Asticcacaulis,s:Asticcacaulis benevestitus
ASV1250	92.517	441	31	2	1	440	280	719	4.77e-180	630	tax=d:Bacteria,p:Proteobacteria,c:Alphaproteobacteria,o:Caulobacterales,f:Caulobacteraceae,g:Asticcacaulis,s:Asticcacaulis biprosthecium
ASV1250	91.818	440	36	0	1	440	282	721	4.80e-175	614	tax=d:Bacteria,p:Proteobacteria,c:Alphaproteobacteria,o:Caulobacterales,f:Caulobacteraceae,g:AB473919_g,s:AB374373_s
ASV1250	91.818	440	34	2	1	439	282	720	1.73e-174	612	tax=d:Bacteria,p:Proteobacteria,c:Alphaproteobacteria,o:Caulobacterales,f:Caulobacteraceae,g:Brevundimonas,s:HQ809731_s
ASV1250	91.591	440	37	0	1	440	284	723	2.23e-173	608	tax=d:Bacteria,p:Proteobacteria,c:Alphaproteobacteria,o:Rhizobiales,f:Methylobacteriaceae,g:JQNH_g,s:JF417790_s
ASV1250	91.610	441	35	2	1	440	284	723	2.23e-173	608	tax=d:Bacteria,p:Proteobacteria,c:Alphaproteobacteria,o:Caulobacterales,f:Caulobacteraceae,g:AB473919_g,s:HM241020_s
ASV1250	91.136	440	39	0	1	440	280	719	4.83e-170	597	tax=d:Bacteria,p:Proteobacteria,c:Alphaproteobacteria,o:Rhizobiales,f:Rhizobiaceae,g:Rhizobium,s:Rhizobium nepotum
ASV1250	91.136	440	39	0	1	440	284	723	4.83e-170	597	tax=d:Bacteria,p:Proteobacteria,c:Alphaproteobacteria,o:Rhizobiales,f:Methylobacteriaceae,g:JQNH_g,s:JQNH_s
ASV1250	91.136	440	39	0	1	440	268	707	4.83e-170	597	tax=d:Bacteria,p:Proteobacteria,c:Alphaproteobacteria,o:Rhizobiales,f:Pseudoxanthobacter_f,g:Amorphus,s:Amorphus orientalis
ASV1250	91.136	440	39	0	1	440	280	719	4.83e-170	597	tax=d:Bacteria,p:Proteobacteria,c:Alphaproteobacteria,o:Rhizobiales,f:Rhizobiaceae,g:Rhizobium,s:Rhizobium rosettiformans
ASV1250	91.136	440	39	0	1	440	280	719	4.83e-170	597	tax=d:Bacteria,p:Proteobacteria,c:Alphaproteobacteria,o:Rhizobiales,f:Rhizobiaceae,g:Neorhizobium,s:Neorhizobium galegae
ASV1250	91.136	440	39	0	1	440	280	719	4.83e-170	597	tax=d:Bacteria,p:Proteobacteria,c:Alphaproteobacteria,o:Rhizobiales,f:Rhizobiaceae,g:Rhizobium,s:CP002249_s
ASV1250	91.136	440	39	0	1	440	280	719	4.83e-170	597	tax=d:Bacteria,p:Proteobacteria,c:Alphaproteobacteria,o:Rhizobiales,f:Rhizobiaceae,g:Rhizobium,s:Rhizobium radiobacter
ASV1250	90.909	440	40	0	1	440	282	721	2.25e-168	592	tax=d:Bacteria,p:Proteobacteria,c:Alphaproteobacteria,o:Rhizobiales,f:Rhizobiaceae,g:Rhizobium,s:Rhizobium oryziradicis
ASV1250	90.909	440	40	0	1	440	281	720	2.25e-168	592	tax=d:Bacteria,p:Proteobacteria,c:Alphaproteobacteria,o:Rhizobiales,f:Bartonellaceae,g:Bartonella,s:JF233219_s
ASV1250	90.909	440	40	0	1	440	280	719	2.25e-168	592	tax=d:Bacteria,p:Proteobacteria,c:Alphaproteobacteria,o:Rhizobiales,f:Rhizobiaceae,g:Rhizobium,s:Rhizobium selenitireducens
ASV1250	90.909	440	40	0	1	440	263	702	2.25e-168	592	tax=d:Bacteria,p:Proteobacteria,c:Alphaproteobacteria,o:Rhizobiales,f:Rhizobiaceae,g:Rhizobium,s:Rhizobium alvei
ASV1250	90.909	440	40	0	1	440	284	723	2.25e-168	592	tax=d:Bacteria,p:Proteobacteria,c:Alphaproteobacteria,o:Rhizobiales,f:Methylobacteriaceae,g:Psychroglaciecola,s:AB374377_s
ASV1250	90.682	440	41	0	1	440	282	721	1.05e-166	586	tax=d:Bacteria,p:Proteobacteria,c:Alphaproteobacteria,o:Rhizobiales,f:Bartonellaceae,g:Bartonella,s:Bartonella apis
ASV1250	90.682	440	41	0	1	440	259	698	1.05e-166	586	tax=d:Bacteria,p:Proteobacteria,c:Alphaproteobacteria,o:Rhizobiales,f:Aurantimonadaceae,g:Aureimonas,s:Aureimonas pseudogalii
ASV1250	90.682	440	41	0	1	440	263	702	1.05e-166	586	tax=d:Bacteria,p:Proteobacteria,c:Alphaproteobacteria,o:Rhizobiales,f:Aurantimonadaceae,g:Aureimonas,s:Aureimonas galii
ASV1250	90.682	440	41	0	1	440	282	721	1.05e-166	586	tax=d:Bacteria,p:Proteobacteria,c:Alphaproteobacteria,o:Rhizobiales,f:Bartonellaceae,g:Bartonella,s:Bartonella tamiae
ASV1250	90.682	440	41	0	1	440	280	719	1.05e-166	586	tax=d:Bacteria,p:Proteobacteria,c:Alphaproteobacteria,o:Rhizobiales,f:Rhizobiaceae,g:Rhizobium,s:Rhizobium skierniewicense
ASV1250	90.682	440	41	0	1	440	257	696	1.05e-166	586	tax=d:Bacteria,p:Proteobacteria,c:Alphaproteobacteria,o:Rhizobiales,f:Alsobacter_f,g:Alsobacter,s:HM124378_s
ASV1250	90.682	440	41	0	1	440	280	719	1.05e-166	586	tax=d:Bacteria,p:Proteobacteria,c:Alphaproteobacteria,o:Rhizobiales,f:Rhizobiaceae,g:Rhizobium,s:Rhizobium ipomoeae
ASV1250	90.703	441	39	2	1	440	284	723	1.05e-166	586	tax=d:Bacteria,p:Proteobacteria,c:Alphaproteobacteria,o:Rhizobiales,f:Methylobacteriaceae,g:Microvirga,s:GQ065523_s
ASV1250	90.682	440	41	0	1	440	261	700	1.05e-166	586	tax=d:Bacteria,p:Proteobacteria,c:Alphaproteobacteria,o:Rhizobiales,f:Aurantimonadaceae,g:Aureimonas,s:FN421801_s
ASV1250	90.682	440	41	0	1	440	282	721	1.05e-166	586	tax=d:Bacteria,p:Proteobacteria,c:Alphaproteobacteria,o:Rhizobiales,f:Rhizobiaceae,g:Shinella,s:Shinella fusca
ASV1250	90.682	440	41	0	1	440	205	644	1.05e-166	586	tax=d:Bacteria,p:Proteobacteria,c:Alphaproteobacteria,o:Rhizobiales,f:Rhizobiaceae,g:Neorhizobium,s:Neorhizobium alkalisoli
ASV1250	90.682	440	41	0	1	440	282	721	1.05e-166	586	tax=d:Bacteria,p:Proteobacteria,c:Alphaproteobacteria,o:Rhizobiales,f:Bartonellaceae,g:Bartonella,s:CP015820_s
ASV1250	90.682	440	41	0	1	440	282	721	1.05e-166	586	tax=d:Bacteria,p:Proteobacteria,c:Alphaproteobacteria,o:Rhizobiales,f:Bartonellaceae,g:Bartonella,s:CP015625_s
ASV1250	90.682	440	41	0	1	440	278	717	1.05e-166	586	tax=d:Bacteria,p:Proteobacteria,c:Alphaproteobacteria,o:Rhizobiales,f:Rhizobiaceae,g:Rhizobium,s:Rhizobium rubi
ASV1250	90.682	440	41	0	1	440	280	719	1.05e-166	586	tax=d:Bacteria,p:Proteobacteria,c:Alphaproteobacteria,o:Rhizobiales,f:Rhizobiaceae,g:Rhizobium,s:Rhizobium daejeonense
ASV1250	90.703	441	39	2	1	440	282	721	1.05e-166	586	tax=d:Bacteria,p:Proteobacteria,c:Alphaproteobacteria,o:Rhodobacterales,f:Hyphomonadaceae,g:Glycocaulis,s:Glycocaulis abyssi
ASV1250	90.682	440	41	0	1	440	280	719	1.05e-166	586	tax=d:Bacteria,p:Proteobacteria,c:Alphaproteobacteria,o:Rhizobiales,f:Rhizobiaceae,g:Neorhizobium,s:Neorhizobium huautlense
ASV1250	90.682	440	41	0	1	440	280	719	1.05e-166	586	tax=d:Bacteria,p:Proteobacteria,c:Alphaproteobacteria,o:Rhizobiales,f:Rhizobiaceae,g:Rhizobium,s:Rhizobium naphthalenivorans
ASV1250	90.682	440	41	0	1	440	280	719	1.05e-166	586	tax=d:Bacteria,p:Proteobacteria,c:Alphaproteobacteria,o:Rhizobiales,f:Rhizobiaceae,g:Shinella,s:Shinella yambaruensis
ASV1250	90.455	440	42	0	1	440	255	694	1.35e-165	582	tax=d:Bacteria,p:Proteobacteria,c:Alphaproteobacteria,o:Rhizobiales,f:Rhizobiaceae,g:Rhizobium,s:FJ193930_s
ASV1250	90.455	440	42	0	1	440	280	719	4.87e-165	580	tax=d:Bacteria,p:Proteobacteria,c:Alphaproteobacteria,o:Rhizobiales,f:Chelatococcaceae,g:Chelatococcus,s:Chelatococcus reniformis
ASV1250	90.476	441	40	2	1	440	282	721	4.87e-165	580	tax=d:Bacteria,p:Proteobacteria,c:Alphaproteobacteria,o:Rhodobacterales,f:Hyphomonadaceae,g:Glycocaulis,s:Glycocaulis albus
ASV1250	90.476	441	40	2	1	440	282	721	4.87e-165	580	tax=d:Bacteria,p:Proteobacteria,c:Alphaproteobacteria,o:Rhodobacterales,f:Hyphomonadaceae,g:Glycocaulis,s:Glycocaulis alkaliphilus
ASV1250	90.498	442	38	4	1	440	282	721	4.87e-165	580	tax=d:Bacteria,p:Proteobacteria,c:Alphaproteobacteria,o:Rhodobacterales,f:Hyphomonadaceae,g:Marinicauda,s:Marinicauda pacifica
ASV1250	90.951	431	39	0	1	431	259	689	4.87e-165	580	tax=d:Bacteria,p:Proteobacteria,c:Alphaproteobacteria,o:Caulobacterales,f:Caulobacteraceae,g:Brevundimonas,s:HQ820283_s
ASV1250	90.455	440	42	0	1	440	281	720	4.87e-165	580	tax=d:Bacteria,p:Proteobacteria,c:Alphaproteobacteria,o:Rhizobiales,f:Bartonellaceae,g:Bartonella,s:GU272277_s
ASV1250	90.455	440	42	0	1	440	268	707	4.87e-165	580	tax=d:Bacteria,p:Proteobacteria,c:Alphaproteobacteria,o:Rhizobiales,f:Rhizobiaceae,g:Allorhizobium,s:Allorhizobium borbori
ASV1250	90.455	440	42	0	1	440	280	719	4.87e-165	580	tax=d:Bacteria,p:Proteobacteria,c:Alphaproteobacteria,o:Rhizobiales,f:EU803296_f,g:EU803296_g,s:DQ450166_s
ASV1250	90.455	440	42	0	1	440	280	719	4.87e-165	580	tax=d:Bacteria,p:Proteobacteria,c:Alphaproteobacteria,o:Rhizobiales,f:Bartonellaceae,g:Bartonella,s:CP017315_s
ASV1250	90.455	440	42	0	1	440	282	721	4.87e-165	580	tax=d:Bacteria,p:Proteobacteria,c:Alphaproteobacteria,o:Rhizobiales,f:Bartonellaceae,g:Bartonella,s:AY370187_s
ASV1250	90.455	440	42	0	1	440	282	721	4.87e-165	580	tax=d:Bacteria,p:Proteobacteria,c:Alphaproteobacteria,o:Rhizobiales,f:Chelatococcaceae,g:Chelatococcus,s:Chelatococcus asaccharovorans
ASV1250	90.455	440	42	0	1	440	280	719	4.87e-165	580	tax=d:Bacteria,p:Proteobacteria,c:Alphaproteobacteria,o:Rhizobiales,f:Rhizobiaceae,g:Allorhizobium,s:Allorhizobium paknamense
ASV1250	90.455	440	42	0	1	440	282	721	4.87e-165	580	tax=d:Bacteria,p:Proteobacteria,c:Alphaproteobacteria,o:Rhizobiales,f:Phyllobacteriaceae,g:Chelativorans,s:Chelativorans composti
ASV1250	90.455	440	42	0	1	440	284	723	4.87e-165	580	tax=d:Bacteria,p:Proteobacteria,c:Alphaproteobacteria,o:Rhizobiales,f:Afifella_f,g:FOFG_g,s:AB374392_s
ASV1250	90.227	440	43	0	1	440	282	721	2.26e-163	575	tax=d:Bacteria,p:Proteobacteria,c:Alphaproteobacteria,o:Caulobacterales,f:Caulobacteraceae,g:Aquidulcibacter,s:Aquidulcibacter paucihalophilus
ASV1250	90.227	440	43	0	1	440	280	719	2.26e-163	575	tax=d:Bacteria,p:Proteobacteria,c:Alphaproteobacteria,o:Rhizobiales,f:Rhizobiaceae,g:Rhizobium,s:Rhizobium laguerreae
ASV1250	90.227	440	43	0	1	440	280	719	2.26e-163	575	tax=d:Bacteria,p:Proteobacteria,c:Alphaproteobacteria,o:Rhizobiales,f:Rhizobiaceae,g:Rhizobium,s:Rhizobium leguminosarum
ASV1250	90.227	440	43	0	1	440	280	719	2.26e-163	575	tax=d:Bacteria,p:Proteobacteria,c:Alphaproteobacteria,o:Rhizobiales,f:Rhizobiaceae,g:Rhizobium,s:Rhizobium arenae
ASV1250	90.227	440	43	0	1	440	280	719	2.26e-163	575	tax=d:Bacteria,p:Proteobacteria,c:Alphaproteobacteria,o:Rhizobiales,f:Rhizobiaceae,g:Shinella,s:Shinella curvata
ASV1250	90.227	440	43	0	1	440	280	719	2.26e-163	575	tax=d:Bacteria,p:Proteobacteria,c:Alphaproteobacteria,o:Rhizobiales,f:Rhizobiaceae,g:Pararhizobium,s:Pararhizobium antarcticum
ASV1250	90.227	440	43	0	1	440	280	719	2.26e-163	575	tax=d:Bacteria,p:Proteobacteria,c:Alphaproteobacteria,o:Rhizobiales,f:Rhizobiaceae,g:Rhizobium,s:Rhizobium azooxidifex
ASV1250	90.227	440	43	0	1	440	352	791	2.26e-163	575	tax=d:Bacteria,p:Proteobacteria,c:Alphaproteobacteria,o:Rhizobiales,f:Rhizobiaceae,g:Gellertiella,s:Gellertiella hungarica
ASV1250	90.227	440	43	0	1	440	280	719	2.26e-163	575	tax=d:Bacteria,p:Proteobacteria,c:Alphaproteobacteria,o:Rhizobiales,f:Rhizobiaceae,g:Rhizobium,s:LMOT_s
ASV1250	90.227	440	43	0	1	440	280	719	2.26e-163	575	tax=d:Bacteria,p:Proteobacteria,c:Alphaproteobacteria,o:Rhizobiales,f:Rhizobiaceae,g:Pararhizobium,s:LMDA_s
ASV1250	90.227	440	43	0	1	440	280	719	2.26e-163	575	tax=d:Bacteria,p:Proteobacteria,c:Alphaproteobacteria,o:Rhizobiales,f:Rhizobiaceae,g:Rhizobium,s:Rhizobium ecuadorense
ASV1250	90.227	440	43	0	1	440	283	722	2.26e-163	575	tax=d:Bacteria,p:Proteobacteria,c:Alphaproteobacteria,o:Rhizobiales,f:Bartonellaceae,g:Bartonella,s:Bartonella vinsonii
ASV1250	90.249	441	41	2	1	440	282	721	2.26e-163	575	tax=d:Bacteria,p:Proteobacteria,c:Alphaproteobacteria,o:Rhodobacterales,f:Hyphomonadaceae,g:Marinicauda,s:Marinicauda algicola
ASV1250	90.227	440	43	0	1	440	280	719	2.26e-163	575	tax=d:Bacteria,p:Proteobacteria,c:Alphaproteobacteria,o:Rhizobiales,f:Rhizobiaceae,g:Ciceribacter,s:Ciceribacter azotifigens
ASV1250	90.227	440	43	0	1	440	280	719	2.26e-163	575	tax=d:Bacteria,p:Proteobacteria,c:Alphaproteobacteria,o:Rhizobiales,f:Rhizobiaceae,g:Ciceribacter,s:Ciceribacter thiooxidans
ASV1250	90.227	440	43	0	1	440	282	721	2.26e-163	575	tax=d:Bacteria,p:Proteobacteria,c:Alphaproteobacteria,o:Rhizobiales,f:Aurantimonadaceae,g:Aureimonas,s:Aureimonas glaciistagni
ASV1250	90.227	440	43	0	1	440	283	722	2.26e-163	575	tax=d:Bacteria,p:Proteobacteria,c:Alphaproteobacteria,o:Rhizobiales,f:Bartonellaceae,g:Bartonella,s:KL503802_s
ASV1250	90.227	440	43	0	1	440	229	668	2.26e-163	575	tax=d:Bacteria,p:Proteobacteria,c:Alphaproteobacteria,o:Rhizobiales,f:Rhizobiaceae,g:Rhizobium,s:Rhizobium acidisoli
ASV1250	90.227	440	43	0	1	440	238	677	2.26e-163	575	tax=d:Bacteria,p:Proteobacteria,c:Alphaproteobacteria,o:Rhizobiales,f:Rhizobiaceae,g:Rhizobium,s:Rhizobium sophorae
ASV1250	90.227	440	43	0	1	440	256	695	2.26e-163	575	tax=d:Bacteria,p:Proteobacteria,c:Alphaproteobacteria,o:Rhizobiales,f:Rhizobiaceae,g:Rhizobium,s:Rhizobium sophoriradicis
ASV1250	90.227	440	43	0	1	440	244	683	2.26e-163	575	tax=d:Bacteria,p:Proteobacteria,c:Alphaproteobacteria,o:Rhizobiales,f:Bartonellaceae,g:Bartonella,s:Bartonella fuyuanensis
ASV1250	90.227	440	43	0	1	440	280	719	2.26e-163	575	tax=d:Bacteria,p:Proteobacteria,c:Alphaproteobacteria,o:Rhizobiales,f:Rhizobiaceae,g:Rhizobium,s:Rhizobium anhuiense
ASV1250	90.227	440	43	0	1	440	280	719	2.26e-163	575	tax=d:Bacteria,p:Proteobacteria,c:Alphaproteobacteria,o:Rhizobiales,f:Rhizobiaceae,g:Rhizobium,s:Rhizobium yantingense
ASV1250	90.227	440	43	0	1	440	137	576	2.26e-163	575	tax=d:Bacteria,p:Proteobacteria,c:Alphaproteobacteria,o:Rhizobiales,f:Rhizobiaceae,g:Rhizobium,s:Rhizobium esperanzae
ASV1250	90.227	440	43	0	1	440	282	721	2.26e-163	575	tax=d:Bacteria,p:Proteobacteria,c:Alphaproteobacteria,o:Rhizobiales,f:Pseudoxanthobacter_f,g:Amorphus,s:Amorphus suaedae
ASV1250	90.227	440	43	0	1	440	248	687	2.26e-163	575	tax=d:Bacteria,p:Proteobacteria,c:Alphaproteobacteria,o:Rhizobiales,f:Rhizobiaceae,g:Rhizobium,s:Rhizobium mayense
ASV1250	90.227	440	43	0	1	440	248	687	2.26e-163	575	tax=d:Bacteria,p:Proteobacteria,c:Alphaproteobacteria,o:Rhizobiales,f:Rhizobiaceae,g:Rhizobium,s:Rhizobium jaguaris
ASV1250	90.227	440	43	0	1	440	248	687	2.26e-163	575	tax=d:Bacteria,p:Proteobacteria,c:Alphaproteobacteria,o:Rhizobiales,f:Rhizobiaceae,g:Rhizobium,s:Rhizobium calliandrae
ASV1250	90.227	440	43	0	1	440	282	721	2.26e-163	575	tax=d:Bacteria,p:Proteobacteria,c:Alphaproteobacteria,o:Rhizobiales,f:Aurantimonadaceae,g:Aureimonas,s:JRFJ_s
ASV1250	90.227	440	43	0	1	440	280	719	2.26e-163	575	tax=d:Bacteria,p:Proteobacteria,c:Alphaproteobacteria,o:Rhizobiales,f:Rhizobiaceae,g:Rhizobium,s:Rhizobium aegyptiacum
ASV1250	90.227	440	43	0	1	440	280	719	2.26e-163	575	tax=d:Bacteria,p:Proteobacteria,c:Alphaproteobacteria,o:Rhizobiales,f:Rhizobiaceae,g:Pseudorhizobium,s:Pseudorhizobium pelagicum
ASV1250	90.227	440	43	0	1	440	280	719	2.26e-163	575	tax=d:Bacteria,p:Proteobacteria,c:Alphaproteobacteria,o:Rhizobiales,f:Rhizobiaceae,g:Rhizobium,s:Rhizobium binae
ASV1250	90.227	440	43	0	1	440	280	719	2.26e-163	575	tax=d:Bacteria,p:Proteobacteria,c:Alphaproteobacteria,o:Rhizobiales,f:Rhizobiaceae,g:Rhizobium,s:Rhizobium bangladeshense
ASV1250	90.227	440	43	0	1	440	280	719	2.26e-163	575	tax=d:Bacteria,p:Proteobacteria,c:Alphaproteobacteria,o:Rhizobiales,f:Rhizobiaceae,g:Rhizobium,s:Rhizobium lentis
ASV1250	90.227	440	43	0	1	440	246	685	2.26e-163	575	tax=d:Bacteria,p:Proteobacteria,c:Alphaproteobacteria,o:Rhizobiales,f:Rhizobiaceae,g:Rhizobium,s:Rhizobium aethiopicum
ASV1250	90.227	440	43	0	1	440	280	719	2.26e-163	575	tax=d:Bacteria,p:Proteobacteria,c:Alphaproteobacteria,o:Rhizobiales,f:Rhizobiaceae,g:Rhizobium,s:Rhizobium marinum
ASV1250	90.227	440	43	0	1	440	282	721	2.26e-163	575	tax=d:Bacteria,p:Proteobacteria,c:Alphaproteobacteria,o:Rhizobiales,f:Afifella_f,g:Afifella,s:Afifella pfennigii
ASV1250	90.227	440	43	0	1	440	283	722	2.26e-163	575	tax=d:Bacteria,p:Proteobacteria,c:Alphaproteobacteria,o:Rhizobiales,f:Bartonellaceae,g:Bartonella,s:Bartonella doshiae
ASV1250	90.227	440	43	0	1	440	280	719	2.26e-163	575	tax=d:Bacteria,p:Proteobacteria,c:Alphaproteobacteria,o:Rhizobiales,f:Rhizobiaceae,g:Rhizobium,s:Rhizobium multihospitium
ASV1250	90.227	440	43	0	1	440	280	719	2.26e-163	575	tax=d:Bacteria,p:Proteobacteria,c:Alphaproteobacteria,o:Rhizobiales,f:Rhizobiaceae,g:Rhizobium,s:Rhizobium miluonense
ASV1250	90.227	440	43	0	1	440	280	719	2.26e-163	575	tax=d:Bacteria,p:Proteobacteria,c:Alphaproteobacteria,o:Rhizobiales,f:Rhizobiaceae,g:Rhizobium,s:Rhizobium lusitanum
ASV1250	90.227	440	43	0	1	440	280	719	2.26e-163	575	tax=d:Bacteria,p:Proteobacteria,c:Alphaproteobacteria,o:Rhizobiales,f:Rhizobiaceae,g:Rhizobium,s:Rhizobium larrymoorei
ASV1250	90.227	440	43	0	1	440	284	723	2.26e-163	575	tax=d:Bacteria,p:Proteobacteria,c:Alphaproteobacteria,o:Rhizobiales,f:Bartonellaceae,g:Bartonella,s:Bartonella grahamii
ASV1250	90.227	440	43	0	1	440	282	721	2.26e-163	575	tax=d:Bacteria,p:Proteobacteria,c:Alphaproteobacteria,o:Rhizobiales,f:Devosia_f,g:Devosia,s:GU731274_s
ASV1250	90.227	440	43	0	1	440	272	711	2.26e-163	575	tax=d:Bacteria,p:Proteobacteria,c:Alphaproteobacteria,o:Rhizobiales,f:Rhodobiaceae,g:Tepidamorphus,s:Tepidamorphus gemmatus
ASV1250	90.227	440	43	0	1	440	280	719	2.26e-163	575	tax=d:Bacteria,p:Proteobacteria,c:Alphaproteobacteria,o:Rhizobiales,f:Rhizobiaceae,g:Rhizobium,s:Rhizobium hainanense
ASV1250	90.227	440	43	0	1	440	255	694	2.26e-163	575	tax=d:Bacteria,p:Proteobacteria,c:Alphaproteobacteria,o:Rhizobiales,f:Rhizobiaceae,g:Rhizobium,s:Rhizobium vallis
ASV1250	90.227	440	43	0	1	440	269	708	2.26e-163	575	tax=d:Bacteria,p:Proteobacteria,c:Alphaproteobacteria,o:Rhizobiales,f:Rhizobiaceae,g:Rhizobium,s:Rhizobium paranaense
ASV1250	90.227	440	43	0	1	440	284	723	2.26e-163	575	tax=d:Bacteria,p:Proteobacteria,c:Alphaproteobacteria,o:Rhizobiales,f:Bartonellaceae,g:Bartonella,s:Bartonella coopersplainsensis
ASV1250	90.227	440	43	0	1	440	256	695	2.26e-163	575	tax=d:Bacteria,p:Proteobacteria,c:Alphaproteobacteria,o:Rhizobiales,f:Rhizobiaceae,g:Rhizobium,s:Rhizobium fabae
ASV1250	90.227	440	43	0	1	440	283	722	2.26e-163	575	tax=d:Bacteria,p:Proteobacteria,c:Alphaproteobacteria,o:Rhizobiales,f:Bartonellaceae,g:Bartonella,s:Bartonella ancashensis
ASV1250	90.227	440	43	0	1	440	280	719	2.26e-163	575	tax=d:Bacteria,p:Proteobacteria,c:Alphaproteobacteria,o:Rhizobiales,f:Rhizobiaceae,g:Rhizobium,s:Rhizobium tropici
ASV1250	90.227	440	43	0	1	440	280	719	2.26e-163	575	tax=d:Bacteria,p:Proteobacteria,c:Alphaproteobacteria,o:Rhizobiales,f:Rhizobiaceae,g:Rhizobium,s:Rhizobium etli
ASV1250	90.227	440	43	0	1	440	283	722	2.26e-163	575	tax=d:Bacteria,p:Proteobacteria,c:Alphaproteobacteria,o:Rhizobiales,f:Bartonellaceae,g:Bartonella,s:Bartonella rattaustraliani
ASV1250	90.227	440	43	0	1	440	282	721	2.26e-163	575	tax=d:Bacteria,p:Proteobacteria,c:Alphaproteobacteria,o:Rhizobiales,f:Aurantimonadaceae,g:Aureimonas,s:Aureimonas altamirensis
ASV1250	90.227	440	43	0	1	440	280	719	2.26e-163	575	tax=d:Bacteria,p:Proteobacteria,c:Alphaproteobacteria,o:Rhizobiales,f:Rhizobiaceae,g:Rhizobium,s:Rhizobium rhizogenes
ASV1250	90.227	440	43	0	1	440	280	719	2.26e-163	575	tax=d:Bacteria,p:Proteobacteria,c:Alphaproteobacteria,o:Rhizobiales,f:Rhizobiaceae,g:Rhizobium,s:Rhizobium pisi
ASV1250	90.227	440	43	0	1	440	352	791	2.26e-163	575	tax=d:Bacteria,p:Proteobacteria,c:Alphaproteobacteria,o:Rhizobiales,f:Rhizobiaceae,g:Rhizobium,s:Rhizobium leucaenae
ASV1250	90.227	440	43	0	1	440	280	719	2.26e-163	575	tax=d:Bacteria,p:Proteobacteria,c:Alphaproteobacteria,o:Rhizobiales,f:Rhizobiaceae,g:Rhizobium,s:Rhizobium freirei
ASV1250	90.227	440	43	0	1	440	280	719	2.26e-163	575	tax=d:Bacteria,p:Proteobacteria,c:Alphaproteobacteria,o:Rhizobiales,f:Aurantimonadaceae,g:Aureimonas,s:AM746691_s
ASV1250	90.227	440	43	0	1	440	282	721	2.26e-163	575	tax=d:Bacteria,p:Proteobacteria,c:Alphaproteobacteria,o:Rhizobiales,f:Methylobacteriaceae,g:Microvirga,s:AM412118_s
ASV1250	90.227	440	43	0	1	440	280	719	2.26e-163	575	tax=d:Bacteria,p:Proteobacteria,c:Alphaproteobacteria,o:Rhizobiales,f:Rhizobiaceae,g:Rhizobium,s:AF235998_s
ASV1250	90.227	440	43	0	1	440	284	723	2.26e-163	575	tax=d:Bacteria,p:Proteobacteria,c:Alphaproteobacteria,o:Rhizobiales,f:Methylobacteriaceae,g:AB473917_g,s:AB473917_s
ASV1250	90.227	440	43	0	1	440	284	723	2.26e-163	575	tax=d:Bacteria,p:Proteobacteria,c:Alphaproteobacteria,o:Rhizobiales,f:Alsobacter_f,g:Alsobacter,s:Alsobacter metallidurans
ASV1250	90.000	440	44	0	1	440	284	723	1.05e-161	569	tax=d:Bacteria,p:Proteobacteria,c:Alphaproteobacteria,o:Rhizobiales,f:Bartonellaceae,g:Bartonella,s:Bartonella taylorii
ASV1250	90.000	440	44	0	1	440	280	719	1.05e-161	569	tax=d:Bacteria,p:Proteobacteria,c:Alphaproteobacteria,o:Rhizobiales,f:Phyllobacteriaceae,g:Mesorhizobium,s:Mesorhizobium plurifarium
ASV1250	90.000	440	44	0	1	440	280	719	1.05e-161	569	tax=d:Bacteria,p:Proteobacteria,c:Alphaproteobacteria,o:Rhizobiales,f:Rhizobiaceae,g:Rhizobium,s:Agrobacterium salinitolerans
ASV1250	90.000	440	44	0	1	440	280	719	1.05e-161	569	tax=d:Bacteria,p:Proteobacteria,c:Alphaproteobacteria,o:Rhizobiales,f:Rhizobiaceae,g:Allorhizobium,s:Allorhizobium taibaishanense
ASV1250	90.000	440	44	0	1	440	356	795	1.05e-161	569	tax=d:Bacteria,p:Proteobacteria,c:Alphaproteobacteria,o:Rhizobiales,f:Rhizobiaceae,g:Rhizobium,s:LT009740_s
ASV1250	90.000	440	44	0	1	440	282	721	1.05e-161	569	tax=d:Bacteria,p:Proteobacteria,c:Alphaproteobacteria,o:Rhodobacterales,f:Hyphomonadaceae,g:Maricaulis,s:LQXG_s
ASV1250	90.000	440	44	0	1	440	280	719	1.05e-161	569	tax=d:Bacteria,p:Proteobacteria,c:Alphaproteobacteria,o:Rhizobiales,f:Rhizobiaceae,g:Allorhizobium,s:Allorhizobium vitis
ASV1250	90.000	440	44	0	1	440	280	719	1.05e-161	569	tax=d:Bacteria,p:Proteobacteria,c:Alphaproteobacteria,o:Rhizobiales,f:Aurantimonadaceae,g:Aureimonas,s:LMRD_s
ASV1250	90.000	440	44	0	1	440	297	736	1.05e-161	569	tax=d:Bacteria,p:Proteobacteria,c:Alphaproteobacteria,o:Rhizobiales,f:Rhizobiaceae,g:Allorhizobium,s:LMQD_s
ASV1250	90.000	440	44	0	1	440	297	736	1.05e-161	569	tax=d:Bacteria,p:Proteobacteria,c:Alphaproteobacteria,o:Rhizobiales,f:Rhizobiaceae,g:Allorhizobium,s:LMQB_s
ASV1250	90.000	440	44	0	1	440	280	719	1.05e-161	569	tax=d:Bacteria,p:Proteobacteria,c:Alphaproteobacteria,o:Rhizobiales,f:Aurantimonadaceae,g:Aureimonas,s:LMOH_s
ASV1250	90.000	440	44	0	1	440	280	719	1.05e-161	569	tax=d:Bacteria,p:Proteobacteria,c:Alphaproteobacteria,o:Rhizobiales,f:Rhizobiaceae,g:Rhizobium,s:LMDR_s
ASV1250	90.023	441	42	2	1	440	282	721	1.05e-161	569	tax=d:Bacteria,p:Proteobacteria,c:Alphaproteobacteria,o:Rhizobiales,f:Chelatococcaceae,g:Chelatococcus,s:Chelatococcus sambhunathii
ASV1250	90.000	440	44	0	1	440	280	719	1.05e-161	569	tax=d:Bacteria,p:Proteobacteria,c:Alphaproteobacteria,o:Rhizobiales,f:Devosia_f,g:Devosia,s:Devosia confluentis
ASV1250	90.000	440	44	0	1	440	294	733	1.05e-161	569	tax=d:Bacteria,p:Proteobacteria,c:Alphaproteobacteria,o:Rhizobiales,f:Aurantimonadaceae,g:Aureimonas,s:Aureimonas glaciei
ASV1250	90.023	441	42	2	1	440	282	721	1.05e-161	569	tax=d:Bacteria,p:Proteobacteria,c:Alphaproteobacteria,o:Rhizobiales,f:Chelatococcaceae,g:Chelatococcus,s:Chelatococcus composti
ASV1250	90.023	441	42	2	1	440	255	694	1.05e-161	569	tax=d:Bacteria,p:Proteobacteria,c:Alphaproteobacteria,o:Rhizobiales,f:Chelatococcaceae,g:Chelatococcus,s:Chelatococcus caeni
ASV1250	90.000	440	44	0	1	440	283	722	1.05e-161	569	tax=d:Bacteria,p:Proteobacteria,c:Alphaproteobacteria,o:Rhizobiales,f:Bartonellaceae,g:Bartonella,s:JX001274_s
ASV1250	90.045	442	40	4	1	440	280	719	1.05e-161	569	tax=d:Bacteria,p:Proteobacteria,c:Alphaproteobacteria,o:Rhizobiales,f:Phyllobacteriaceae,g:Mesorhizobium,s:JTGD_s
ASV1250	90.000	440	44	0	1	440	256	695	1.05e-161	569	tax=d:Bacteria,p:Proteobacteria,c:Alphaproteobacteria,o:Rhizobiales,f:Phyllobacteriaceae,g:Mesorhizobium,s:Mesorhizobium acaciae
ASV1250	90.000	440	44	0	1	440	280	719	1.05e-161	569	tax=d:Bacteria,p:Proteobacteria,c:Alphaproteobacteria,o:Rhizobiales,f:Aurantimonadaceae,g:Aureimonas,s:Aureimonas jatrophae
ASV1250	90.000	440	44	0	1	440	284	723	1.05e-161	569	tax=d:Bacteria,p:Proteobacteria,c:Alphaproteobacteria,o:Rhizobiales,f:Bartonellaceae,g:Bartonella,s:Bartonella melophagi
ASV1250	90.000	440	44	0	1	440	283	722	1.05e-161	569	tax=d:Bacteria,p:Proteobacteria,c:Alphaproteobacteria,o:Rhizobiales,f:Bartonellaceae,g:Bartonella,s:Bartonella vinsonii
ASV1250	90.000	440	44	0	1	440	285	724	1.05e-161	569	tax=d:Bacteria,p:Proteobacteria,c:Alphaproteobacteria,o:Rhizobiales,f:Bartonellaceae,g:Bartonella,s:Bartonella elizabethae
ASV1250	90.000	440	44	0	1	440	285	724	1.05e-161	569	tax=d:Bacteria,p:Proteobacteria,c:Alphaproteobacteria,o:Rhizobiales,f:Bartonellaceae,g:Bartonella,s:Bartonella alsatica
ASV1250	90.000	440	44	0	1	440	280	719	1.05e-161	569	tax=d:Bacteria,p:Proteobacteria,c:Alphaproteobacteria,o:Rhizobiales,f:Rhizobiaceae,g:Rhizobium,s:Rhizobium pusense
ASV1250	90.000	440	44	0	1	440	280	719	1.05e-161	569	tax=d:Bacteria,p:Proteobacteria,c:Alphaproteobacteria,o:Rhizobiales,f:Aurantimonadaceae,g:Aureimonas,s:Aureimonas phyllosphaerae
ASV1250	90.000	440	44	0	1	440	295	734	1.05e-161	569	tax=d:Bacteria,p:Proteobacteria,c:Alphaproteobacteria,o:Rhizobiales,f:Bartonellaceae,g:Bartonella,s:Bartonella vinsonii
ASV1250	90.000	440	44	0	1	440	246	685	1.05e-161	569	tax=d:Bacteria,p:Proteobacteria,c:Alphaproteobacteria,o:Rhizobiales,f:Methylopila_f,g:Agaricicola,s:HQ219286_s
ASV1250	90.000	440	44	0	1	440	343	782	1.05e-161	569	tax=d:Bacteria,p:Proteobacteria,c:Alphaproteobacteria,o:Rhizobiales,f:Afifella_f,g:FOFG_g,s:HQ119383_s
ASV1250	90.000	440	44	0	1	440	284	723	1.05e-161	569	tax=d:Bacteria,p:Proteobacteria,c:Alphaproteobacteria,o:Rhizobiales,f:Bartonellaceae,g:Bartonella,s:Bartonella florenciae
ASV1250	90.000	440	44	0	1	440	282	721	1.05e-161	569	tax=d:Bacteria,p:Proteobacteria,c:Alphaproteobacteria,o:Rhizobiales,f:Rhizobiaceae,g:Rhizobium,s:FXAF_s
ASV1250	90.000	440	44	0	1	440	282	721	1.05e-161	569	tax=d:Bacteria,p:Proteobacteria,c:Alphaproteobacteria,o:Rhizobiales,f:Rhizobiaceae,g:Consotaella,s:Consotaella salsifontis
ASV1250	90.000	440	44	0	1	440	252	691	1.05e-161	569	tax=d:Bacteria,p:Proteobacteria,c:Alphaproteobacteria,o:Rhizobiales,f:Rhizobiaceae,g:Rhizobium,s:Rhizobium subbaraonis
ASV1250	90.000	440	44	0	1	440	295	734	1.05e-161	569	tax=d:Bacteria,p:Proteobacteria,c:Alphaproteobacteria,o:Rhizobiales,f:Rhizobiaceae,g:Allorhizobium,s:FOGR_s
ASV1250	90.000	440	44	0	1	440	297	736	1.05e-161	569	tax=d:Bacteria,p:Proteobacteria,c:Alphaproteobacteria,o:Rhizobiales,f:Rhizobiaceae,g:Allorhizobium,s:FJUR_s
ASV1250	90.000	440	44	0	1	440	267	706	1.05e-161	569	tax=d:Bacteria,p:Proteobacteria,c:Alphaproteobacteria,o:Rhizobiales,f:Brucellaceae,g:FJ950566_g,s:FJ950566_s
ASV1250	90.000	440	44	0	1	440	296	735	1.05e-161	569	tax=d:Bacteria,p:Proteobacteria,c:Alphaproteobacteria,o:Rhizobiales,f:Cohaesibacteraceae,g:FJ205181_g,s:FJ205181_s
ASV1250	90.000	440	44	0	1	440	247	686	1.05e-161	569	tax=d:Bacteria,p:Proteobacteria,c:Alphaproteobacteria,o:Rhizobiales,f:Phyllobacteriaceae,g:Mesorhizobium,s:Mesorhizobium silamurunense
ASV1250	90.000	440	44	0	1	440	280	719	1.05e-161	569	tax=d:Bacteria,p:Proteobacteria,c:Alphaproteobacteria,o:Rhizobiales,f:Methylobacteriaceae,g:Psychroglaciecola,s:EU289463_s
ASV1250	90.000	440	44	0	1	440	272	711	1.05e-161	569	tax=d:Bacteria,p:Proteobacteria,c:Alphaproteobacteria,o:Rhodobacterales,f:Hyphomonadaceae,g:EU245307_g,s:EU245307_s
ASV1250	90.023	441	42	2	1	440	282	721	1.05e-161	569	tax=d:Bacteria,p:Proteobacteria,c:Alphaproteobacteria,o:Rhizobiales,f:Chelatococcaceae,g:Chelatococcus,s:Chelatococcus daeguensis
ASV1250	90.000	440	44	0	1	440	282	721	1.05e-161	569	tax=d:Bacteria,p:Proteobacteria,c:Alphaproteobacteria,o:Rhizobiales,f:Brucellaceae,g:Daeguia,s:Daeguia caeni
ASV1250	90.023	441	42	2	1	440	282	721	1.05e-161	569	tax=d:Bacteria,p:Proteobacteria,c:Alphaproteobacteria,o:Rhizobiales,f:Pseudoxanthobacter_f,g:Pseudoxanthobacter,s:Pseudoxanthobacter soli
ASV1250	90.000	440	44	0	1	440	280	719	1.05e-161	569	tax=d:Bacteria,p:Proteobacteria,c:Alphaproteobacteria,o:Rhizobiales,f:Rhizobiaceae,g:Rhizobium,s:Rhizobium soli
ASV1250	90.000	440	44	0	1	440	280	719	1.05e-161	569	tax=d:Bacteria,p:Proteobacteria,c:Alphaproteobacteria,o:Rhizobiales,f:Rhizobiaceae,g:Rhizobium,s:Rhizobium phaseoli
ASV1250	90.000	440	44	0	1	440	235	674	1.05e-161	569	tax=d:Bacteria,p:Proteobacteria,c:Alphaproteobacteria,o:Rhizobiales,f:Rhizobiaceae,g:Rhizobium,s:Rhizobium mesosinicum
ASV1250	90.000	440	44	0	1	440	283	722	1.05e-161	569	tax=d:Bacteria,p:Proteobacteria,c:Alphaproteobacteria,o:Rhizobiales,f:Bartonellaceae,g:Bartonella,s:Bartonella schoenbuchensis
ASV1250	90.000	440	44	0	1	440	282	721	1.05e-161	569	tax=d:Bacteria,p:Proteobacteria,c:Alphaproteobacteria,o:Rhizobiales,f:Hyphomicrobiaceae,g:Hyphomicrobium,s:Hyphomicrobium nitrativorans
ASV1250	90.000	440	44	0	1	440	280	719	1.05e-161	569	tax=d:Bacteria,p:Proteobacteria,c:Alphaproteobacteria,o:Rhizobiales,f:Rhizobiaceae,g:Allorhizobium,s:CP000633_s
ASV1250	90.000	440	44	0	1	440	283	722	1.05e-161	569	tax=d:Bacteria,p:Proteobacteria,c:Alphaproteobacteria,o:Rhizobiales,f:Bartonellaceae,g:Bartonella,s:Bartonella bacilliformis
ASV1250	90.000	440	44	0	1	440	282	721	1.05e-161	569	tax=d:Bacteria,p:Proteobacteria,c:Alphaproteobacteria,o:Rhodobacterales,f:Hyphomonadaceae,g:Maricaulis,s:Maricaulis maris
ASV1250	90.000	440	44	0	1	440	284	723	1.05e-161	569	tax=d:Bacteria,p:Proteobacteria,c:Alphaproteobacteria,o:Rhizobiales,f:Bartonellaceae,g:Bartonella,s:Bartonella florencae
ASV1250	90.000	440	44	0	1	440	267	706	1.05e-161	569	tax=d:Bacteria,p:Proteobacteria,c:Alphaproteobacteria,o:Rhizobiales,f:Bartonellaceae,g:Bartonella,s:Bartonella chomelii
ASV1250	90.000	440	44	0	1	440	280	719	1.05e-161	569	tax=d:Bacteria,p:Proteobacteria,c:Alphaproteobacteria,o:Rhizobiales,f:Rhizobiaceae,g:Pararhizobium,s:Pararhizobium giardinii
ASV1250	90.000	440	44	0	1	440	271	710	1.05e-161	569	tax=d:Bacteria,p:Proteobacteria,c:Alphaproteobacteria,o:Rhizobiales,f:Rhizobiaceae,g:Rhizobium,s:Rhizobium alamii
ASV1250	90.000	440	44	0	1	440	285	724	1.05e-161	569	tax=d:Bacteria,p:Proteobacteria,c:Alphaproteobacteria,o:Rhizobiales,f:Bartonellaceae,g:Bartonella,s:Bartonella tribocorum
ASV1250	90.000	440	44	0	1	440	285	724	1.05e-161	569	tax=d:Bacteria,p:Proteobacteria,c:Alphaproteobacteria,o:Rhizobiales,f:Bartonellaceae,g:Bartonella,s:Bartonella birtlesii
ASV1250	90.000	440	44	0	1	440	283	722	1.05e-161	569	tax=d:Bacteria,p:Proteobacteria,c:Alphaproteobacteria,o:Rhizobiales,f:Bartonellaceae,g:Bartonella,s:Bartonella bovis
ASV1250	90.000	440	44	0	1	440	283	722	1.05e-161	569	tax=d:Bacteria,p:Proteobacteria,c:Alphaproteobacteria,o:Rhizobiales,f:Bartonellaceae,g:Bartonella,s:Bartonella capreoli
ASV1250	90.000	440	44	0	1	440	282	721	1.05e-161	569	tax=d:Bacteria,p:Proteobacteria,c:Alphaproteobacteria,o:Rhizobiales,f:Beijerinckiaceae,g:AF234713_g,s:AF234713_s
ASV1250	90.000	440	44	0	1	440	280	719	1.05e-161	569	tax=d:Bacteria,p:Proteobacteria,c:Alphaproteobacteria,o:Rhizobiales,f:Phyllobacteriaceae,g:Mesorhizobium,s:Mesorhizobium amorphae
ASV1250	90.000	440	44	0	1	440	280	719	1.05e-161	569	tax=d:Bacteria,p:Proteobacteria,c:Alphaproteobacteria,o:Rhizobiales,f:Rhizobiaceae,g:Rhizobium,s:AECL_s
ASV1250	90.000	440	44	0	1	440	254	693	1.05e-161	569	tax=d:Bacteria,p:Proteobacteria,c:Alphaproteobacteria,o:Rhizobiales,f:Bartonellaceae,g:Bartonella,s:Bartonella acomydis
ASV1250	90.000	440	44	0	1	440	254	693	1.05e-161	569	tax=d:Bacteria,p:Proteobacteria,c:Alphaproteobacteria,o:Rhizobiales,f:Bartonellaceae,g:Bartonella,s:Bartonella pachyuromydis
ASV1250	90.000	440	44	0	1	440	254	693	1.05e-161	569	tax=d:Bacteria,p:Proteobacteria,c:Alphaproteobacteria,o:Rhizobiales,f:Bartonellaceae,g:Bartonella,s:Bartonella silvatica
ASV1250	90.000	440	44	0	1	440	252	691	1.05e-161	569	tax=d:Bacteria,p:Proteobacteria,c:Alphaproteobacteria,o:Rhizobiales,f:Bartonellaceae,g:Bartonella,s:Bartonella japonica
ASV1250	89.796	441	44	1	1	440	282	722	3.79e-161	568	tax=d:Bacteria,p:Proteobacteria,c:Alphaproteobacteria,o:Rhizobiales,f:Methylobacteriaceae,g:Microvirga,s:GQ129955_s
ASV1250	89.977	439	44	0	2	440	269	707	3.79e-161	568	tax=d:Bacteria,p:Proteobacteria,c:Alphaproteobacteria,o:Rhizobiales,f:Rhizobiaceae,g:Rhizobium,s:Rhizobium viscosum
ASV1250	89.842	443	41	4	1	440	298	739	1.36e-160	566	tax=d:Bacteria,p:Proteobacteria,c:Alphaproteobacteria,o:Rhizobiales,f:Bartonellaceae,g:Bartonella,s:FJ477654_s
ASV1250	89.773	440	45	0	1	440	280	719	4.90e-160	564	tax=d:Bacteria,p:Proteobacteria,c:Alphaproteobacteria,o:Rhizobiales,f:Rhizobiaceae,g:Shinella,s:Shinella zoogloeoides
ASV1250	89.773	440	45	0	1	440	284	723	4.90e-160	564	tax=d:Bacteria,p:Proteobacteria,c:Alphaproteobacteria,o:Rhizobiales,f:Bauldia_f,g:Bauldia,s:PAC002525_s
ASV1250	89.773	440	45	0	1	440	280	719	4.90e-160	564	tax=d:Bacteria,p:Proteobacteria,c:Alphaproteobacteria,o:Rhizobiales,f:Rhizobiaceae,g:Ensifer,s:Ensifer alkalisoli
ASV1250	89.773	440	45	0	1	440	280	719	4.90e-160	564	tax=d:Bacteria,p:Proteobacteria,c:Alphaproteobacteria,o:Rhizobiales,f:Rhizobiaceae,g:Ensifer,s:Ensifer glycinis
ASV1250	89.773	440	45	0	1	440	280	719	4.90e-160	564	tax=d:Bacteria,p:Proteobacteria,c:Alphaproteobacteria,o:Rhizobiales,f:Rhizobiaceae,g:Ensifer,s:Ensifer americanus
ASV1250	89.773	440	45	0	1	440	280	719	4.90e-160	564	tax=d:Bacteria,p:Proteobacteria,c:Alphaproteobacteria,o:Rhizobiales,f:Aurantimonadaceae,g:Aureimonas,s:LMQW_s
ASV1250	89.773	440	45	0	1	440	280	719	4.90e-160	564	tax=d:Bacteria,p:Proteobacteria,c:Alphaproteobacteria,o:Rhizobiales,f:Aurantimonadaceae,g:Aureimonas,s:LMQT_s
ASV1250	89.773	440	45	0	1	440	280	719	4.90e-160	564	tax=d:Bacteria,p:Proteobacteria,c:Alphaproteobacteria,o:Rhizobiales,f:Rhizobiaceae,g:Rhizobium,s:LMDG_s
ASV1250	89.773	440	45	0	1	440	277	716	4.90e-160	564	tax=d:Bacteria,p:Proteobacteria,c:Alphaproteobacteria,o:Rhizobiales,f:Rhizobiaceae,g:Rhizobium,s:Rhizobium puerariae
ASV1250	89.773	440	45	0	1	440	280	719	4.90e-160	564	tax=d:Bacteria,p:Proteobacteria,c:Alphaproteobacteria,o:Rhizobiales,f:Rhizobiaceae,g:Rhizobium,s:LBHV_s
ASV1250	89.773	440	45	0	1	440	280	719	4.90e-160	564	tax=d:Bacteria,p:Proteobacteria,c:Alphaproteobacteria,o:Rhizobiales,f:Aurantimonadaceae,g:Aureimonas,s:Aureimonas endophytica
ASV1250	89.773	440	45	0	1	440	252	691	4.90e-160	564	tax=d:Bacteria,p:Proteobacteria,c:Alphaproteobacteria,o:Rhizobiales,f:Rhizobiaceae,g:Ensifer,s:Ensifer shofinae
ASV1250	89.796	441	43	2	1	440	282	721	4.90e-160	564	tax=d:Bacteria,p:Proteobacteria,c:Alphaproteobacteria,o:Rhizobiales,f:Aurantimonadaceae,g:Martelella,s:Martelella suaedae
ASV1250	89.773	440	45	0	1	440	280	719	4.90e-160	564	tax=d:Bacteria,p:Proteobacteria,c:Alphaproteobacteria,o:Rhizobiales,f:Phyllobacteriaceae,g:Mesorhizobium,s:Mesorhizobium jarvisii
ASV1250	89.773	440	45	0	1	440	282	721	4.90e-160	564	tax=d:Bacteria,p:Proteobacteria,c:Alphaproteobacteria,o:Rhizobiales,f:Bartonellaceae,g:Bartonella,s:Bartonella rochalimae
ASV1250	89.773	440	45	0	1	440	283	722	4.90e-160	564	tax=d:Bacteria,p:Proteobacteria,c:Alphaproteobacteria,o:Rhizobiales,f:Bartonellaceae,g:Bartonella,s:Bartonella koehlerae
ASV1250	89.773	440	45	0	1	440	282	721	4.90e-160	564	tax=d:Bacteria,p:Proteobacteria,c:Alphaproteobacteria,o:Rhizobiales,f:Brucellaceae,g:Falsochrobactrum,s:Falsochrobactrum ovis
ASV1250	89.773	440	45	0	1	440	280	719	4.90e-160	564	tax=d:Bacteria,p:Proteobacteria,c:Alphaproteobacteria,o:Rhizobiales,f:Methylopila_f,g:Methylopila,s:Methylopila oligotropha
ASV1250	89.773	440	45	0	1	440	197	636	4.90e-160	564	tax=d:Bacteria,p:Proteobacteria,c:Alphaproteobacteria,o:Rhizobiales,f:Phyllobacteriaceae,g:Mesorhizobium,s:Mesorhizobium waimense
ASV1250	89.773	440	45	0	1	440	280	719	4.90e-160	564	tax=d:Bacteria,p:Proteobacteria,c:Alphaproteobacteria,o:Rhizobiales,f:Rhizobiaceae,g:Rhizobium,s:Rhizobium metallidurans
ASV1250	89.773	440	45	0	1	440	284	723	4.90e-160	564	tax=d:Bacteria,p:Proteobacteria,c:Alphaproteobacteria,o:Rhizobiales,f:Methylobacteriaceae,g:Microvirga,s:JX133402_s
ASV1250	89.773	440	45	0	1	440	280	719	4.90e-160	564	tax=d:Bacteria,p:Proteobacteria,c:Alphaproteobacteria,o:Rhizobiales,f:Rhizobiaceae,g:Rhizobium,s:JQJS_s
ASV1250	89.773	440	45	0	1	440	280	719	4.90e-160	564	tax=d:Bacteria,p:Proteobacteria,c:Alphaproteobacteria,o:Rhizobiales,f:Methylopila_f,g:FM253651_g,s:JQ769560_s
ASV1250	89.773	440	45	0	1	440	265	704	4.90e-160	564	tax=d:Bacteria,p:Proteobacteria,c:Alphaproteobacteria,o:Rhizobiales,f:Rhizobiaceae,g:Ciceribacter,s:Ciceribacter lividus
ASV1250	89.773	440	45	0	1	440	282	721	4.90e-160	564	tax=d:Bacteria,p:Proteobacteria,c:Alphaproteobacteria,o:Rhizobiales,f:Xanthobacteraceae,g:Ancylobacter,s:JNLC_s
ASV1250	89.773	440	45	0	1	440	280	719	4.90e-160	564	tax=d:Bacteria,p:Proteobacteria,c:Alphaproteobacteria,o:Rhizobiales,f:Rhizobiaceae,g:Ensifer,s:Ensifer adhaerens
ASV1250	89.796	441	43	2	1	440	282	721	4.90e-160	564	tax=d:Bacteria,p:Proteobacteria,c:Alphaproteobacteria,o:Caulobacterales,f:Caulobacteraceae,g:Aquidulcibacter,s:JN983650_s
ASV1250	89.773	440	45	0	1	440	280	719	4.90e-160	564	tax=d:Bacteria,p:Proteobacteria,c:Alphaproteobacteria,o:Rhizobiales,f:Rhizobiaceae,g:Rhizobium,s:Rhizobium azibense
ASV1250	89.819	442	41	4	1	440	267	706	4.90e-160	564	tax=d:Bacteria,p:Proteobacteria,c:Alphaproteobacteria,o:Rhodobacterales,f:Hyphomonadaceae,g:Marinicauda,s:JN514463_s
ASV1250	89.773	440	45	0	1	440	284	723	4.90e-160	564	tax=d:Bacteria,p:Proteobacteria,c:Alphaproteobacteria,o:Rhizobiales,f:Bartonellaceae,g:Bartonella,s:Bartonella rattimassiliensis
ASV1250	89.773	440	45	0	1	440	282	721	4.90e-160	564	tax=d:Bacteria,p:Proteobacteria,c:Alphaproteobacteria,o:Rhodobacterales,f:Hyphomonadaceae,g:Maricaulis,s:Maricaulis salignorans
ASV1250	89.773	440	45	0	1	440	280	719	4.90e-160	564	tax=d:Bacteria,p:Proteobacteria,c:Alphaproteobacteria,o:Rhizobiales,f:Rhizobiaceae,g:Rhizobium,s:Rhizobium loessense
ASV1250	89.773	440	45	0	1	440	255	694	4.90e-160	564	tax=d:Bacteria,p:Proteobacteria,c:Alphaproteobacteria,o:Rhizobiales,f:Rhizobiaceae,g:Ensifer,s:Ensifer sesbaniae
ASV1250	89.773	440	45	0	1	440	226	665	4.90e-160	564	tax=d:Bacteria,p:Proteobacteria,c:Alphaproteobacteria,o:Rhizobiales,f:Rhizobiaceae,g:Rhizobium,s:Rhizobium mesoamericanum
ASV1250	89.773	440	45	0	1	440	253	692	4.90e-160	564	tax=d:Bacteria,p:Proteobacteria,c:Alphaproteobacteria,o:Rhodobacterales,f:Hyphomonadaceae,g:Maricaulis,s:JF411485_s
ASV1250	89.773	440	45	0	1	440	283	722	4.90e-160	564	tax=d:Bacteria,p:Proteobacteria,c:Alphaproteobacteria,o:Rhizobiales,f:Bartonellaceae,g:Bartonella,s:Bartonella clarridgeiae
ASV1250	89.773	440	45	0	1	440	283	722	4.90e-160	564	tax=d:Bacteria,p:Proteobacteria,c:Alphaproteobacteria,o:Rhizobiales,f:Bartonellaceae,g:Bartonella,s:Bartonella senegalensis
ASV1250	89.773	440	45	0	1	440	280	719	4.90e-160	564	tax=d:Bacteria,p:Proteobacteria,c:Alphaproteobacteria,o:Rhizobiales,f:Phyllobacteriaceae,g:Mesorhizobium,s:Mesorhizobium abyssinicae
ASV1250	89.773	440	45	0	1	440	280	719	4.90e-160	564	tax=d:Bacteria,p:Proteobacteria,c:Alphaproteobacteria,o:Rhizobiales,f:Phyllobacteriaceae,g:Mesorhizobium,s:Mesorhizobium shonense
ASV1250	89.773	440	45	0	1	440	280	719	4.90e-160	564	tax=d:Bacteria,p:Proteobacteria,c:Alphaproteobacteria,o:Rhizobiales,f:Phyllobacteriaceae,g:Mesorhizobium,s:FXBL_s
ASV1250	89.773	440	45	0	1	440	282	721	4.90e-160	564	tax=d:Bacteria,p:Proteobacteria,c:Alphaproteobacteria,o:Rhizobiales,f:Afifella_f,g:Afifella,s:Afifella marina
ASV1250	89.796	441	43	2	1	440	284	723	4.90e-160	564	tax=d:Bacteria,p:Proteobacteria,c:Alphaproteobacteria,o:Rhizobiales,f:Methylobacteriaceae,g:Microvirga,s:EU881153_s
ASV1250	89.773	440	45	0	1	440	227	666	4.90e-160	564	tax=d:Bacteria,p:Proteobacteria,c:Alphaproteobacteria,o:Rhizobiales,f:Rhizobiaceae,g:Rhizobium,s:Rhizobium endophyticum
ASV1250	89.773	440	45	0	1	440	267	706	4.90e-160	564	tax=d:Bacteria,p:Proteobacteria,c:Alphaproteobacteria,o:Rhizobiales,f:Rhizobiaceae,g:Ensifer,s:Ensifer psoraleae
ASV1250	89.773	440	45	0	1	440	280	719	4.90e-160	564	tax=d:Bacteria,p:Proteobacteria,c:Alphaproteobacteria,o:Rhizobiales,f:Beijerinckiaceae,g:Methylorosula,s:Methylorosula polaris
ASV1250	89.773	440	45	0	1	440	280	719	4.90e-160	564	tax=d:Bacteria,p:Proteobacteria,c:Alphaproteobacteria,o:Rhizobiales,f:Rhizobiaceae,g:Ensifer,s:Sinorhizobium chiapanecum
ASV1250	89.773	440	45	0	1	440	284	723	4.90e-160	564	tax=d:Bacteria,p:Proteobacteria,c:Alphaproteobacteria,o:Rhizobiales,f:Bartonellaceae,g:Bartonella,s:Bartonella queenslandensis
ASV1250	89.773	440	45	0	1	440	295	734	4.90e-160	564	tax=d:Bacteria,p:Proteobacteria,c:Alphaproteobacteria,o:Rhizobiales,f:Afifella_f,g:FOFG_g,s:EF612400_s
ASV1250	89.796	441	43	2	1	440	280	719	4.90e-160	564	tax=d:Bacteria,p:Proteobacteria,c:Alphaproteobacteria,o:Rhizobiales,f:Xanthobacteraceae,g:EF540453_g,s:EF540453_s
ASV1250	89.773	440	45	0	1	440	258	697	4.90e-160	564	tax=d:Bacteria,p:Proteobacteria,c:Alphaproteobacteria,o:Rhizobiales,f:Rhizobiaceae,g:Shinella,s:Shinella kummerowiae
ASV1250	89.773	440	45	0	1	440	280	719	4.90e-160	564	tax=d:Bacteria,p:Proteobacteria,c:Alphaproteobacteria,o:Rhizobiales,f:Rhizobiaceae,g:Ensifer,s:Ensifer mexicanus
ASV1250	89.773	440	45	0	1	440	294	733	4.90e-160	564	tax=d:Bacteria,p:Proteobacteria,c:Alphaproteobacteria,o:Rhizobiales,f:Hyphomicrobiaceae,g:Anderseniella,s:DQ351777_s
ASV1250	89.773	440	45	0	1	440	280	719	4.90e-160	564	tax=d:Bacteria,p:Proteobacteria,c:Alphaproteobacteria,o:Rhizobiales,f:Rhizobiaceae,g:Ensifer,s:Ensifer fredii
ASV1250	89.773	440	45	0	1	440	280	719	4.90e-160	564	tax=d:Bacteria,p:Proteobacteria,c:Alphaproteobacteria,o:Rhizobiales,f:Phyllobacteriaceae,g:Mesorhizobium,s:Mesorhizobium huakuii
ASV1250	89.773	440	45	0	1	440	282	721	4.90e-160	564	tax=d:Bacteria,p:Proteobacteria,c:Alphaproteobacteria,o:Rhizobiales,f:Bartonellaceae,g:Bartonella,s:CP019787_s
ASV1250	89.773	440	45	0	1	440	280	719	4.90e-160	564	tax=d:Bacteria,p:Proteobacteria,c:Alphaproteobacteria,o:Rhizobiales,f:Rhizobiaceae,g:Pararhizobium,s:CP016450_s
ASV1250	89.773	440	45	0	1	440	280	719	4.90e-160	564	tax=d:Bacteria,p:Proteobacteria,c:Alphaproteobacteria,o:Rhizobiales,f:Rhizobiaceae,g:Ensifer,s:Ensifer medicae
ASV1250	89.773	440	45	0	1	440	283	722	4.90e-160	564	tax=d:Bacteria,p:Proteobacteria,c:Alphaproteobacteria,o:Rhizobiales,f:Bartonellaceae,g:Bartonella,s:Bartonella henselae
ASV1250	89.773	440	45	0	1	440	282	721	4.90e-160	564	tax=d:Bacteria,p:Proteobacteria,c:Alphaproteobacteria,o:Rhizobiales,f:Aurantimonadaceae,g:Aureimonas,s:Aureimonas frigidaquae
ASV1250	89.773	440	45	0	1	440	280	719	4.90e-160	564	tax=d:Bacteria,p:Proteobacteria,c:Alphaproteobacteria,o:Rhizobiales,f:Phyllobacteriaceae,g:Mesorhizobium,s:Mesorhizobium japonicum
ASV1250	89.773	440	45	0	1	440	280	719	4.90e-160	564	tax=d:Bacteria,p:Proteobacteria,c:Alphaproteobacteria,o:Rhizobiales,f:Rhizobiaceae,g:Shinella,s:Shinella granuli
ASV1250	89.773	440	45	0	1	440	282	721	4.90e-160	564	tax=d:Bacteria,p:Proteobacteria,c:Alphaproteobacteria,o:Rhizobiales,f:Brucellaceae,g:Ochrobactrum,s:AY770423_s
ASV1250	89.773	440	45	0	1	440	280	719	4.90e-160	564	tax=d:Bacteria,p:Proteobacteria,c:Alphaproteobacteria,o:Rhizobiales,f:Rhizobiaceae,g:Ensifer,s:Ensifer garamanticus
ASV1250	89.773	440	45	0	1	440	280	719	4.90e-160	564	tax=d:Bacteria,p:Proteobacteria,c:Alphaproteobacteria,o:Rhizobiales,f:Rhizobiaceae,g:Ensifer,s:Ensifer numidicus
ASV1250	89.773	440	45	0	1	440	280	719	4.90e-160	564	tax=d:Bacteria,p:Proteobacteria,c:Alphaproteobacteria,o:Rhizobiales,f:Phyllobacteriaceae,g:Mesorhizobium,s:Mesorhizobium erdmanii
ASV1250	89.773	440	45	0	1	440	280	719	4.90e-160	564	tax=d:Bacteria,p:Proteobacteria,c:Alphaproteobacteria,o:Rhizobiales,f:Rhizobiaceae,g:Ensifer,s:Ensifer arboris
ASV1250	89.773	440	45	0	1	440	280	719	4.90e-160	564	tax=d:Bacteria,p:Proteobacteria,c:Alphaproteobacteria,o:Rhizobiales,f:Rhizobiaceae,g:Rhizobium,s:Rhizobium mongolense
ASV1250	89.773	440	45	0	1	440	282	721	4.90e-160	564	tax=d:Bacteria,p:Proteobacteria,c:Alphaproteobacteria,o:Rhizobiales,f:Beijerinckiaceae,g:Methyloferula,s:Methyloferula stellata
ASV1250	89.773	440	45	0	1	440	280	719	4.90e-160	564	tax=d:Bacteria,p:Proteobacteria,c:Alphaproteobacteria,o:Rhizobiales,f:Rhizobiaceae,g:Rhizobium,s:AJ306769_s
ASV1250	89.773	440	45	0	1	440	282	721	4.90e-160	564	tax=d:Bacteria,p:Proteobacteria,c:Alphaproteobacteria,o:Rhodobacterales,f:Hyphomonadaceae,g:Maricaulis,s:Maricaulis washingtonensis
ASV1250	89.773	440	45	0	1	440	281	720	4.90e-160	564	tax=d:Bacteria,p:Proteobacteria,c:Alphaproteobacteria,o:Rhizobiales,f:Hyphomicrobiaceae,g:Hyphomicrobium,s:AF097815_s
ASV1250	89.773	440	45	0	1	440	247	686	4.90e-160	564	tax=d:Bacteria,p:Proteobacteria,c:Alphaproteobacteria,o:Rhizobiales,f:Rhizobiaceae,g:Rhizobium,s:Rhizobium yanglingense
ASV1250	89.773	440	45	0	1	440	280	719	4.90e-160	564	tax=d:Bacteria,p:Proteobacteria,c:Alphaproteobacteria,o:Rhizobiales,f:Rhizobiaceae,g:Rhizobium,s:Rhizobium grahamii
ASV1250	89.773	440	45	0	1	440	280	719	4.90e-160	564	tax=d:Bacteria,p:Proteobacteria,c:Alphaproteobacteria,o:Rhizobiales,f:Phyllobacteriaceae,g:Mesorhizobium,s:Mesorhizobium opportunistum
ASV1250	89.773	440	45	0	1	440	252	691	4.90e-160	564	tax=d:Bacteria,p:Proteobacteria,c:Alphaproteobacteria,o:Rhizobiales,f:Rhizobiaceae,g:Rhizobium,s:Rhizobium pakistanense
ASV1250	89.773	440	45	0	1	440	253	692	4.90e-160	564	tax=d:Bacteria,p:Proteobacteria,c:Alphaproteobacteria,o:Rhizobiales,f:Bartonellaceae,g:Bartonella,s:Bartonella callosciuri
ASV1250	89.773	440	45	0	1	440	280	719	4.90e-160	564	tax=d:Bacteria,p:Proteobacteria,c:Alphaproteobacteria,o:Rhizobiales,f:Rhizobiaceae,g:Allorhizobium,s:AB362777_s
ASV1250	89.773	440	45	0	1	440	280	719	4.90e-160	564	tax=d:Bacteria,p:Proteobacteria,c:Alphaproteobacteria,o:Rhizobiales,f:Aurantimonadaceae,g:Aureimonas,s:AB257635_s
ASV1250	89.773	440	45	0	1	440	284	723	4.90e-160	564	tax=d:Bacteria,p:Proteobacteria,c:Alphaproteobacteria,o:Rhizobiales,f:Beijerinckiaceae,g:AB128886_g,s:AB128886_s
ASV1250	89.773	440	45	0	1	440	282	721	4.90e-160	564	tax=d:Bacteria,p:Proteobacteria,c:Alphaproteobacteria,o:Rhizobiales,f:Afifella_f,g:Afifella,s:Rhodopseudomonas julia
ASV1250	89.773	440	44	1	2	440	256	695	1.76e-159	562	tax=d:Bacteria,p:Proteobacteria,c:Alphaproteobacteria,o:Rhizobiales,f:Rhizobiaceae,g:Rhizobium,s:Rhizobium pongamiae
ASV1250	89.732	448	35	11	1	440	282	726	1.76e-159	562	tax=d:Bacteria,p:Proteobacteria,c:Alphaproteobacteria,o:Caulobacterales,f:Caulobacteraceae,g:Brevundimonas,s:EU580514_s
ASV1250	89.773	440	44	1	1	440	280	718	1.76e-159	562	tax=d:Bacteria,p:Proteobacteria,c:Alphaproteobacteria,o:Rhizobiales,f:Aurantimonadaceae,g:Aureimonas,s:EU289489_s
ASV1250	89.773	440	42	3	1	440	280	716	6.34e-159	560	tax=d:Bacteria,p:Proteobacteria,c:Alphaproteobacteria,o:Rhizobiales,f:Methylopila_f,g:Hansschlegelia,s:Hansschlegelia zhihuaiae
ASV1250	89.545	440	46	0	1	440	265	704	2.28e-158	558	tax=d:Bacteria,p:Proteobacteria,c:Alphaproteobacteria,o:Rhizobiales,f:Rhizobiaceae,g:Rhizobium,s:Rhizobium aggregatum
ASV1250	89.545	440	46	0	1	440	280	719	2.28e-158	558	tax=d:Bacteria,p:Proteobacteria,c:Alphaproteobacteria,o:Rhizobiales,f:Rhizobiaceae,g:Ensifer,s:Ensifer terangae
ASV1250	89.545	440	46	0	1	440	280	719	2.28e-158	558	tax=d:Bacteria,p:Proteobacteria,c:Alphaproteobacteria,o:Rhizobiales,f:Rhizobiaceae,g:Ensifer,s:Ensifer meliloti
ASV1250	89.545	440	46	0	1	440	282	721	2.28e-158	558	tax=d:Bacteria,p:Proteobacteria,c:Alphaproteobacteria,o:Rhizobiales,f:Beijerinckiaceae,g:U87772_g,s:U87772_s
ASV1250	89.545	440	46	0	1	440	280	719	2.28e-158	558	tax=d:Bacteria,p:Proteobacteria,c:Alphaproteobacteria,o:Rhizobiales,f:Rhizobiaceae,g:Rhizobium,s:Rhizobium gallicum
ASV1250	89.545	440	46	0	1	440	282	721	2.28e-158	558	tax=d:Bacteria,p:Proteobacteria,c:Alphaproteobacteria,o:Rhizobiales,f:Bartonellaceae,g:Bartonella,s:MUYE_s
ASV1250	89.545	440	46	0	1	440	279	718	2.28e-158	558	tax=d:Bacteria,p:Proteobacteria,c:Alphaproteobacteria,o:Rhizobiales,f:Rhizobiaceae,g:Rhizobium,s:Rhizobium flavum
ASV1250	89.545	440	46	0	1	440	280	719	2.28e-158	558	tax=d:Bacteria,p:Proteobacteria,c:Alphaproteobacteria,o:Rhizobiales,f:Rhizobiaceae,g:Ensifer,s:Ensifer aridi
ASV1250	89.545	440	46	0	1	440	280	719	2.28e-158	558	tax=d:Bacteria,p:Proteobacteria,c:Alphaproteobacteria,o:Rhizobiales,f:Phyllobacteriaceae,g:Hoeflea,s:Hoeflea olei
ASV1250	89.545	440	46	0	1	440	280	719	2.28e-158	558	tax=d:Bacteria,p:Proteobacteria,c:Alphaproteobacteria,o:Rhizobiales,f:Rhizobiaceae,g:Ensifer,s:Ensifer saheli
ASV1250	89.545	440	46	0	1	440	280	719	2.28e-158	558	tax=d:Bacteria,p:Proteobacteria,c:Alphaproteobacteria,o:Rhizobiales,f:Rhizobiaceae,g:Rhizobium,s:Rhizobium altiplani
ASV1250	89.545	440	46	0	1	440	280	719	2.28e-158	558	tax=d:Bacteria,p:Proteobacteria,c:Alphaproteobacteria,o:Rhizobiales,f:Rhizobiaceae,g:Pararhizobium,s:LMEY_s
ASV1250	89.545	440	46	0	1	440	270	709	2.28e-158	558	tax=d:Bacteria,p:Proteobacteria,c:Alphaproteobacteria,o:Rhizobiales,f:Phyllobacteriaceae,g:Corticibacterium,s:Corticibacterium populi
ASV1250	89.545	440	46	0	1	440	243	682	2.28e-158	558	tax=d:Bacteria,p:Proteobacteria,c:Alphaproteobacteria,o:Rhizobiales,f:Bartonellaceae,g:Bartonella,s:Bartonella heixiaziensis
ASV1250	89.545	440	46	0	1	440	264	703	2.28e-158	558	tax=d:Bacteria,p:Proteobacteria,c:Alphaproteobacteria,o:Rhizobiales,f:Methylopila_f,g:Methylopila,s:Methylopila turkensis
ASV1250	89.545	440	46	0	1	440	253	692	2.28e-158	558	tax=d:Bacteria,p:Proteobacteria,c:Alphaproteobacteria,o:Rhizobiales,f:Hartmannibacter_f,g:Methylobrevis,s:Methylobrevis pamukkalensis
ASV1250	89.593	442	42	4	1	440	364	803	2.28e-158	558	tax=d:Bacteria,p:Proteobacteria,c:Alphaproteobacteria,o:Rhizobiales,f:Phyllobacteriaceae,g:Phyllobacterium,s:Phyllobacterium loti
ASV1250	89.545	440	46	0	1	440	282	721	2.28e-158	558	tax=d:Bacteria,p:Proteobacteria,c:Alphaproteobacteria,o:Rhizobiales,f:Hyphomicrobiaceae,g:Hyphomicrobium,s:Hyphomicrobium zavarzinii
ASV1250	89.545	440	46	0	1	440	280	719	2.28e-158	558	tax=d:Bacteria,p:Proteobacteria,c:Alphaproteobacteria,o:Rhizobiales,f:Rhizobiaceae,g:Rhizobium,s:Rhizobium halotolerans
ASV1250	89.545	440	46	0	1	440	280	719	2.28e-158	558	tax=d:Bacteria,p:Proteobacteria,c:Alphaproteobacteria,o:Rhizobiales,f:Rhizobiaceae,g:Rhizobium,s:Rhizobium tibeticum
ASV1250	89.545	440	46	0	1	440	282	721	2.28e-158	558	tax=d:Bacteria,p:Proteobacteria,c:Alphaproteobacteria,o:Rhizobiales,f:Beijerinckiaceae,g:Methylocapsa,s:Methylocapsa aurea
ASV1250	89.545	440	46	0	1	440	280	719	2.28e-158	558	tax=d:Bacteria,p:Proteobacteria,c:Alphaproteobacteria,o:Rhizobiales,f:Rhizobiaceae,g:Pararhizobium,s:JQJO_s
ASV1250	89.569	441	44	2	1	440	282	721	2.28e-158	558	tax=d:Bacteria,p:Proteobacteria,c:Alphaproteobacteria,o:Rhizobiales,f:Afifella_f,g:FOFG_g,s:JQ800746_s
ASV1250	89.545	440	46	0	1	440	280	719	2.28e-158	558	tax=d:Bacteria,p:Proteobacteria,c:Alphaproteobacteria,o:Rhizobiales,f:Aurantimonadaceae,g:Aureimonas,s:JQ769639_s
ASV1250	89.569	441	45	1	1	440	266	706	2.28e-158	558	tax=d:Bacteria,p:Proteobacteria,c:Alphaproteobacteria,o:Rhizobiales,f:Afifella_f,g:FOFG_g,s:JQ427579_s
ASV1250	89.545	440	46	0	1	440	294	733	2.28e-158	558	tax=d:Bacteria,p:Proteobacteria,c:Alphaproteobacteria,o:Rhizobiales,f:Hyphomicrobiaceae,g:DQ395471_g,s:JQ347372_s
ASV1250	89.545	440	46	0	1	440	280	719	2.28e-158	558	tax=d:Bacteria,p:Proteobacteria,c:Alphaproteobacteria,o:Rhizobiales,f:Rhizobiaceae,g:Rhizobium,s:Rhizobium cauense
ASV1250	89.545	440	46	0	1	440	263	702	2.28e-158	558	tax=d:Bacteria,p:Proteobacteria,c:Alphaproteobacteria,o:Rhizobiales,f:Methylopila_f,g:Methylopila,s:Methylopila musalis
ASV1250	89.616	443	41	5	1	440	257	697	2.28e-158	558	tax=d:Bacteria,p:Proteobacteria,c:Alphaproteobacteria,o:Rhodobacterales,f:Hyphomonadaceae,g:HQ326461_g,s:JN524691_s
ASV1250	89.545	440	46	0	1	440	266	705	2.28e-158	558	tax=d:Bacteria,p:Proteobacteria,c:Alphaproteobacteria,o:Rhizobiales,f:Hyphomicrobiaceae,g:Dichotomicrobium,s:JN473980_s
ASV1250	89.545	440	46	0	1	440	282	721	2.28e-158	558	tax=d:Bacteria,p:Proteobacteria,c:Alphaproteobacteria,o:Rhizobiales,f:Rhizobiaceae,g:Allorhizobium,s:Allorhizobium undicola
ASV1250	89.545	440	46	0	1	440	282	721	2.28e-158	558	tax=d:Bacteria,p:Proteobacteria,c:Alphaproteobacteria,o:Rhizobiales,f:Bosea_f,g:Bosea,s:Bosea robiniae
ASV1250	89.545	440	46	0	1	440	282	721	2.28e-158	558	tax=d:Bacteria,p:Proteobacteria,c:Alphaproteobacteria,o:Rhizobiales,f:Bosea_f,g:Bosea,s:Bosea thiooxidans
ASV1250	89.569	441	45	1	1	440	292	732	2.28e-158	558	tax=d:Bacteria,p:Proteobacteria,c:Alphaproteobacteria,o:Rhizobiales,f:Bauldia_f,g:Bauldia,s:HQ864104_s
ASV1250	89.545	440	46	0	1	440	282	721	2.28e-158	558	tax=d:Bacteria,p:Proteobacteria,c:Alphaproteobacteria,o:Rhizobiales,f:Chelatococcaceae,g:HQ697793_g,s:HQ697793_s
ASV1250	89.545	440	46	0	1	440	280	719	2.28e-158	558	tax=d:Bacteria,p:Proteobacteria,c:Alphaproteobacteria,o:Rhizobiales,f:Methylopila_f,g:Methylopila,s:Methylopila henanensis
ASV1250	89.545	440	46	0	1	440	280	719	2.28e-158	558	tax=d:Bacteria,p:Proteobacteria,c:Alphaproteobacteria,o:Rhizobiales,f:Rhizobiaceae,g:Rhizobium,s:Rhizobium favelukesii
ASV1250	89.545	440	46	0	1	440	282	721	2.28e-158	558	tax=d:Bacteria,p:Proteobacteria,c:Alphaproteobacteria,o:Rhizobiales,f:Rhizobiaceae,g:Rhizobium,s:Rhizobium halophytocola
ASV1250	89.545	440	46	0	1	440	270	709	2.28e-158	558	tax=d:Bacteria,p:Proteobacteria,c:Alphaproteobacteria,o:Rhizobiales,f:Rhizobiaceae,g:Rhizobium,s:Rhizobium helanshanense
ASV1250	89.545	440	46	0	1	440	161	600	2.28e-158	558	tax=d:Bacteria,p:Proteobacteria,c:Alphaproteobacteria,o:Rhizobiales,f:Bartonellaceae,g:Bartonella,s:Bartonella antechini
ASV1250	89.545	440	46	0	1	440	280	719	2.28e-158	558	tax=d:Bacteria,p:Proteobacteria,c:Alphaproteobacteria,o:Rhizobiales,f:Phyllobacteriaceae,g:Mesorhizobium,s:Mesorhizobium hawassense
ASV1250	89.569	441	44	2	1	440	282	721	2.28e-158	558	tax=d:Bacteria,p:Proteobacteria,c:Alphaproteobacteria,o:Rhizobiales,f:Hyphomicrobiaceae,g:Hyphomicrobium,s:GQ500796_s
ASV1250	89.545	440	46	0	1	440	280	719	2.28e-158	558	tax=d:Bacteria,p:Proteobacteria,c:Alphaproteobacteria,o:Rhizobiales,f:Beijerinckiaceae,g:EU801149_g,s:GQ397002_s
ASV1250	89.545	440	46	0	1	440	357	796	2.28e-158	558	tax=d:Bacteria,p:Proteobacteria,c:Alphaproteobacteria,o:Rhizobiales,f:Phyllobacteriaceae,g:Tianweitania,s:GQ221766_s
ASV1250	89.545	440	46	0	1	440	280	719	2.28e-158	558	tax=d:Bacteria,p:Proteobacteria,c:Alphaproteobacteria,o:Rhizobiales,f:Rhizobiaceae,g:Rhizobium,s:Rhizobium sullae
ASV1250	89.545	440	46	0	1	440	282	721	2.28e-158	558	tax=d:Bacteria,p:Proteobacteria,c:Alphaproteobacteria,o:Rhizobiales,f:Methylopila_f,g:Albibacter,s:Albibacter methylovorans
ASV1250	89.545	440	46	0	1	440	282	721	2.28e-158	558	tax=d:Bacteria,p:Proteobacteria,c:Alphaproteobacteria,o:Rhizobiales,f:Chelatococcaceae,g:HQ697793_g,s:FMBM_s
ASV1250	89.545	440	46	0	1	440	262	701	2.28e-158	558	tax=d:Bacteria,p:Proteobacteria,c:Alphaproteobacteria,o:Rhizobiales,f:Methylobacteriaceae,g:Methylobacterium,s:FJ889296_s
ASV1250	89.569	441	44	2	1	440	283	722	2.28e-158	558	tax=d:Bacteria,p:Proteobacteria,c:Alphaproteobacteria,o:Rhizobiales,f:Rhizobiaceae,g:FJ793198_g,s:FJ793198_s
ASV1250	89.545	440	46	0	1	440	292	731	2.28e-158	558	tax=d:Bacteria,p:Proteobacteria,c:Alphaproteobacteria,o:Rhizobiales,f:Bauldia_f,g:Bauldia,s:Bauldia consociata
ASV1250	89.545	440	46	0	1	440	282	721	2.28e-158	558	tax=d:Bacteria,p:Proteobacteria,c:Alphaproteobacteria,o:Rhizobiales,f:Methylopila_f,g:Methylopila,s:Methylopila jiangsuensis
ASV1250	89.545	440	46	0	1	440	266	705	2.28e-158	558	tax=d:Bacteria,p:Proteobacteria,c:Alphaproteobacteria,o:Rhizobiales,f:Rhizobiaceae,g:Pararhizobium,s:Pararhizobium sphaerophysae
ASV1250	89.545	440	46	0	1	440	282	721	2.28e-158	558	tax=d:Bacteria,p:Proteobacteria,c:Alphaproteobacteria,o:Rhizobiales,f:Methylobacteriaceae,g:Psychroglaciecola,s:EU861971_s
ASV1250	89.545	440	46	0	1	440	282	721	2.28e-158	558	tax=d:Bacteria,p:Proteobacteria,c:Alphaproteobacteria,o:Rhizobiales,f:Methylobacteriaceae,g:Psychroglaciecola,s:EU861881_s
ASV1250	89.545	440	46	0	1	440	282	721	2.28e-158	558	tax=d:Bacteria,p:Proteobacteria,c:Alphaproteobacteria,o:Rhizobiales,f:Acuticoccus_f,g:Acuticoccus,s:EU603455_s
ASV1250	89.569	441	44	2	1	440	292	731	2.28e-158	558	tax=d:Bacteria,p:Proteobacteria,c:Alphaproteobacteria,o:Rhizobiales,f:Bauldia_f,g:Bauldia,s:EU373870_s
ASV1250	89.545	440	46	0	1	440	255	694	2.28e-158	558	tax=d:Bacteria,p:Proteobacteria,c:Alphaproteobacteria,o:Rhizobiales,f:Rhizobiaceae,g:Rhizobium,s:Rhizobium tubonense
ASV1250	89.545	440	46	0	1	440	283	722	2.28e-158	558	tax=d:Bacteria,p:Proteobacteria,c:Alphaproteobacteria,o:Rhizobiales,f:Bartonellaceae,g:Bartonella,s:CP019781_s
ASV1250	89.593	442	42	4	1	440	280	719	2.28e-158	558	tax=d:Bacteria,p:Proteobacteria,c:Alphaproteobacteria,o:Rhizobiales,f:Phyllobacteriaceae,g:Phyllobacterium,s:Phyllobacterium trifolii
ASV1250	89.593	442	42	4	1	440	274	713	2.28e-158	558	tax=d:Bacteria,p:Proteobacteria,c:Alphaproteobacteria,o:Rhizobiales,f:Phyllobacteriaceae,g:Phyllobacterium,s:Phyllobacterium bourgognense
ASV1250	89.569	441	45	1	1	440	279	719	2.28e-158	558	tax=d:Bacteria,p:Proteobacteria,c:Alphaproteobacteria,o:Rhizobiales,f:Rhizobiaceae,g:Ensifer,s:Ensifer morelensis
ASV1250	89.545	440	46	0	1	440	280	719	2.28e-158	558	tax=d:Bacteria,p:Proteobacteria,c:Alphaproteobacteria,o:Rhizobiales,f:Phyllobacteriaceae,g:Mesorhizobium,s:AVBN_s
ASV1250	89.545	440	46	0	1	440	280	719	2.28e-158	558	tax=d:Bacteria,p:Proteobacteria,c:Alphaproteobacteria,o:Rhizobiales,f:Beijerinckiaceae,g:Methylocapsa,s:Methylocapsa acidiphila
ASV1250	89.545	440	46	0	1	440	280	719	2.28e-158	558	tax=d:Bacteria,p:Proteobacteria,c:Alphaproteobacteria,o:Rhizobiales,f:Methylopila_f,g:Methylopila,s:ARWB_s
ASV1250	89.545	440	46	0	1	440	280	719	2.28e-158	558	tax=d:Bacteria,p:Proteobacteria,c:Alphaproteobacteria,o:Rhizobiales,f:Xanthobacteraceae,g:Ancylobacter,s:Ancylobacter oerskovii
ASV1250	89.545	440	46	0	1	440	269	708	2.28e-158	558	tax=d:Bacteria,p:Proteobacteria,c:Alphaproteobacteria,o:Rhizobiales,f:Rhizobiaceae,g:Ensifer,s:Ensifer kostiensis
ASV1250	89.545	440	46	0	1	440	282	721	2.28e-158	558	tax=d:Bacteria,p:Proteobacteria,c:Alphaproteobacteria,o:Rhizobiales,f:Brucellaceae,g:Ochrobactrum,s:Ochrobactrum oryzae
ASV1250	89.545	440	46	0	1	440	280	719	2.28e-158	558	tax=d:Bacteria,p:Proteobacteria,c:Alphaproteobacteria,o:Rhizobiales,f:Rhizobiaceae,g:Rhizobium,s:AKKA_s
ASV1250	89.569	441	44	2	1	440	254	693	2.28e-158	558	tax=d:Bacteria,p:Proteobacteria,c:Alphaproteobacteria,o:Rhizobiales,f:Phyllobacteriaceae,g:Mesorhizobium,s:Mesorhizobium thiogangeticum
ASV1250	89.545	440	46	0	1	440	280	719	2.28e-158	558	tax=d:Bacteria,p:Proteobacteria,c:Alphaproteobacteria,o:Rhizobiales,f:Rhizobiaceae,g:Rhizobium,s:Rhizobium indigoferae
ASV1250	89.545	440	46	0	1	440	282	721	2.28e-158	558	tax=d:Bacteria,p:Proteobacteria,c:Alphaproteobacteria,o:Rhizobiales,f:Bosea_f,g:Bosea,s:Bosea minatitlanensis
ASV1250	89.545	440	46	0	1	440	284	723	2.28e-158	558	tax=d:Bacteria,p:Proteobacteria,c:Alphaproteobacteria,o:Rhizobiales,f:Afifella_f,g:FOFG_g,s:AB374390_s
ASV1250	89.545	440	45	1	1	440	267	705	8.20e-158	556	tax=d:Bacteria,p:Proteobacteria,c:Alphaproteobacteria,o:Rhizobiales,f:Phyllobacteriaceae,g:Mesorhizobium,s:Mesorhizobium septentrionale
ASV1250	89.342	441	46	1	1	440	279	719	2.95e-157	555	tax=d:Bacteria,p:Proteobacteria,c:Alphaproteobacteria,o:Rhizobiales,f:Rhizobiaceae,g:Rhizobium,s:FJ675259_s
ASV1250	89.342	441	46	1	1	440	282	722	2.95e-157	555	tax=d:Bacteria,p:Proteobacteria,c:Alphaproteobacteria,o:Rhizobiales,f:Methylobacteriaceae,g:Microvirga,s:CU920098_s
ASV1250	89.342	441	45	2	1	440	279	718	1.06e-156	553	tax=d:Bacteria,p:Proteobacteria,c:Alphaproteobacteria,o:Rhizobiales,f:Hyphomicrobiaceae,g:Hyphomicrobium,s:Hyphomicrobium hollandicum
ASV1250	89.318	440	47	0	1	440	273	712	1.06e-156	553	tax=d:Bacteria,p:Proteobacteria,c:Alphaproteobacteria,o:Rhizobiales,f:Xanthobacteraceae,g:Xanthobacter,s:Xanthobacter agilis
ASV1250	89.318	440	47	0	1	440	280	719	1.06e-156	553	tax=d:Bacteria,p:Proteobacteria,c:Alphaproteobacteria,o:Rhizobiales,f:Rhizobiaceae,g:Rhizobium,s:PAC001905_s
ASV1250	89.318	440	47	0	1	440	282	721	1.06e-156	553	tax=d:Bacteria,p:Proteobacteria,c:Alphaproteobacteria,o:Rhizobiales,f:Beijerinckiaceae,g:DQ490355_g,s:PAC000732_s
ASV1250	89.367	442	43	3	1	440	282	721	1.06e-156	553	tax=d:Bacteria,p:Proteobacteria,c:Alphaproteobacteria,o:Rhizobiales,f:Bauldia_f,g:Bauldia,s:PAC000430_s
ASV1250	89.342	441	46	1	1	440	282	722	1.06e-156	553	tax=d:Bacteria,p:Proteobacteria,c:Alphaproteobacteria,o:Rhizobiales,f:Bauldia_f,g:Bauldia,s:PAC000429_s
ASV1250	89.318	440	47	0	1	440	284	723	1.06e-156	553	tax=d:Bacteria,p:Proteobacteria,c:Alphaproteobacteria,o:Rhizobiales,f:Bradyrhizobiaceae,g:Variibacter,s:PAC000088_s
ASV1250	89.318	440	47	0	1	440	282	721	1.06e-156	553	tax=d:Bacteria,p:Proteobacteria,c:Alphaproteobacteria,o:Rhizobiales,f:Brucellaceae,g:Paramesorhizobium,s:Paramesorhizobium deserti
ASV1250	89.318	440	47	0	1	440	282	721	1.06e-156	553	tax=d:Bacteria,p:Proteobacteria,c:Alphaproteobacteria,o:Rhizobiales,f:Rhizobiaceae,g:Pararhizobium,s:LMFA_s
ASV1250	89.318	440	47	0	1	440	282	721	1.06e-156	553	tax=d:Bacteria,p:Proteobacteria,c:Alphaproteobacteria,o:Rhizobiales,f:Rhizobiaceae,g:Pararhizobium,s:Pararhizobium polonicum
ASV1250	89.318	440	47	0	1	440	282	721	1.06e-156	553	tax=d:Bacteria,p:Proteobacteria,c:Alphaproteobacteria,o:Rhizobiales,f:Rhodobiaceae,g:Butyratibacter,s:Butyratibacter algicola
ASV1250	89.318	440	47	0	1	440	282	721	1.06e-156	553	tax=d:Bacteria,p:Proteobacteria,c:Alphaproteobacteria,o:Rhizobiales,f:Aurantimonadaceae,g:Aureimonas,s:Aureimonas populi
ASV1250	89.318	440	47	0	1	440	265	704	1.06e-156	553	tax=d:Bacteria,p:Proteobacteria,c:Alphaproteobacteria,o:Rhizobiales,f:Bosea_f,g:Bosea,s:Bosea vaviloviae
ASV1250	89.318	440	47	0	1	440	282	721	1.06e-156	553	tax=d:Bacteria,p:Proteobacteria,c:Alphaproteobacteria,o:Rhizobiales,f:Methylopila_f,g:Chenggangzhangella,s:Chenggangzhangella methanolivorans
ASV1250	89.318	440	47	0	1	440	282	721	1.06e-156	553	tax=d:Bacteria,p:Proteobacteria,c:Alphaproteobacteria,o:Rhizobiales,f:Rhizobiaceae,g:Pararhizobium,s:Rhizobium gei
ASV1250	89.342	441	46	1	1	440	282	722	1.06e-156	553	tax=d:Bacteria,p:Proteobacteria,c:Alphaproteobacteria,o:Rhizobiales,f:Rhizobiaceae,g:Rhizobium,s:Rhizobium populi
ASV1250	89.318	440	47	0	1	440	254	693	1.06e-156	553	tax=d:Bacteria,p:Proteobacteria,c:Alphaproteobacteria,o:Rhizobiales,f:Methylobacteriaceae,g:Psychroglaciecola,s:Psychroglaciecola arctica
ASV1250	89.318	440	47	0	1	440	282	721	1.06e-156	553	tax=d:Bacteria,p:Proteobacteria,c:Alphaproteobacteria,o:Rhizobiales,f:Pseudoxanthobacter_f,g:Amorphus,s:Amorphus coralli
ASV1250	89.318	440	47	0	1	440	282	721	1.06e-156	553	tax=d:Bacteria,p:Proteobacteria,c:Alphaproteobacteria,o:Rhizobiales,f:Methylocystaceae,g:Methylocystis,s:Methylocystis rosea
ASV1250	89.318	440	47	0	1	440	254	693	1.06e-156	553	tax=d:Bacteria,p:Proteobacteria,c:Alphaproteobacteria,o:Rhizobiales,f:Rhizobiaceae,g:Allorhizobium,s:Rhizobium qilianshanense
ASV1250	89.318	440	47	0	1	440	264	703	1.06e-156	553	tax=d:Bacteria,p:Proteobacteria,c:Alphaproteobacteria,o:Rhizobiales,f:Afifella_f,g:FOFG_g,s:JQ427211_s
ASV1250	89.342	441	45	2	1	440	282	721	1.06e-156	553	tax=d:Bacteria,p:Proteobacteria,c:Alphaproteobacteria,o:Rhizobiales,f:Pseudoxanthobacter_f,g:Pseudoxanthobacter,s:Pseudoxanthobacter liyangensis
ASV1250	89.318	440	47	0	1	440	280	719	1.06e-156	553	tax=d:Bacteria,p:Proteobacteria,c:Alphaproteobacteria,o:Rhodobacterales,f:Hyphomonadaceae,g:Marinicauda,s:JN484629_s
ASV1250	89.367	442	43	4	1	440	278	717	1.06e-156	553	tax=d:Bacteria,p:Proteobacteria,c:Alphaproteobacteria,o:Rhodobacterales,f:Hyphomonadaceae,g:Oceanicaulis,s:JN431055_s
ASV1250	89.342	441	45	2	1	440	262	701	1.06e-156	553	tax=d:Bacteria,p:Proteobacteria,c:Alphaproteobacteria,o:Rhizobiales,f:Afifella_f,g:FOFG_g,s:JN178592_s
ASV1250	89.318	440	47	0	1	440	280	719	1.06e-156	553	tax=d:Bacteria,p:Proteobacteria,c:Alphaproteobacteria,o:Rhizobiales,f:Phyllobacteriaceae,g:Aminobacter,s:Carbophilus carboxidus
ASV1250	89.318	440	47	0	1	440	285	724	1.06e-156	553	tax=d:Bacteria,p:Proteobacteria,c:Alphaproteobacteria,o:Rhizobiales,f:Bartonellaceae,g:Bartonella,s:Bartonella washoensis
ASV1250	89.318	440	47	0	1	440	282	721	1.06e-156	553	tax=d:Bacteria,p:Proteobacteria,c:Alphaproteobacteria,o:Rhizobiales,f:Methylobacteriaceae,g:Microvirga,s:Microvirga guangxiensis
ASV1250	89.342	441	45	2	1	440	284	723	1.06e-156	553	tax=d:Bacteria,p:Proteobacteria,c:Alphaproteobacteria,o:DQ486506_o,f:DQ486506_f,g:DQ486506_g,s:JF767280_s
ASV1250	89.318	440	47	0	1	440	280	719	1.06e-156	553	tax=d:Bacteria,p:Proteobacteria,c:Alphaproteobacteria,o:Rhizobiales,f:Afifella_f,g:FOFG_g,s:JF225511_s
ASV1250	89.318	440	47	0	1	440	266	705	1.06e-156	553	tax=d:Bacteria,p:Proteobacteria,c:Alphaproteobacteria,o:Rhizobiales,f:Bartonellaceae,g:Bartonella,s:HQ806746_s
ASV1250	89.367	442	43	4	1	440	293	732	1.06e-156	553	tax=d:Bacteria,p:Proteobacteria,c:Alphaproteobacteria,o:Rhizobiales,f:Brucellaceae,g:Ochrobactrum,s:Ochrobactrum daejeonense
ASV1250	89.318	440	47	0	1	440	264	703	1.06e-156	553	tax=d:Bacteria,p:Proteobacteria,c:Alphaproteobacteria,o:Rhizobiales,f:Hyphomicrobiaceae,g:HQ153877_g,s:HQ153877_s
ASV1250	89.342	441	45	2	1	440	284	723	1.06e-156	553	tax=d:Bacteria,p:Proteobacteria,c:Alphaproteobacteria,o:Rhizobiales,f:Bauldia_f,g:Bauldia,s:HQ119558_s
ASV1250	89.391	443	41	6	1	440	280	719	1.06e-156	553	tax=d:Bacteria,p:Proteobacteria,c:Alphaproteobacteria,o:Rhizobiales,f:Hyphomicrobiaceae,g:HM057812_g,s:HM057812_s
ASV1250	89.318	440	47	0	1	440	280	719	1.06e-156	553	tax=d:Bacteria,p:Proteobacteria,c:Alphaproteobacteria,o:Rhizobiales,f:Hyphomicrobiaceae,g:Hyphomicrobium,s:HE614820_s
ASV1250	89.318	440	47	0	1	440	231	670	1.06e-156	553	tax=d:Bacteria,p:Proteobacteria,c:Alphaproteobacteria,o:Rhizobiales,f:Rhizobiaceae,g:Pararhizobium,s:Pararhizobium herbae
ASV1250	89.318	440	47	0	1	440	269	708	1.06e-156	553	tax=d:Bacteria,p:Proteobacteria,c:Alphaproteobacteria,o:Rhizobiales,f:Phyllobacteriaceae,g:Hoeflea,s:Hoeflea halophila
ASV1250	89.367	442	43	4	1	440	279	718	1.06e-156	553	tax=d:Bacteria,p:Proteobacteria,c:Alphaproteobacteria,o:Rhizobiales,f:Phyllobacteriaceae,g:Aquamicrobium,s:Aquamicrobium aestuarii
ASV1250	89.318	440	47	0	1	440	284	723	1.06e-156	553	tax=d:Bacteria,p:Proteobacteria,c:Alphaproteobacteria,o:Rhizobiales,f:Parvibaculum_f,g:AF370880_g,s:GQ500752_s
ASV1250	89.318	440	47	0	1	440	282	721	1.06e-156	553	tax=d:Bacteria,p:Proteobacteria,c:Alphaproteobacteria,o:Rhizobiales,f:Bosea_f,g:Bosea,s:Bosea lupini
ASV1250	89.318	440	47	0	1	440	280	719	1.06e-156	553	tax=d:Bacteria,p:Proteobacteria,c:Alphaproteobacteria,o:Rhizobiales,f:Afifella_f,g:FOFG_g,s:FOFG_s
ASV1250	89.318	440	47	0	1	440	280	719	1.06e-156	553	tax=d:Bacteria,p:Proteobacteria,c:Alphaproteobacteria,o:Rhizobiales,f:Methylocystaceae,g:FNLG_g,s:FNLG_s
ASV1250	89.318	440	47	0	1	440	284	723	1.06e-156	553	tax=d:Bacteria,p:Proteobacteria,c:Alphaproteobacteria,o:Rhizobiales,f:Beijerinckiaceae,g:DQ490355_g,s:FM872736_s
ASV1250	89.318	440	47	0	1	440	282	721	1.06e-156	553	tax=d:Bacteria,p:Proteobacteria,c:Alphaproteobacteria,o:Rhizobiales,f:Beijerinckiaceae,g:Methylovirgula,s:Methylovirgula ligni
ASV1250	89.318	440	47	0	1	440	279	718	1.06e-156	553	tax=d:Bacteria,p:Proteobacteria,c:Alphaproteobacteria,o:Rhizobiales,f:Brucellaceae,g:Pseudochrobactrum,s:Pseudochrobactrum lubricantis
ASV1250	89.318	440	47	0	1	440	280	719	1.06e-156	553	tax=d:Bacteria,p:Proteobacteria,c:Alphaproteobacteria,o:Rhizobiales,f:Rhizobiaceae,g:Rhizobium,s:Rhizobium phenanthrenilyticum
ASV1250	89.318	440	47	0	1	440	280	719	1.06e-156	553	tax=d:Bacteria,p:Proteobacteria,c:Alphaproteobacteria,o:Rhizobiales,f:Chelatococcaceae,g:Pseudochelatococcus,s:FJ658501_s
ASV1250	89.318	440	47	0	1	440	282	721	1.06e-156	553	tax=d:Bacteria,p:Proteobacteria,c:Alphaproteobacteria,o:Rhizobiales,f:Rhizobiaceae,g:Rhizobium,s:FJ560597_s
ASV1250	89.318	440	47	0	1	440	282	721	1.06e-156	553	tax=d:Bacteria,p:Proteobacteria,c:Alphaproteobacteria,o:Rhizobiales,f:Pseudoxanthobacter_f,g:Pseudoxanthobacter,s:FJ542954_s
ASV1250	89.318	440	47	0	1	440	272	711	1.06e-156	553	tax=d:Bacteria,p:Proteobacteria,c:Alphaproteobacteria,o:Rhodobacterales,f:Hyphomonadaceae,g:EU245307_g,s:FJ516807_s
ASV1250	89.318	440	47	0	1	440	264	703	1.06e-156	553	tax=d:Bacteria,p:Proteobacteria,c:Alphaproteobacteria,o:Rhizobiales,f:Afifella_f,g:FJ152598_g,s:FJ152598_s
ASV1250	89.318	440	47	0	1	440	282	721	1.06e-156	553	tax=d:Bacteria,p:Proteobacteria,c:Alphaproteobacteria,o:Rhizobiales,f:Phyllobacteriaceae,g:Chelativorans,s:Chelativorans intermedius
ASV1250	89.318	440	47	0	1	440	280	719	1.06e-156	553	tax=d:Bacteria,p:Proteobacteria,c:Alphaproteobacteria,o:Rhizobiales,f:Rhizobiaceae,g:Rhizobium,s:Rhizobium petrolearium
ASV1250	89.318	440	47	0	1	440	282	721	1.06e-156	553	tax=d:Bacteria,p:Proteobacteria,c:Alphaproteobacteria,o:Rhizobiales,f:Aurantimonadaceae,g:Aureimonas,s:EU289481_s
ASV1250	89.318	440	47	0	1	440	284	723	1.06e-156	553	tax=d:Bacteria,p:Proteobacteria,c:Alphaproteobacteria,o:Rhizobiales,f:Aurantimonadaceae,g:EU289426_g,s:EU289471_s
ASV1250	89.318	440	47	0	1	440	283	722	1.06e-156	553	tax=d:Bacteria,p:Proteobacteria,c:Alphaproteobacteria,o:Rhizobiales,f:Parvibaculum_f,g:AF370880_g,s:EU234324_s
ASV1250	89.318	440	47	0	1	440	280	719	1.06e-156	553	tax=d:Bacteria,p:Proteobacteria,c:Alphaproteobacteria,o:Rhizobiales,f:Brucellaceae,g:Mycoplana,s:Mycoplana ramosa
ASV1250	89.318	440	47	0	1	440	280	719	1.06e-156	553	tax=d:Bacteria,p:Proteobacteria,c:Alphaproteobacteria,o:Rhizobiales,f:Rhizobiaceae,g:Rhizobium,s:Rhizobium rhizoryzae
ASV1250	89.318	440	47	0	1	440	282	721	1.06e-156	553	tax=d:Bacteria,p:Proteobacteria,c:Alphaproteobacteria,o:Rhizobiales,f:Devosia_f,g:Devosia,s:Devosia albogilva
