ASV949	99.318	440	3	0	1	440	282	721	0.0	797	tax=d:Bacteria,p:Proteobacteria,c:Alphaproteobacteria,o:Sphingomonadales,f:Sphingomonadaceae,g:Sphingobium,s:Sphingobium czechense
ASV949	99.091	440	4	0	1	440	281	720	0.0	791	tax=d:Bacteria,p:Proteobacteria,c:Alphaproteobacteria,o:Sphingomonadales,f:Sphingomonadaceae,g:Sphingobium,s:Sphingobium cupriresistens
ASV949	98.409	440	7	0	1	440	282	721	0.0	774	tax=d:Bacteria,p:Proteobacteria,c:Alphaproteobacteria,o:Sphingomonadales,f:Sphingomonadaceae,g:Sphingobium,s:Sphingobium rhizovicinum
ASV949	98.182	440	8	0	1	440	282	721	0.0	769	tax=d:Bacteria,p:Proteobacteria,c:Alphaproteobacteria,o:Sphingomonadales,f:Sphingomonadaceae,g:Sphingobium,s:JEMV_s
ASV949	98.182	440	8	0	1	440	282	721	0.0	769	tax=d:Bacteria,p:Proteobacteria,c:Alphaproteobacteria,o:Sphingomonadales,f:Sphingomonadaceae,g:Sphingobium,s:Sphingobium hydrophobicum
ASV949	98.182	440	8	0	1	440	282	721	0.0	769	tax=d:Bacteria,p:Proteobacteria,c:Alphaproteobacteria,o:Sphingomonadales,f:Sphingomonadaceae,g:Sphingobium,s:Sphingobium xenophagum
ASV949	97.727	440	10	0	1	440	282	721	0.0	758	tax=d:Bacteria,p:Proteobacteria,c:Alphaproteobacteria,o:Sphingomonadales,f:Sphingomonadaceae,g:Sphingobium,s:Sphingobium paulinellae
ASV949	97.727	440	10	0	1	440	282	721	0.0	758	tax=d:Bacteria,p:Proteobacteria,c:Alphaproteobacteria,o:Sphingomonadales,f:Sphingomonadaceae,g:Sphingobium,s:Sphingobium algicola
ASV949	97.727	440	10	0	1	440	282	721	0.0	758	tax=d:Bacteria,p:Proteobacteria,c:Alphaproteobacteria,o:Sphingomonadales,f:Sphingomonadaceae,g:Sphingobium,s:Sphingobium limneticum
ASV949	97.727	440	10	0	1	440	259	698	0.0	758	tax=d:Bacteria,p:Proteobacteria,c:Alphaproteobacteria,o:Sphingomonadales,f:Sphingomonadaceae,g:Sphingobium,s:Sphingobium vulgare
ASV949	97.727	440	10	0	1	440	282	721	0.0	758	tax=d:Bacteria,p:Proteobacteria,c:Alphaproteobacteria,o:Sphingomonadales,f:Sphingomonadaceae,g:Sphingobium,s:Sphingobium vermicomposti
ASV949	97.273	440	12	0	1	440	282	721	0.0	747	tax=d:Bacteria,p:Proteobacteria,c:Alphaproteobacteria,o:Sphingomonadales,f:Sphingomonadaceae,g:Sphingobium,s:Sphingobium xanthum
ASV949	97.273	440	12	0	1	440	282	721	0.0	747	tax=d:Bacteria,p:Proteobacteria,c:Alphaproteobacteria,o:Sphingomonadales,f:Sphingomonadaceae,g:Sphingobium,s:Sphingobium qiguonii
ASV949	97.273	440	12	0	1	440	282	721	0.0	747	tax=d:Bacteria,p:Proteobacteria,c:Alphaproteobacteria,o:Sphingomonadales,f:Sphingomonadaceae,g:Sphingobium,s:Sphingobium amiense
ASV949	97.045	440	13	0	1	440	282	721	0.0	741	tax=d:Bacteria,p:Proteobacteria,c:Alphaproteobacteria,o:Sphingomonadales,f:Sphingomonadaceae,g:Sphingobium,s:Sphingobium subterraneum
ASV949	96.591	440	15	0	1	440	279	718	0.0	730	tax=d:Bacteria,p:Proteobacteria,c:Alphaproteobacteria,o:Sphingomonadales,f:Sphingomonadaceae,g:Sphingobium,s:IMCC1743_s
ASV949	96.136	440	17	0	1	440	282	721	0.0	719	tax=d:Bacteria,p:Proteobacteria,c:Alphaproteobacteria,o:Sphingomonadales,f:Sphingomonadaceae,g:Sphingobium,s:Sphingobium wenxiniae
ASV949	96.136	440	17	0	1	440	282	721	0.0	719	tax=d:Bacteria,p:Proteobacteria,c:Alphaproteobacteria,o:Sphingomonadales,f:Sphingomonadaceae,g:Sphingobium,s:Sphingobium cloacae
ASV949	96.136	440	17	0	1	440	282	721	0.0	719	tax=d:Bacteria,p:Proteobacteria,c:Alphaproteobacteria,o:Sphingomonadales,f:Sphingomonadaceae,g:Sphingobium,s:Sphingobium baderi
ASV949	95.909	440	18	0	1	440	283	722	0.0	713	tax=d:Bacteria,p:Proteobacteria,c:Alphaproteobacteria,o:Sphingomonadales,f:Sphingomonadaceae,g:Sphingobium,s:Sphingobium lucknowense
ASV949	95.909	440	18	0	1	440	282	721	0.0	713	tax=d:Bacteria,p:Proteobacteria,c:Alphaproteobacteria,o:Sphingomonadales,f:Erythrobacteraceae,g:Altererythrobacter,s:FN397680_s
ASV949	95.909	440	18	0	1	440	282	721	0.0	713	tax=d:Bacteria,p:Proteobacteria,c:Alphaproteobacteria,o:Sphingomonadales,f:Sphingomonadaceae,g:Sphingobium,s:Sphingobium francense
ASV949	95.909	440	18	0	1	440	283	722	0.0	713	tax=d:Bacteria,p:Proteobacteria,c:Alphaproteobacteria,o:Sphingomonadales,f:Sphingomonadaceae,g:Sphingobium,s:Sphingobium chinhatense
ASV949	95.909	440	18	0	1	440	294	733	0.0	713	tax=d:Bacteria,p:Proteobacteria,c:Alphaproteobacteria,o:Sphingomonadales,f:Sphingomonadaceae,g:Sphingobium,s:Sphingobium lactosutens
ASV949	95.909	440	18	0	1	440	282	721	0.0	713	tax=d:Bacteria,p:Proteobacteria,c:Alphaproteobacteria,o:Sphingomonadales,f:Sphingomonadaceae,g:Sphingobium,s:AP012222_s
ASV949	95.909	440	18	0	1	440	282	721	0.0	713	tax=d:Bacteria,p:Proteobacteria,c:Alphaproteobacteria,o:Sphingomonadales,f:Sphingomonadaceae,g:Sphingobium,s:Sphingobium japonicum
ASV949	95.909	440	18	0	1	440	283	722	0.0	713	tax=d:Bacteria,p:Proteobacteria,c:Alphaproteobacteria,o:Sphingomonadales,f:Sphingomonadaceae,g:Sphingobium,s:Sphingobium indicum
ASV949	95.909	440	18	0	1	440	272	711	0.0	713	tax=d:Bacteria,p:Proteobacteria,c:Alphaproteobacteria,o:Sphingomonadales,f:Erythrobacteraceae,g:Porphyrobacter,s:Erythromicrobium ramosum
ASV949	95.701	442	17	2	1	440	282	723	0.0	710	tax=d:Bacteria,p:Proteobacteria,c:Alphaproteobacteria,o:Sphingomonadales,f:Erythrobacteraceae,g:Qipengyuania,s:Qipengyuania sediminis
ASV949	95.682	440	19	0	1	440	282	721	0.0	708	tax=d:Bacteria,p:Proteobacteria,c:Alphaproteobacteria,o:Sphingomonadales,f:Erythrobacteraceae,g:Porphyrobacter,s:Porphyrobacter colymbi
ASV949	95.682	440	19	0	1	440	282	721	0.0	708	tax=d:Bacteria,p:Proteobacteria,c:Alphaproteobacteria,o:Sphingomonadales,f:Erythrobacteraceae,g:Porphyrobacter,s:Porphyrobacter donghaensis
ASV949	95.682	440	19	0	1	440	282	721	0.0	708	tax=d:Bacteria,p:Proteobacteria,c:Alphaproteobacteria,o:Sphingomonadales,f:Sphingomonadaceae,g:Sphingobium,s:Sphingobium phenoxybenzoativorans
ASV949	95.682	440	19	0	1	440	282	721	0.0	708	tax=d:Bacteria,p:Proteobacteria,c:Alphaproteobacteria,o:Sphingomonadales,f:Erythrobacteraceae,g:Porphyrobacter,s:Porphyrobacter dokdonensis
ASV949	95.682	440	19	0	1	440	282	721	0.0	708	tax=d:Bacteria,p:Proteobacteria,c:Alphaproteobacteria,o:Sphingomonadales,f:Erythrobacteraceae,g:Porphyrobacter,s:JQMU_s
ASV949	95.682	440	19	0	1	440	282	721	0.0	708	tax=d:Bacteria,p:Proteobacteria,c:Alphaproteobacteria,o:Sphingomonadales,f:Erythrobacteraceae,g:Erythrobacter,s:Erythrobacter litoralis
ASV949	95.682	440	19	0	1	440	282	721	0.0	708	tax=d:Bacteria,p:Proteobacteria,c:Alphaproteobacteria,o:Sphingomonadales,f:Erythrobacteraceae,g:Altererythrobacter,s:Altererythrobacter xinjiangensis
ASV949	95.682	440	19	0	1	440	282	721	0.0	708	tax=d:Bacteria,p:Proteobacteria,c:Alphaproteobacteria,o:Sphingomonadales,f:Erythrobacteraceae,g:Altererythrobacter,s:Altererythrobacter dongtanensis
ASV949	95.682	440	19	0	1	440	282	721	0.0	708	tax=d:Bacteria,p:Proteobacteria,c:Alphaproteobacteria,o:Sphingomonadales,f:Sphingomonadaceae,g:Sphingobium,s:CP013264_s
ASV949	95.682	440	19	0	1	440	284	723	0.0	708	tax=d:Bacteria,p:Proteobacteria,c:Alphaproteobacteria,o:Sphingomonadales,f:Sphingomonadaceae,g:Sphingobium,s:CP005084_s
ASV949	95.692	441	17	2	1	440	294	733	0.0	708	tax=d:Bacteria,p:Proteobacteria,c:Alphaproteobacteria,o:Sphingomonadales,f:Sphingomonadaceae,g:Sphingobium,s:AYOY_s
ASV949	95.682	440	19	0	1	440	282	721	0.0	708	tax=d:Bacteria,p:Proteobacteria,c:Alphaproteobacteria,o:Sphingomonadales,f:Sphingomonadaceae,g:Novosphingobium,s:Novosphingobium hassiacum
ASV949	95.455	440	20	0	1	440	282	721	0.0	704	tax=d:Bacteria,p:Proteobacteria,c:Alphaproteobacteria,o:Sphingomonadales,f:Sphingomonadaceae,g:Sphingobium,s:Sphingobium jiangsuense
ASV949	95.455	440	20	0	1	440	294	733	0.0	702	tax=d:Bacteria,p:Proteobacteria,c:Alphaproteobacteria,o:Sphingomonadales,f:Sphingomonadaceae,g:Sphingobium,s:Sphingobium chungbukense
ASV949	95.455	440	20	0	1	440	282	721	0.0	702	tax=d:Bacteria,p:Proteobacteria,c:Alphaproteobacteria,o:Sphingomonadales,f:Erythrobacteraceae,g:Altererythrobacter,s:Altererythrobacter lauratis
ASV949	95.455	440	20	0	1	440	282	721	0.0	702	tax=d:Bacteria,p:Proteobacteria,c:Alphaproteobacteria,o:Sphingomonadales,f:Sphingomonadaceae,g:Sphingobium,s:Sphingobium naphthae
ASV949	95.455	440	20	0	1	440	282	721	0.0	702	tax=d:Bacteria,p:Proteobacteria,c:Alphaproteobacteria,o:Sphingomonadales,f:Sphingomonadaceae,g:Blastomonas,s:Blastomonas fulva
ASV949	95.465	441	18	2	1	440	282	721	0.0	702	tax=d:Bacteria,p:Proteobacteria,c:Alphaproteobacteria,o:Sphingomonadales,f:Sphingomonadaceae,g:Novosphingobium,s:Novosphingobium marinum
ASV949	95.455	440	20	0	1	440	276	715	0.0	702	tax=d:Bacteria,p:Proteobacteria,c:Alphaproteobacteria,o:Sphingomonadales,f:Sphingomonadaceae,g:Blastomonas,s:Blastomonas aquatica
ASV949	95.455	440	20	0	1	440	275	714	0.0	702	tax=d:Bacteria,p:Proteobacteria,c:Alphaproteobacteria,o:Sphingomonadales,f:Sphingomonadaceae,g:Sphingobium,s:Sphingobium sufflavum
ASV949	95.455	440	20	0	1	440	282	721	0.0	702	tax=d:Bacteria,p:Proteobacteria,c:Alphaproteobacteria,o:Sphingomonadales,f:Sphingomonadaceae,g:Sphingobium,s:Sphingobium barthaii
ASV949	95.465	441	18	2	1	440	282	721	0.0	702	tax=d:Bacteria,p:Proteobacteria,c:Alphaproteobacteria,o:Sphingomonadales,f:Sphingomonadaceae,g:Novosphingobium,s:EF125416_s
ASV949	95.455	440	20	0	1	440	282	721	0.0	702	tax=d:Bacteria,p:Proteobacteria,c:Alphaproteobacteria,o:Sphingomonadales,f:Sphingomonadaceae,g:Sphingobium,s:Sphingobium fuliginis
ASV949	95.455	440	20	0	1	440	282	721	0.0	702	tax=d:Bacteria,p:Proteobacteria,c:Alphaproteobacteria,o:Sphingomonadales,f:Sphingomonadaceae,g:Sphingobium,s:CP015987_s
ASV949	95.455	440	20	0	1	440	282	721	0.0	702	tax=d:Bacteria,p:Proteobacteria,c:Alphaproteobacteria,o:Sphingomonadales,f:Sphingomonadaceae,g:Sphingobium,s:Sphingobium quisquiliarum
ASV949	95.455	440	20	0	1	440	282	721	0.0	702	tax=d:Bacteria,p:Proteobacteria,c:Alphaproteobacteria,o:Sphingomonadales,f:Sphingomonadaceae,g:Sphingobium,s:ASTG_s
ASV949	95.455	440	20	0	1	440	282	721	0.0	702	tax=d:Bacteria,p:Proteobacteria,c:Alphaproteobacteria,o:Sphingomonadales,f:Sphingomonadaceae,g:Blastomonas,s:Blastomonas natatoria
ASV949	95.249	442	17	4	1	440	282	721	0.0	699	tax=d:Bacteria,p:Proteobacteria,c:Alphaproteobacteria,o:Sphingomonadales,f:Sphingomonadaceae,g:Sphingobium,s:GQ101175_s
ASV949	95.227	440	21	0	1	440	246	685	0.0	699	tax=d:Bacteria,p:Proteobacteria,c:Alphaproteobacteria,o:Sphingomonadales,f:Sphingomonadaceae,g:Sphingobium,s:Sphingomonas flava
ASV949	95.227	440	21	0	1	440	277	716	0.0	697	tax=d:Bacteria,p:Proteobacteria,c:Alphaproteobacteria,o:Sphingomonadales,f:Sphingomonadaceae,g:Blastomonas,s:Blastomonas ursincola
ASV949	95.227	440	21	0	1	440	282	721	0.0	697	tax=d:Bacteria,p:Proteobacteria,c:Alphaproteobacteria,o:Sphingomonadales,f:Erythrobacteraceae,g:Erythrobacter,s:LT629743_s
ASV949	95.238	441	20	1	1	440	282	722	0.0	697	tax=d:Bacteria,p:Proteobacteria,c:Alphaproteobacteria,o:Sphingomonadales,f:Erythrobacteraceae,g:Altererythrobacter,s:Altererythrobacter palmitatis
ASV949	95.227	440	21	0	1	440	282	721	0.0	697	tax=d:Bacteria,p:Proteobacteria,c:Alphaproteobacteria,o:Sphingomonadales,f:Sphingomonadaceae,g:Novosphingobium,s:KQ954256_s
ASV949	95.227	440	21	0	1	440	282	721	0.0	697	tax=d:Bacteria,p:Proteobacteria,c:Alphaproteobacteria,o:Sphingomonadales,f:Erythrobacteraceae,g:Altererythrobacter,s:Altererythrobacter aurantiacus
ASV949	95.227	440	21	0	1	440	282	721	0.0	697	tax=d:Bacteria,p:Proteobacteria,c:Alphaproteobacteria,o:Sphingomonadales,f:Sphingomonadaceae,g:Sphingobium,s:Sphingobium faniae
ASV949	95.227	440	21	0	1	440	282	721	0.0	697	tax=d:Bacteria,p:Proteobacteria,c:Alphaproteobacteria,o:Sphingomonadales,f:Sphingomonadaceae,g:Sphingobium,s:Sphingobium chlorophenolicum
ASV949	95.227	440	21	0	1	440	282	721	0.0	697	tax=d:Bacteria,p:Proteobacteria,c:Alphaproteobacteria,o:Sphingomonadales,f:Sphingomonadaceae,g:Novosphingobium,s:AM746688_s
ASV949	95.227	440	21	0	1	440	287	726	0.0	697	tax=d:Bacteria,p:Proteobacteria,c:Alphaproteobacteria,o:Sphingomonadales,f:Sphingomonadaceae,g:Sphingobium,s:Sphingobium olei
ASV949	95.227	440	21	0	1	440	282	721	0.0	697	tax=d:Bacteria,p:Proteobacteria,c:Alphaproteobacteria,o:Sphingomonadales,f:Sphingomonadaceae,g:Novosphingobium,s:Novosphingobium nitrogenifigens
ASV949	95.000	440	22	0	1	440	282	721	0.0	691	tax=d:Bacteria,p:Proteobacteria,c:Alphaproteobacteria,o:Sphingomonadales,f:Erythrobacteraceae,g:Porphyrobacter,s:Porphyrobacter tepidarius
ASV949	95.000	440	22	0	1	440	282	721	0.0	691	tax=d:Bacteria,p:Proteobacteria,c:Alphaproteobacteria,o:Sphingomonadales,f:Sphingomonadaceae,g:Novosphingobium,s:Novosphingobium fontis
ASV949	95.000	440	22	0	1	440	282	721	0.0	691	tax=d:Bacteria,p:Proteobacteria,c:Alphaproteobacteria,o:Sphingomonadales,f:Sphingomonadaceae,g:Blastomonas,s:Blastomonas quesadae
ASV949	95.000	440	22	0	1	440	272	711	0.0	691	tax=d:Bacteria,p:Proteobacteria,c:Alphaproteobacteria,o:Sphingomonadales,f:Erythrobacteraceae,g:Altererythrobacter,s:Altererythrobacter aerius
ASV949	95.000	440	22	0	1	440	282	721	0.0	691	tax=d:Bacteria,p:Proteobacteria,c:Alphaproteobacteria,o:Sphingomonadales,f:Erythrobacteraceae,g:Altererythrobacter,s:Altererythrobacter salegens
ASV949	95.000	440	22	0	1	440	282	721	0.0	691	tax=d:Bacteria,p:Proteobacteria,c:Alphaproteobacteria,o:Sphingomonadales,f:Sphingomonadaceae,g:Sphingobium,s:Sphingobium mellinum
ASV949	95.000	440	22	0	1	440	282	721	0.0	691	tax=d:Bacteria,p:Proteobacteria,c:Alphaproteobacteria,o:Sphingomonadales,f:Sphingomonadaceae,g:Sphingobium,s:Sphingobium yanoikuyae
ASV949	95.000	440	22	0	1	440	282	721	0.0	691	tax=d:Bacteria,p:Proteobacteria,c:Alphaproteobacteria,o:Sphingomonadales,f:Erythrobacteraceae,g:Altererythrobacter,s:Altererythrobacter xiamenensis
ASV949	95.000	440	22	0	1	440	282	721	0.0	691	tax=d:Bacteria,p:Proteobacteria,c:Alphaproteobacteria,o:Sphingomonadales,f:Sphingomonadaceae,g:Sphingomonas,s:FM209357_s
ASV949	95.000	440	22	0	1	440	250	689	0.0	691	tax=d:Bacteria,p:Proteobacteria,c:Alphaproteobacteria,o:Sphingomonadales,f:Sphingomonadaceae,g:Sphingorhabdus,s:EU196323_s
ASV949	95.000	440	22	0	1	440	282	721	0.0	691	tax=d:Bacteria,p:Proteobacteria,c:Alphaproteobacteria,o:Sphingomonadales,f:Erythrobacteraceae,g:Altererythrobacter,s:Altererythrobacter mangrovi
ASV949	95.000	440	22	0	1	440	282	721	0.0	691	tax=d:Bacteria,p:Proteobacteria,c:Alphaproteobacteria,o:Sphingomonadales,f:Sphingomonadaceae,g:Sphingobium,s:CP005188_s
ASV949	95.000	440	22	0	1	440	282	721	0.0	691	tax=d:Bacteria,p:Proteobacteria,c:Alphaproteobacteria,o:Sphingomonadales,f:Erythrobacteraceae,g:Erythrobacter,s:CP000157_s
ASV949	95.000	440	22	0	1	440	282	721	0.0	691	tax=d:Bacteria,p:Proteobacteria,c:Alphaproteobacteria,o:Sphingomonadales,f:Sphingomonadaceae,g:Sphingobium,s:Sphingobium ummariense
ASV949	95.000	440	22	0	1	440	282	721	0.0	691	tax=d:Bacteria,p:Proteobacteria,c:Alphaproteobacteria,o:Sphingomonadales,f:Sphingomonadaceae,g:Sphingobium,s:AJ009708_s
ASV949	94.773	440	23	0	1	440	282	721	0.0	686	tax=d:Bacteria,p:Proteobacteria,c:Alphaproteobacteria,o:Sphingomonadales,f:Erythrobacteraceae,g:Altererythrobacter,s:Altererythrobacter troitsensis
ASV949	94.773	440	23	0	1	440	282	721	0.0	686	tax=d:Bacteria,p:Proteobacteria,c:Alphaproteobacteria,o:Sphingomonadales,f:Erythrobacteraceae,g:Altererythrobacter,s:Altererythrobacter deserti
ASV949	94.773	440	23	0	1	440	279	718	0.0	686	tax=d:Bacteria,p:Proteobacteria,c:Alphaproteobacteria,o:Sphingomonadales,f:Erythrobacteraceae,g:Altererythrobacter,s:Altererythrobacter soli
ASV949	94.773	440	23	0	1	440	282	721	0.0	686	tax=d:Bacteria,p:Proteobacteria,c:Alphaproteobacteria,o:Sphingomonadales,f:Erythrobacteraceae,g:Altererythrobacter,s:Altererythrobacter rigui
ASV949	94.773	440	23	0	1	440	282	721	0.0	686	tax=d:Bacteria,p:Proteobacteria,c:Alphaproteobacteria,o:Sphingomonadales,f:Sphingomonadaceae,g:Novosphingobium,s:Novosphingobium endophyticum
ASV949	94.773	440	23	0	1	440	282	721	0.0	686	tax=d:Bacteria,p:Proteobacteria,c:Alphaproteobacteria,o:Sphingomonadales,f:Sphingomonadaceae,g:Sphingobium,s:Rhizorhapis suberifaciens
ASV949	94.773	440	23	0	1	440	282	721	0.0	686	tax=d:Bacteria,p:Proteobacteria,c:Alphaproteobacteria,o:Sphingomonadales,f:Erythrobacteraceae,g:Porphyrobacter,s:Porphyrobacter cryptus
ASV949	94.773	440	23	0	1	440	282	721	0.0	686	tax=d:Bacteria,p:Proteobacteria,c:Alphaproteobacteria,o:Sphingomonadales,f:Sphingomonadaceae,g:Sphingomonas,s:Sphingomonas gimensis
ASV949	94.785	441	21	2	1	440	253	692	0.0	686	tax=d:Bacteria,p:Proteobacteria,c:Alphaproteobacteria,o:Sphingomonadales,f:Sphingomonadaceae,g:Novosphingobium,s:Novosphingobium aquaticum
ASV949	94.773	440	23	0	1	440	282	721	0.0	686	tax=d:Bacteria,p:Proteobacteria,c:Alphaproteobacteria,o:Sphingomonadales,f:Sphingomonadaceae,g:Sphingobium,s:JF697448_s
ASV949	94.773	440	23	0	1	440	248	687	0.0	686	tax=d:Bacteria,p:Proteobacteria,c:Alphaproteobacteria,o:Sphingomonadales,f:Sphingomonadaceae,g:Sphingomonas,s:Sphingomonas jejuensis
ASV949	94.773	440	23	0	1	440	250	689	0.0	686	tax=d:Bacteria,p:Proteobacteria,c:Alphaproteobacteria,o:Sphingomonadales,f:Sphingomonadaceae,g:Novosphingobium,s:Novosphingobium sediminicola
ASV949	94.773	440	23	0	1	440	282	721	0.0	686	tax=d:Bacteria,p:Proteobacteria,c:Alphaproteobacteria,o:Sphingomonadales,f:Sphingomonadaceae,g:Novosphingobium,s:Novosphingobium indicum
ASV949	94.773	440	23	0	1	440	282	721	0.0	686	tax=d:Bacteria,p:Proteobacteria,c:Alphaproteobacteria,o:Sphingomonadales,f:Erythrobacteraceae,g:Porphyrobacter,s:CP017113_s
ASV949	94.773	440	23	0	1	440	281	720	0.0	686	tax=d:Bacteria,p:Proteobacteria,c:Alphaproteobacteria,o:Sphingomonadales,f:Erythrobacteraceae,g:Porphyrobacter,s:Porphyrobacter neustonensis
ASV949	94.773	440	23	0	1	440	284	723	0.0	686	tax=d:Bacteria,p:Proteobacteria,c:Alphaproteobacteria,o:Sphingomonadales,f:Sphingomonadaceae,g:Novosphingobium,s:Novosphingobium acidiphilum
ASV949	94.773	440	23	0	1	440	282	721	0.0	686	tax=d:Bacteria,p:Proteobacteria,c:Alphaproteobacteria,o:Sphingomonadales,f:Sphingomonadaceae,g:Sphingopyxis,s:Sphingopyxis baekryungensis
ASV949	94.773	440	23	0	1	440	280	719	0.0	686	tax=d:Bacteria,p:Proteobacteria,c:Alphaproteobacteria,o:Sphingomonadales,f:Sphingomonadaceae,g:Sphingobium,s:AJ000918_s
ASV949	94.773	440	22	1	1	440	266	704	0.0	684	tax=d:Bacteria,p:Proteobacteria,c:Alphaproteobacteria,o:Sphingomonadales,f:Sphingomonadaceae,g:Sphingobium,s:Sphingobium scionense
ASV949	94.545	440	24	0	1	440	250	689	0.0	680	tax=d:Bacteria,p:Proteobacteria,c:Alphaproteobacteria,o:Sphingomonadales,f:Sphingomonadaceae,g:Novosphingobium,s:Novosphingobium bradum
ASV949	94.545	440	24	0	1	440	282	721	0.0	680	tax=d:Bacteria,p:Proteobacteria,c:Alphaproteobacteria,o:Sphingomonadales,f:Sphingomonadaceae,g:Novosphingobium,s:Novosphingobium naphthae
ASV949	94.545	440	24	0	1	440	282	721	0.0	680	tax=d:Bacteria,p:Proteobacteria,c:Alphaproteobacteria,o:Sphingomonadales,f:Sphingomonadaceae,g:Novosphingobium,s:Novosphingobium pokkalii
ASV949	94.545	440	24	0	1	440	282	721	0.0	680	tax=d:Bacteria,p:Proteobacteria,c:Alphaproteobacteria,o:Sphingomonadales,f:Sphingomonadaceae,g:Novosphingobium,s:Novosphingobium malaysiense
ASV949	94.545	440	24	0	1	440	282	721	0.0	680	tax=d:Bacteria,p:Proteobacteria,c:Alphaproteobacteria,o:Sphingomonadales,f:Sphingomonadaceae,g:Novosphingobium,s:Novosphingobium kunmingense
ASV949	94.545	440	24	0	1	440	284	723	0.0	680	tax=d:Bacteria,p:Proteobacteria,c:Alphaproteobacteria,o:Sphingomonadales,f:Sphingomonadaceae,g:Sphingomonas,s:JF237978_s
ASV949	94.545	440	24	0	1	440	263	702	0.0	680	tax=d:Bacteria,p:Proteobacteria,c:Alphaproteobacteria,o:Sphingomonadales,f:Sphingomonadaceae,g:Sphingobium,s:Sphingobium fontiphilum
ASV949	94.545	440	24	0	1	440	282	721	0.0	680	tax=d:Bacteria,p:Proteobacteria,c:Alphaproteobacteria,o:Sphingomonadales,f:Sphingomonadaceae,g:Sphingomonas,s:EU835469_s
ASV949	94.545	440	24	0	1	440	282	721	0.0	680	tax=d:Bacteria,p:Proteobacteria,c:Alphaproteobacteria,o:Sphingomonadales,f:Sphingomonadaceae,g:Sphingomicrobium,s:Sphingomicrobium lutaoense
ASV949	94.545	440	24	0	1	440	282	721	0.0	680	tax=d:Bacteria,p:Proteobacteria,c:Alphaproteobacteria,o:Sphingomonadales,f:Erythrobacteraceae,g:Porphyrobacter,s:CP021378_s
ASV949	94.545	440	24	0	1	440	282	721	0.0	680	tax=d:Bacteria,p:Proteobacteria,c:Alphaproteobacteria,o:Sphingomonadales,f:Erythrobacteraceae,g:Altererythrobacter,s:Altererythrobacter epoxidivorans
ASV949	94.545	440	24	0	1	440	282	721	0.0	680	tax=d:Bacteria,p:Proteobacteria,c:Alphaproteobacteria,o:Sphingomonadales,f:Erythrobacteraceae,g:Altererythrobacter,s:Altererythrobacter marensis
ASV949	94.545	440	24	0	1	440	282	721	0.0	680	tax=d:Bacteria,p:Proteobacteria,c:Alphaproteobacteria,o:Sphingomonadales,f:Sphingomonadaceae,g:Novosphingobium,s:Novosphingobium tardaugens
ASV949	94.545	440	24	0	1	440	282	721	0.0	680	tax=d:Bacteria,p:Proteobacteria,c:Alphaproteobacteria,o:Sphingomonadales,f:Erythrobacteraceae,g:Erythrobacter,s:AY858797_s
ASV949	94.545	440	24	0	1	440	282	721	0.0	680	tax=d:Bacteria,p:Proteobacteria,c:Alphaproteobacteria,o:Sphingomonadales,f:Sphingomonadaceae,g:Novosphingobium,s:Novosphingobium lindaniclasticum
ASV949	94.318	440	25	0	1	440	282	721	0.0	680	tax=d:Bacteria,p:Proteobacteria,c:Alphaproteobacteria,o:Sphingomonadales,f:Sphingomonadaceae,g:Sphingobium,s:Sphingobium abikonense
ASV949	94.545	440	22	2	1	440	282	719	0.0	678	tax=d:Bacteria,p:Proteobacteria,c:Alphaproteobacteria,o:Sphingomonadales,f:Sphingomonadaceae,g:Sphingobium,s:AJ318184_s
ASV949	94.318	440	25	0	1	440	281	720	0.0	675	tax=d:Bacteria,p:Proteobacteria,c:Alphaproteobacteria,o:Sphingomonadales,f:Sphingomonadaceae,g:Sphingomonas,s:MWM_s
ASV949	94.318	440	25	0	1	440	282	721	0.0	675	tax=d:Bacteria,p:Proteobacteria,c:Alphaproteobacteria,o:Sphingomonadales,f:Sphingomonadaceae,g:Sphingorhabdus,s:LXYP_s
ASV949	94.318	440	25	0	1	440	262	701	0.0	675	tax=d:Bacteria,p:Proteobacteria,c:Alphaproteobacteria,o:Sphingomonadales,f:Erythrobacteraceae,g:Altererythrobacter,s:Altererythrobacter halimionae
ASV949	94.344	442	21	4	1	440	258	697	0.0	675	tax=d:Bacteria,p:Proteobacteria,c:Alphaproteobacteria,o:Sphingomonadales,f:Erythrobacteraceae,g:Altererythrobacter,s:Altererythrobacter endophyticus
ASV949	94.318	440	25	0	1	440	278	717	0.0	675	tax=d:Bacteria,p:Proteobacteria,c:Alphaproteobacteria,o:Sphingomonadales,f:Sphingomonadaceae,g:Sphingopyxis,s:Sphingopyxis solisilvae
ASV949	94.318	440	25	0	1	440	282	721	0.0	675	tax=d:Bacteria,p:Proteobacteria,c:Alphaproteobacteria,o:Sphingomonadales,f:Sphingomonadaceae,g:Blastomonas,s:Blastomonas marina
ASV949	94.318	440	25	0	1	440	282	721	0.0	675	tax=d:Bacteria,p:Proteobacteria,c:Alphaproteobacteria,o:Sphingomonadales,f:Erythrobacteraceae,g:Porphyrobacter,s:Porphyrobacter algicida
ASV949	94.318	440	25	0	1	440	282	721	0.0	675	tax=d:Bacteria,p:Proteobacteria,c:Alphaproteobacteria,o:Sphingomonadales,f:Sphingomonadaceae,g:Novosphingobium,s:Novosphingobium rhizosphaerae
ASV949	94.318	440	25	0	1	440	284	723	0.0	675	tax=d:Bacteria,p:Proteobacteria,c:Alphaproteobacteria,o:Sphingomonadales,f:Sphingomonadaceae,g:Novosphingobium,s:Novosphingobium oryzae
ASV949	94.318	440	25	0	1	440	282	721	0.0	675	tax=d:Bacteria,p:Proteobacteria,c:Alphaproteobacteria,o:Sphingomonadales,f:Sphingomonadaceae,g:Novosphingobium,s:Novosphingobium subterraneum
ASV949	94.318	440	25	0	1	440	282	721	0.0	675	tax=d:Bacteria,p:Proteobacteria,c:Alphaproteobacteria,o:Sphingomonadales,f:Sphingomonadaceae,g:Novosphingobium,s:Novosphingobium ginsenosidimutans
ASV949	94.318	440	25	0	1	440	282	721	0.0	675	tax=d:Bacteria,p:Proteobacteria,c:Alphaproteobacteria,o:Sphingomonadales,f:Sphingomonadaceae,g:Sphingobium,s:Sphingobium boeckii
ASV949	94.318	440	25	0	1	440	282	721	0.0	675	tax=d:Bacteria,p:Proteobacteria,c:Alphaproteobacteria,o:Sphingomonadales,f:Erythrobacteraceae,g:Erythrobacter,s:GU227429_s
ASV949	94.318	440	25	0	1	440	282	721	0.0	675	tax=d:Bacteria,p:Proteobacteria,c:Alphaproteobacteria,o:Sphingomonadales,f:Sphingomonadaceae,g:Sphingorhabdus,s:Sphingorhabdus marina
ASV949	94.318	440	25	0	1	440	282	721	0.0	675	tax=d:Bacteria,p:Proteobacteria,c:Alphaproteobacteria,o:Sphingomonadales,f:Erythrobacteraceae,g:Porphyrobacter,s:Porphyrobacter sanguineus
ASV949	94.318	440	25	0	1	440	282	721	0.0	675	tax=d:Bacteria,p:Proteobacteria,c:Alphaproteobacteria,o:Sphingomonadales,f:Erythrobacteraceae,g:Altererythrobacter,s:Altererythrobacter marinus
ASV949	94.318	440	25	0	1	440	282	721	0.0	675	tax=d:Bacteria,p:Proteobacteria,c:Alphaproteobacteria,o:Sphingomonadales,f:Sphingomonadaceae,g:Novosphingobium,s:EU118985_s
ASV949	94.318	440	25	0	1	440	282	721	0.0	675	tax=d:Bacteria,p:Proteobacteria,c:Alphaproteobacteria,o:Sphingomonadales,f:Sphingomonadaceae,g:Novosphingobium,s:Novosphingobium rosa
ASV949	94.118	442	24	2	1	440	282	723	0.0	671	tax=d:Bacteria,p:Proteobacteria,c:Alphaproteobacteria,o:Sphingomonadales,f:Erythrobacteraceae,g:Porphyrobacter,s:GQ264058_s
ASV949	94.091	440	26	0	1	440	282	721	0.0	669	tax=d:Bacteria,p:Proteobacteria,c:Alphaproteobacteria,o:Sphingomonadales,f:Erythrobacteraceae,g:Altererythrobacter,s:LMHH_s
ASV949	94.091	440	26	0	1	440	282	721	0.0	669	tax=d:Bacteria,p:Proteobacteria,c:Alphaproteobacteria,o:Sphingomonadales,f:Sphingomonadaceae,g:Parasphingopyxis,s:Parasphingopyxis algicola
ASV949	94.091	440	26	0	1	440	282	721	0.0	669	tax=d:Bacteria,p:Proteobacteria,c:Alphaproteobacteria,o:Sphingomonadales,f:Sphingomonadaceae,g:Sphingomonas,s:JF087491_s
ASV949	94.091	440	26	0	1	440	282	721	0.0	669	tax=d:Bacteria,p:Proteobacteria,c:Alphaproteobacteria,o:Sphingomonadales,f:Sphingomonadaceae,g:Novosphingobium,s:FWXL_s
ASV949	94.091	440	26	0	1	440	282	721	0.0	669	tax=d:Bacteria,p:Proteobacteria,c:Alphaproteobacteria,o:Sphingomonadales,f:Erythrobacteraceae,g:Croceicoccus,s:Croceicoccus naphthovorans
ASV949	94.091	440	26	0	1	440	282	721	0.0	669	tax=d:Bacteria,p:Proteobacteria,c:Alphaproteobacteria,o:Sphingomonadales,f:Sphingomonadaceae,g:Sphingorhabdus,s:Sphingorhabdus flavimaris
ASV949	94.091	440	26	0	1	440	282	721	0.0	669	tax=d:Bacteria,p:Proteobacteria,c:Alphaproteobacteria,o:Sphingomonadales,f:Sphingomonadaceae,g:Sphingosinicella,s:AY234707_s
ASV949	93.864	440	27	0	1	440	282	721	0.0	664	tax=d:Bacteria,p:Proteobacteria,c:Alphaproteobacteria,o:Sphingomonadales,f:Sphingomonadaceae,g:Sphingomonas,s:NSLI_s
ASV949	93.864	440	27	0	1	440	282	721	0.0	664	tax=d:Bacteria,p:Proteobacteria,c:Alphaproteobacteria,o:Sphingomonadales,f:Sphingomonadaceae,g:Sphingomonas,s:Sphingomonas gotjawalisoli
ASV949	93.864	440	27	0	1	440	282	721	0.0	664	tax=d:Bacteria,p:Proteobacteria,c:Alphaproteobacteria,o:Sphingomonadales,f:Sphingomonadaceae,g:Novosphingobium,s:Novosphingobium humi
ASV949	93.864	440	27	0	1	440	282	721	0.0	664	tax=d:Bacteria,p:Proteobacteria,c:Alphaproteobacteria,o:Sphingomonadales,f:Erythrobacteraceae,g:Altererythrobacter,s:Altererythrobacter aquaemixtae
ASV949	93.864	440	27	0	1	440	282	721	0.0	664	tax=d:Bacteria,p:Proteobacteria,c:Alphaproteobacteria,o:Sphingomonadales,f:Sphingomonadaceae,g:Novosphingobium,s:Novosphingobium guangzhouense
ASV949	93.864	440	27	0	1	440	282	721	0.0	664	tax=d:Bacteria,p:Proteobacteria,c:Alphaproteobacteria,o:Sphingomonadales,f:Sphingomonadaceae,g:Novosphingobium,s:Novosphingobium lotistagni
ASV949	93.864	440	27	0	1	440	276	715	0.0	664	tax=d:Bacteria,p:Proteobacteria,c:Alphaproteobacteria,o:Sphingomonadales,f:Sphingomonadaceae,g:Sphingomonas,s:Sphingomonas crusticola
ASV949	93.864	440	27	0	1	440	282	721	0.0	664	tax=d:Bacteria,p:Proteobacteria,c:Alphaproteobacteria,o:Sphingomonadales,f:Sphingomonadaceae,g:Novosphingobium,s:Novosphingobium gossypii
ASV949	93.864	440	27	0	1	440	282	721	0.0	664	tax=d:Bacteria,p:Proteobacteria,c:Alphaproteobacteria,o:Sphingomonadales,f:Erythrobacteraceae,g:Altererythrobacter,s:Altererythrobacter aestiaquae
ASV949	93.864	440	27	0	1	440	282	721	0.0	664	tax=d:Bacteria,p:Proteobacteria,c:Alphaproteobacteria,o:Sphingomonadales,f:Sphingomonadaceae,g:Novosphingobium,s:Novosphingobium chloroacetimidivorans
ASV949	93.864	440	27	0	1	440	282	721	0.0	664	tax=d:Bacteria,p:Proteobacteria,c:Alphaproteobacteria,o:Sphingomonadales,f:Sphingomonadaceae,g:Sphingobium,s:Sphingobium endophyticum
ASV949	93.891	442	23	4	1	440	282	721	0.0	664	tax=d:Bacteria,p:Proteobacteria,c:Alphaproteobacteria,o:Sphingomonadales,f:Sphingomonadaceae,g:Novosphingobium,s:Novosphingobium fluoreni
ASV949	93.864	440	27	0	1	440	282	721	0.0	664	tax=d:Bacteria,p:Proteobacteria,c:Alphaproteobacteria,o:Sphingomonadales,f:Sphingomonadaceae,g:Sphingomonas,s:Sphingomonas kyeonggiensis
ASV949	93.864	440	27	0	1	440	282	721	0.0	664	tax=d:Bacteria,p:Proteobacteria,c:Alphaproteobacteria,o:Sphingomonadales,f:Sphingomonadaceae,g:Sphingomicrobium,s:Sphingomicrobium flavum
ASV949	93.864	440	27	0	1	440	282	721	0.0	664	tax=d:Bacteria,p:Proteobacteria,c:Alphaproteobacteria,o:Sphingomonadales,f:Sphingomonadaceae,g:Sphingosinicella,s:Sphingosinicella ginsenosidimutans
ASV949	93.878	441	25	2	1	440	282	721	0.0	664	tax=d:Bacteria,p:Proteobacteria,c:Alphaproteobacteria,o:Sphingomonadales,f:Erythrobacteraceae,g:Erythrobacter,s:JN881606_s
ASV949	93.864	440	27	0	1	440	282	721	0.0	664	tax=d:Bacteria,p:Proteobacteria,c:Alphaproteobacteria,o:Sphingomonadales,f:Erythrobacteraceae,g:Erythrobacter,s:Erythrobacter westpacificensis
ASV949	93.864	440	27	0	1	440	282	721	0.0	664	tax=d:Bacteria,p:Proteobacteria,c:Alphaproteobacteria,o:Sphingomonadales,f:Sphingomonadaceae,g:Sphingopyxis,s:Sphingopyxis indica
ASV949	93.864	440	27	0	1	440	250	689	0.0	664	tax=d:Bacteria,p:Proteobacteria,c:Alphaproteobacteria,o:Sphingomonadales,f:Sphingomonadaceae,g:Novosphingobium,s:Novosphingobium colocasiae
ASV949	93.864	440	27	0	1	440	253	692	0.0	664	tax=d:Bacteria,p:Proteobacteria,c:Alphaproteobacteria,o:Sphingomonadales,f:Erythrobacteraceae,g:Erythrobacter,s:Erythrobacter odishensis
ASV949	93.864	440	27	0	1	440	282	721	0.0	664	tax=d:Bacteria,p:Proteobacteria,c:Alphaproteobacteria,o:Sphingomonadales,f:Sphingomonadaceae,g:Sphingopyxis,s:Sphingopyxis italica
ASV949	93.864	440	27	0	1	440	282	721	0.0	664	tax=d:Bacteria,p:Proteobacteria,c:Alphaproteobacteria,o:Sphingomonadales,f:Sphingomonadaceae,g:Novosphingobium,s:Novosphingobium aquiterrae
ASV949	93.864	440	27	0	1	440	282	721	0.0	664	tax=d:Bacteria,p:Proteobacteria,c:Alphaproteobacteria,o:Sphingomonadales,f:Sphingomonadaceae,g:Sphingopyxis,s:Sphingopyxis soli
ASV949	93.864	440	27	0	1	440	282	721	0.0	664	tax=d:Bacteria,p:Proteobacteria,c:Alphaproteobacteria,o:Sphingomonadales,f:Sphingomonadaceae,g:Sphingosinicella,s:Sphingosinicella soli
ASV949	93.878	441	25	2	1	440	281	720	0.0	664	tax=d:Bacteria,p:Proteobacteria,c:Alphaproteobacteria,o:Sphingomonadales,f:Sphingomonadaceae,g:Novosphingobium,s:Novosphingobium capsulatum
ASV949	93.864	440	27	0	1	440	282	721	0.0	664	tax=d:Bacteria,p:Proteobacteria,c:Alphaproteobacteria,o:Sphingomonadales,f:Erythrobacteraceae,g:Altererythrobacter,s:Altererythrobacter atlanticus
ASV949	93.864	440	27	0	1	440	282	721	0.0	664	tax=d:Bacteria,p:Proteobacteria,c:Alphaproteobacteria,o:Sphingomonadales,f:Sphingomonadaceae,g:Sphingopyxis,s:CP009452_s
ASV949	93.864	440	27	0	1	440	282	721	0.0	664	tax=d:Bacteria,p:Proteobacteria,c:Alphaproteobacteria,o:Sphingomonadales,f:Sphingomonadaceae,g:Novosphingobium,s:Novosphingobium aromaticivorans
ASV949	93.864	440	27	0	1	440	282	721	0.0	664	tax=d:Bacteria,p:Proteobacteria,c:Alphaproteobacteria,o:Sphingomonadales,f:Sphingomonadaceae,g:Novosphingobium,s:AM697005_s
ASV949	93.864	440	27	0	1	440	282	721	0.0	664	tax=d:Bacteria,p:Proteobacteria,c:Alphaproteobacteria,o:Sphingomonadales,f:Sphingomonadaceae,g:Sphingomonas,s:Sphingomonas leidyi
ASV949	93.864	440	27	0	1	440	282	721	0.0	664	tax=d:Bacteria,p:Proteobacteria,c:Alphaproteobacteria,o:Sphingomonadales,f:Sphingomonadaceae,g:Sphingopyxis,s:Sphingopyxis taejonensis
ASV949	93.864	440	27	0	1	440	282	721	0.0	664	tax=d:Bacteria,p:Proteobacteria,c:Alphaproteobacteria,o:Sphingomonadales,f:Sphingomonadaceae,g:Sphingorhabdus,s:Sphingorhabdus pacifica
ASV949	93.864	440	27	0	1	440	282	721	0.0	664	tax=d:Bacteria,p:Proteobacteria,c:Alphaproteobacteria,o:Sphingomonadales,f:Sphingomonadaceae,g:Parasphingopyxis,s:Parasphingopyxis lamellibrachiae
ASV949	93.864	440	27	0	1	440	282	721	0.0	664	tax=d:Bacteria,p:Proteobacteria,c:Alphaproteobacteria,o:Sphingomonadales,f:Sphingomonadaceae,g:Sphingosinicella,s:AB245346_s
ASV949	93.636	440	28	0	1	440	282	721	0.0	658	tax=d:Bacteria,p:Proteobacteria,c:Alphaproteobacteria,o:Sphingomonadales,f:Sphingomonadaceae,g:Sphingomonas,s:Sphingomonas ginsenosidimutans
ASV949	93.636	440	28	0	1	440	282	721	0.0	658	tax=d:Bacteria,p:Proteobacteria,c:Alphaproteobacteria,o:Sphingomonadales,f:Sphingomonadaceae,g:Sphingomonas,s:Sphingomonas adhaesiva
ASV949	93.636	440	28	0	1	440	282	721	0.0	658	tax=d:Bacteria,p:Proteobacteria,c:Alphaproteobacteria,o:Sphingomonadales,f:Sphingomonadaceae,g:Sphingopyxis,s:Sphingopyxis witflariensis
ASV949	93.636	440	28	0	1	440	282	721	0.0	658	tax=d:Bacteria,p:Proteobacteria,c:Alphaproteobacteria,o:Sphingomonadales,f:Sphingomonadaceae,g:Sphingopyxis,s:Sphingopyxis nepalensis
ASV949	93.636	440	28	0	1	440	271	710	0.0	658	tax=d:Bacteria,p:Proteobacteria,c:Alphaproteobacteria,o:Sphingomonadales,f:Sphingomonadaceae,g:Novosphingobium,s:Novosphingobium piscinae
ASV949	93.636	440	28	0	1	440	282	721	0.0	658	tax=d:Bacteria,p:Proteobacteria,c:Alphaproteobacteria,o:Sphingomonadales,f:Erythrobacteraceae,g:Erythrobacter,s:Erythrobacter xanthus
ASV949	93.636	440	28	0	1	440	282	721	0.0	658	tax=d:Bacteria,p:Proteobacteria,c:Alphaproteobacteria,o:Sphingomonadales,f:Sphingomonadaceae,g:Sphingomonas,s:Sphingomonas qilianensis
ASV949	93.636	440	28	0	1	440	282	721	0.0	658	tax=d:Bacteria,p:Proteobacteria,c:Alphaproteobacteria,o:Sphingomonadales,f:Sphingomonadaceae,g:Novosphingobium,s:Novosphingobium barchaimii
ASV949	93.636	440	28	0	1	440	282	721	0.0	658	tax=d:Bacteria,p:Proteobacteria,c:Alphaproteobacteria,o:Sphingomonadales,f:Erythrobacteraceae,g:Erythrobacter,s:Erythrobacter lutimaris
ASV949	93.636	440	28	0	1	440	282	721	0.0	658	tax=d:Bacteria,p:Proteobacteria,c:Alphaproteobacteria,o:Sphingomonadales,f:Erythrobacteraceae,g:Erythrobacter,s:Citrimicrobium luteum
ASV949	93.636	440	28	0	1	440	282	721	0.0	658	tax=d:Bacteria,p:Proteobacteria,c:Alphaproteobacteria,o:Sphingomonadales,f:Sphingomonadaceae,g:Sphingomonas,s:Sphingomonas lacus
ASV949	93.636	440	28	0	1	440	282	721	0.0	658	tax=d:Bacteria,p:Proteobacteria,c:Alphaproteobacteria,o:Sphingomonadales,f:Sphingomonadaceae,g:Sphingomonas,s:Sphingomonas naasensis
ASV949	93.636	440	28	0	1	440	282	721	0.0	658	tax=d:Bacteria,p:Proteobacteria,c:Alphaproteobacteria,o:Sphingomonadales,f:Erythrobacteraceae,g:Erythrobacter,s:JMIV_s
ASV949	93.636	440	28	0	1	440	282	721	0.0	658	tax=d:Bacteria,p:Proteobacteria,c:Alphaproteobacteria,o:Sphingomonadales,f:Sphingomonadaceae,g:Novosphingobium,s:Novosphingobium panipatense
ASV949	93.636	440	28	0	1	440	282	721	0.0	658	tax=d:Bacteria,p:Proteobacteria,c:Alphaproteobacteria,o:Sphingomonadales,f:Sphingomonadaceae,g:Novosphingobium,s:Novosphingobium mathurense
ASV949	93.651	441	26	2	1	440	282	721	0.0	658	tax=d:Bacteria,p:Proteobacteria,c:Alphaproteobacteria,o:Sphingomonadales,f:Erythrobacteraceae,g:Altererythrobacter,s:Altererythrobacter ishigakiensis
ASV949	93.636	440	28	0	1	440	282	721	0.0	658	tax=d:Bacteria,p:Proteobacteria,c:Alphaproteobacteria,o:Sphingomonadales,f:Sphingomonadaceae,g:Novosphingobium,s:Sphingobium herbicidovorans
ASV949	93.636	440	28	0	1	440	280	719	0.0	658	tax=d:Bacteria,p:Proteobacteria,c:Alphaproteobacteria,o:Sphingomonadales,f:Erythrobacteraceae,g:Erythrobacter,s:Erythrobacter pelagi
ASV949	93.636	440	28	0	1	440	282	721	0.0	658	tax=d:Bacteria,p:Proteobacteria,c:Alphaproteobacteria,o:Sphingomonadales,f:Sphingomonadaceae,g:Novosphingobium,s:FR856862_s
ASV949	93.636	440	28	0	1	440	282	721	0.0	658	tax=d:Bacteria,p:Proteobacteria,c:Alphaproteobacteria,o:Sphingomonadales,f:Sphingomonadaceae,g:Novosphingobium,s:Novosphingobium soli
ASV949	93.636	440	28	0	1	440	282	721	0.0	658	tax=d:Bacteria,p:Proteobacteria,c:Alphaproteobacteria,o:Sphingomonadales,f:Sphingomonadaceae,g:Sphingomonas,s:EU332828_s
ASV949	93.636	440	28	0	1	440	282	721	0.0	658	tax=d:Bacteria,p:Proteobacteria,c:Alphaproteobacteria,o:Sphingomonadales,f:Sphingomonadaceae,g:Novosphingobium,s:Novosphingobium resinovorum
ASV949	93.636	440	28	0	1	440	282	721	0.0	658	tax=d:Bacteria,p:Proteobacteria,c:Alphaproteobacteria,o:Sphingomonadales,f:Sphingomonadaceae,g:Sphingopyxis,s:DQ088789_s
ASV949	93.636	440	28	0	1	440	282	721	0.0	658	tax=d:Bacteria,p:Proteobacteria,c:Alphaproteobacteria,o:Sphingomonadales,f:Sphingomonadaceae,g:Sphingopyxis,s:Sphingopyxis macrogoltabida
ASV949	93.636	440	28	0	1	440	282	721	0.0	658	tax=d:Bacteria,p:Proteobacteria,c:Alphaproteobacteria,o:Sphingomonadales,f:Sphingomonadaceae,g:Novosphingobium,s:Novosphingobium naphthalenivorans
ASV949	93.636	440	28	0	1	440	282	721	0.0	658	tax=d:Bacteria,p:Proteobacteria,c:Alphaproteobacteria,o:Sphingomonadales,f:Erythrobacteraceae,g:Erythrobacter,s:Erythrobacter gaetbuli
ASV949	93.636	440	28	0	1	440	262	701	0.0	658	tax=d:Bacteria,p:Proteobacteria,c:Alphaproteobacteria,o:Sphingomonadales,f:Sphingomonadaceae,g:Novosphingobium,s:Novosphingobium taihuense
ASV949	93.636	440	28	0	1	440	271	710	0.0	658	tax=d:Bacteria,p:Proteobacteria,c:Alphaproteobacteria,o:Sphingomonadales,f:Sphingomonadaceae,g:Sphingobium,s:Sphingobium aromaticiconvertens
ASV949	93.636	440	28	0	1	440	282	721	0.0	658	tax=d:Bacteria,p:Proteobacteria,c:Alphaproteobacteria,o:Sphingomonadales,f:Sphingomonadaceae,g:Novosphingobium,s:AKFJ_s
ASV949	93.636	440	28	0	1	440	282	721	0.0	658	tax=d:Bacteria,p:Proteobacteria,c:Alphaproteobacteria,o:Sphingomonadales,f:Sphingomonadaceae,g:Novosphingobium,s:Novosphingobium pentaromativorans
ASV949	93.636	440	28	0	1	440	283	722	0.0	658	tax=d:Bacteria,p:Proteobacteria,c:Alphaproteobacteria,o:Sphingomonadales,f:Erythrobacteraceae,g:Erythrobacter,s:Erythrobacter flavus
ASV949	93.636	440	28	0	1	440	282	721	0.0	658	tax=d:Bacteria,p:Proteobacteria,c:Alphaproteobacteria,o:Sphingomonadales,f:Erythrobacteraceae,g:Erythrobacter,s:Erythrobacter citreus
ASV949	93.409	440	29	0	1	440	278	717	0.0	652	tax=d:Bacteria,p:Proteobacteria,c:Alphaproteobacteria,o:Sphingomonadales,f:Erythrobacteraceae,g:Erythrobacter,s:Citromicrobium bathyomarinum
ASV949	93.409	440	29	0	1	440	282	721	0.0	652	tax=d:Bacteria,p:Proteobacteria,c:Alphaproteobacteria,o:Sphingomonadales,f:Sphingomonadaceae,g:Sphingopyxis,s:Sphingopyxis bauzanensis
ASV949	93.409	440	29	0	1	440	286	725	0.0	652	tax=d:Bacteria,p:Proteobacteria,c:Alphaproteobacteria,o:Sphingomonadales,f:Sphingomonadaceae,g:Sphingomonas,s:LMKL_s
ASV949	93.409	440	29	0	1	440	282	721	0.0	652	tax=d:Bacteria,p:Proteobacteria,c:Alphaproteobacteria,o:Sphingomonadales,f:Erythrobacteraceae,g:Erythrobacter,s:Erythrobacter aquimixticola
ASV949	93.409	440	29	0	1	440	270	709	0.0	652	tax=d:Bacteria,p:Proteobacteria,c:Alphaproteobacteria,o:Sphingomonadales,f:Sphingomonadaceae,g:Sphingomonas,s:Sphingomonas antarctica
ASV949	93.409	440	29	0	1	440	282	721	0.0	652	tax=d:Bacteria,p:Proteobacteria,c:Alphaproteobacteria,o:Sphingomonadales,f:Sphingomonadaceae,g:Novosphingobium,s:Novosphingobium clariflavum
ASV949	93.409	440	29	0	1	440	274	713	0.0	652	tax=d:Bacteria,p:Proteobacteria,c:Alphaproteobacteria,o:Sphingomonadales,f:Erythrobacteraceae,g:Erythrobacter,s:Erythrobacter arachoides
ASV949	93.409	440	29	0	1	440	282	721	0.0	652	tax=d:Bacteria,p:Proteobacteria,c:Alphaproteobacteria,o:Sphingomonadales,f:Sphingomonadaceae,g:Novosphingobium,s:Novosphingobium flavum
ASV949	93.409	440	29	0	1	440	282	721	0.0	652	tax=d:Bacteria,p:Proteobacteria,c:Alphaproteobacteria,o:Sphingomonadales,f:Sphingomonadaceae,g:Stakelama,s:Stakelama algicida
ASV949	93.409	440	29	0	1	440	256	695	0.0	652	tax=d:Bacteria,p:Proteobacteria,c:Alphaproteobacteria,o:Sphingomonadales,f:Sphingomonadaceae,g:Sphingomonas,s:Sphingomonas flavus
ASV949	93.409	440	29	0	1	440	282	721	0.0	652	tax=d:Bacteria,p:Proteobacteria,c:Alphaproteobacteria,o:Sphingomonadales,f:Sphingomonadaceae,g:Sphingomicrobium,s:Sphingomicrobium aestuariivivum
ASV949	93.409	440	29	0	1	440	282	721	0.0	652	tax=d:Bacteria,p:Proteobacteria,c:Alphaproteobacteria,o:Sphingomonadales,f:Erythrobacteraceae,g:Altererythrobacter,s:Altererythrobacter xixiisoli
ASV949	93.409	440	29	0	1	440	282	721	0.0	652	tax=d:Bacteria,p:Proteobacteria,c:Alphaproteobacteria,o:Sphingomonadales,f:Sphingomonadaceae,g:Novosphingobium,s:Novosphingobium arabidopsis
ASV949	93.409	440	29	0	1	440	284	723	0.0	652	tax=d:Bacteria,p:Proteobacteria,c:Alphaproteobacteria,o:Sphingomonadales,f:Sphingomonadaceae,g:Sphingomonas,s:Sphingomonas hengshuiensis
ASV949	93.409	440	29	0	1	440	282	721	0.0	652	tax=d:Bacteria,p:Proteobacteria,c:Alphaproteobacteria,o:Sphingomonadales,f:Sphingomonadaceae,g:Sphingomonas,s:Sphingomonas melonis
ASV949	93.409	440	29	0	1	440	282	721	0.0	652	tax=d:Bacteria,p:Proteobacteria,c:Alphaproteobacteria,o:Sphingomonadales,f:Erythrobacteraceae,g:Altererythrobacter,s:JXQC_s
ASV949	93.409	440	29	0	1	440	282	721	0.0	652	tax=d:Bacteria,p:Proteobacteria,c:Alphaproteobacteria,o:Sphingomonadales,f:Sphingomonadaceae,g:Sphingomicrobium,s:Sphingomicrobium astaxanthinifaciens
ASV949	93.409	440	29	0	1	440	282	721	0.0	652	tax=d:Bacteria,p:Proteobacteria,c:Alphaproteobacteria,o:Sphingomonadales,f:Sphingomonadaceae,g:Sphingomicrobium,s:Sphingomicrobium marinum
ASV949	93.409	440	29	0	1	440	282	721	0.0	652	tax=d:Bacteria,p:Proteobacteria,c:Alphaproteobacteria,o:Sphingomonadales,f:Sphingomonadaceae,g:Sphingomonas,s:JQ769942_s
ASV949	93.409	440	29	0	1	440	283	722	0.0	652	tax=d:Bacteria,p:Proteobacteria,c:Alphaproteobacteria,o:Sphingomonadales,f:Sphingomonadaceae,g:Sphingomonas,s:Sphingomonas carotinifaciens
ASV949	93.409	440	29	0	1	440	282	721	0.0	652	tax=d:Bacteria,p:Proteobacteria,c:Alphaproteobacteria,o:Sphingomonadales,f:Sphingomonadaceae,g:Sphingomonas,s:Sphingomonas astaxanthinifaciens
ASV949	93.409	440	29	0	1	440	282	721	0.0	652	tax=d:Bacteria,p:Proteobacteria,c:Alphaproteobacteria,o:Sphingomonadales,f:Sphingomonadaceae,g:Sphingopyxis,s:Sphingopyxis terrae
ASV949	93.409	440	29	0	1	440	282	721	0.0	652	tax=d:Bacteria,p:Proteobacteria,c:Alphaproteobacteria,o:Sphingomonadales,f:Sphingomonadaceae,g:Sphingopyxis,s:Sphingopyxis flava
ASV949	93.409	440	29	0	1	440	282	721	0.0	652	tax=d:Bacteria,p:Proteobacteria,c:Alphaproteobacteria,o:Sphingomonadales,f:Erythrobacteraceae,g:Erythrobacter,s:Erythrobacter nanhaisediminis
ASV949	93.409	440	29	0	1	440	282	721	0.0	652	tax=d:Bacteria,p:Proteobacteria,c:Alphaproteobacteria,o:Sphingomonadales,f:Sphingomonadaceae,g:Sphingosinicella,s:JF236117_s
ASV949	93.409	440	29	0	1	440	284	723	0.0	652	tax=d:Bacteria,p:Proteobacteria,c:Alphaproteobacteria,o:Sphingomonadales,f:Sphingomonadaceae,g:Sphingomonas,s:JF177004_s
ASV949	93.409	440	29	0	1	440	281	720	0.0	652	tax=d:Bacteria,p:Proteobacteria,c:Alphaproteobacteria,o:Sphingomonadales,f:Sphingomonadaceae,g:Sphingomonas,s:Sphingomonas cynarae
ASV949	93.409	440	29	0	1	440	282	721	0.0	652	tax=d:Bacteria,p:Proteobacteria,c:Alphaproteobacteria,o:Sphingomonadales,f:Sphingomonadaceae,g:Sphingorhabdus,s:Sphingorhabdus wooponensis
ASV949	93.409	440	29	0	1	440	282	721	0.0	652	tax=d:Bacteria,p:Proteobacteria,c:Alphaproteobacteria,o:Sphingomonadales,f:Sphingomonadaceae,g:Novosphingobium,s:FPEH_s
ASV949	93.409	440	29	0	1	440	283	722	0.0	652	tax=d:Bacteria,p:Proteobacteria,c:Alphaproteobacteria,o:Sphingomonadales,f:Sphingomonadaceae,g:Sphingomonas,s:FOCF_s
ASV949	93.409	440	29	0	1	440	282	721	0.0	652	tax=d:Bacteria,p:Proteobacteria,c:Alphaproteobacteria,o:Sphingomonadales,f:Sphingomonadaceae,g:Sphingomonas,s:FM211709_s
ASV949	93.409	440	29	0	1	440	282	721	0.0	652	tax=d:Bacteria,p:Proteobacteria,c:Alphaproteobacteria,o:Sphingomonadales,f:Erythrobacteraceae,g:Altererythrobacter,s:Altererythrobacter aestuarii
ASV949	93.409	440	29	0	1	440	282	721	0.0	652	tax=d:Bacteria,p:Proteobacteria,c:Alphaproteobacteria,o:Sphingomonadales,f:Sphingomonadaceae,g:Stakelama,s:Stakelama pacifica
ASV949	93.424	441	27	2	1	440	282	721	0.0	652	tax=d:Bacteria,p:Proteobacteria,c:Alphaproteobacteria,o:Sphingomonadales,f:Erythrobacteraceae,g:Altererythrobacter,s:DQ811848_s
ASV949	93.409	440	29	0	1	440	282	721	0.0	652	tax=d:Bacteria,p:Proteobacteria,c:Alphaproteobacteria,o:Sphingomonadales,f:Sphingomonadaceae,g:Sphingorhabdus,s:Sphingorhabdus litoris
ASV949	93.409	440	29	0	1	440	289	728	0.0	652	tax=d:Bacteria,p:Proteobacteria,c:Alphaproteobacteria,o:Sphingomonadales,f:Sphingomonadaceae,g:Sphingomonas,s:DQ129613_s
ASV949	93.409	440	29	0	1	440	282	721	0.0	652	tax=d:Bacteria,p:Proteobacteria,c:Alphaproteobacteria,o:Sphingomonadales,f:Sphingomonadaceae,g:Novosphingobium,s:DF850493_s
ASV949	93.409	440	29	0	1	440	282	721	0.0	652	tax=d:Bacteria,p:Proteobacteria,c:Alphaproteobacteria,o:Sphingomonadales,f:Sphingomonadaceae,g:Sphingopyxis,s:Sphingopyxis fribergensis
ASV949	93.409	440	29	0	1	440	282	721	0.0	652	tax=d:Bacteria,p:Proteobacteria,c:Alphaproteobacteria,o:Sphingomonadales,f:Sphingomonadaceae,g:Sphingopyxis,s:Sphingopyxis alaskensis
ASV949	93.409	440	29	0	1	440	282	721	0.0	652	tax=d:Bacteria,p:Proteobacteria,c:Alphaproteobacteria,o:Sphingomonadales,f:Sphingomonadaceae,g:Sphingopyxis,s:Sphingopyxis terrae
ASV949	93.409	440	29	0	1	440	282	721	0.0	652	tax=d:Bacteria,p:Proteobacteria,c:Alphaproteobacteria,o:Sphingomonadales,f:Sphingomonadaceae,g:Novosphingobium,s:Novosphingobium lentum
ASV949	93.409	440	29	0	1	440	272	711	0.0	652	tax=d:Bacteria,p:Proteobacteria,c:Alphaproteobacteria,o:Sphingomonadales,f:Erythrobacteraceae,g:Erythrobacter,s:Erythrobacter vulgaris
ASV949	93.409	440	29	0	1	440	282	721	0.0	652	tax=d:Bacteria,p:Proteobacteria,c:Alphaproteobacteria,o:Sphingomonadales,f:Erythrobacteraceae,g:Erythrobacter,s:Erythrobacter seohaensis
ASV949	93.409	440	29	0	1	440	282	721	0.0	652	tax=d:Bacteria,p:Proteobacteria,c:Alphaproteobacteria,o:Sphingomonadales,f:Erythrobacteraceae,g:Erythrobacter,s:Erythrobacter aquimaris
ASV949	93.424	441	27	2	1	440	282	721	0.0	652	tax=d:Bacteria,p:Proteobacteria,c:Alphaproteobacteria,o:Sphingomonadales,f:Sphingomonadaceae,g:Parablastomonas,s:AY212603_s
ASV949	93.409	440	29	0	1	440	282	721	0.0	652	tax=d:Bacteria,p:Proteobacteria,c:Alphaproteobacteria,o:Sphingomonadales,f:Sphingomonadaceae,g:Pacificimonas,s:Pacificimonas flava
ASV949	93.409	440	29	0	1	440	282	721	0.0	652	tax=d:Bacteria,p:Proteobacteria,c:Alphaproteobacteria,o:Sphingomonadales,f:Sphingomonadaceae,g:Sphingopyxis,s:Sphingopyxis chilensis
ASV949	93.409	440	29	0	1	440	282	721	0.0	652	tax=d:Bacteria,p:Proteobacteria,c:Alphaproteobacteria,o:Sphingomonadales,f:Sphingomonadaceae,g:Sphingomonas,s:Sphingomonas aquatilis
ASV949	93.409	440	29	0	1	440	282	721	0.0	652	tax=d:Bacteria,p:Proteobacteria,c:Alphaproteobacteria,o:Sphingomonadales,f:Erythrobacteraceae,g:Erythrobacter,s:AEUE_s
ASV949	93.409	440	29	0	1	440	282	721	0.0	652	tax=d:Bacteria,p:Proteobacteria,c:Alphaproteobacteria,o:Sphingomonadales,f:Sphingomonadaceae,g:Sphingomonas,s:Sphingomonas sediminicola
ASV949	93.243	444	26	4	1	440	264	707	0.0	651	tax=d:Bacteria,p:Proteobacteria,c:Alphaproteobacteria,o:Sphingomonadales,f:Erythrobacteraceae,g:Porphyrobacter,s:JQ428704_s
ASV949	93.409	440	28	1	1	440	264	702	0.0	651	tax=d:Bacteria,p:Proteobacteria,c:Alphaproteobacteria,o:Sphingomonadales,f:Sphingomonadaceae,g:Sphingomonas,s:JQ426858_s
ASV949	93.409	440	28	1	1	440	282	720	0.0	651	tax=d:Bacteria,p:Proteobacteria,c:Alphaproteobacteria,o:Sphingomonadales,f:Sphingomonadaceae,g:Sphingorhabdus,s:AJ620193_s
ASV949	93.213	442	28	2	1	440	282	723	0.0	649	tax=d:Bacteria,p:Proteobacteria,c:Alphaproteobacteria,o:Sphingomonadales,f:Sphingomonadaceae,g:Sphingomonas,s:Sphingomonas carri
ASV949	93.182	440	30	0	1	440	282	721	0.0	647	tax=d:Bacteria,p:Proteobacteria,c:Alphaproteobacteria,o:Sphingomonadales,f:Erythrobacteraceae,g:Qipengyuania,s:PAC001938_s
ASV949	93.182	440	30	0	1	440	283	722	0.0	647	tax=d:Bacteria,p:Proteobacteria,c:Alphaproteobacteria,o:Sphingomonadales,f:Sphingomonadaceae,g:Sphingomonas,s:Sphingomonas dokdonensis
ASV949	93.182	440	30	0	1	440	283	722	0.0	647	tax=d:Bacteria,p:Proteobacteria,c:Alphaproteobacteria,o:Sphingomonadales,f:Sphingomonadaceae,g:Sphingomonas,s:Sphingomonas jeddahensis
ASV949	93.182	440	30	0	1	440	262	701	0.0	647	tax=d:Bacteria,p:Proteobacteria,c:Alphaproteobacteria,o:Sphingomonadales,f:Sphingomonadaceae,g:Novosphingobium,s:Novosphingobium ipomoeae
ASV949	93.182	440	30	0	1	440	282	721	0.0	647	tax=d:Bacteria,p:Proteobacteria,c:Alphaproteobacteria,o:Sphingomonadales,f:Sphingomonadaceae,g:Sphingomonas,s:LMQO_s
ASV949	93.182	440	30	0	1	440	282	721	0.0	647	tax=d:Bacteria,p:Proteobacteria,c:Alphaproteobacteria,o:Sphingomonadales,f:Sphingomonadaceae,g:Sphingomonas,s:LMPM_s
ASV949	93.182	440	30	0	1	440	285	724	0.0	647	tax=d:Bacteria,p:Proteobacteria,c:Alphaproteobacteria,o:Sphingomonadales,f:Sphingomonadaceae,g:Sphingomonas,s:LMPG_s
ASV949	93.182	440	30	0	1	440	278	717	0.0	647	tax=d:Bacteria,p:Proteobacteria,c:Alphaproteobacteria,o:Sphingomonadales,f:Sphingomonadaceae,g:Sphingomonas,s:LMLP_s
ASV949	93.182	440	30	0	1	440	282	721	0.0	647	tax=d:Bacteria,p:Proteobacteria,c:Alphaproteobacteria,o:Sphingomonadales,f:Sphingomonadaceae,g:Sphingomonas,s:LMIV_s
ASV949	93.182	440	30	0	1	440	282	721	0.0	647	tax=d:Bacteria,p:Proteobacteria,c:Alphaproteobacteria,o:Sphingomonadales,f:Sphingomonadaceae,g:Sphingomonas,s:Sphingomonas colocasiae
ASV949	93.182	440	30	0	1	440	293	732	0.0	647	tax=d:Bacteria,p:Proteobacteria,c:Alphaproteobacteria,o:Sphingomonadales,f:Sphingomonadaceae,g:Sphingomonas,s:Sphingomonas psychrolutea
ASV949	93.182	440	30	0	1	440	282	721	0.0	647	tax=d:Bacteria,p:Proteobacteria,c:Alphaproteobacteria,o:Sphingomonadales,f:Sphingomonadaceae,g:Sphingomonas,s:Sphingomonas jaspsi
ASV949	93.197	441	28	2	1	440	282	721	0.0	647	tax=d:Bacteria,p:Proteobacteria,c:Alphaproteobacteria,o:Sphingomonadales,f:Erythrobacteraceae,g:Altererythrobacter,s:Altererythrobacter oceanensis
ASV949	93.182	440	30	0	1	440	282	721	0.0	647	tax=d:Bacteria,p:Proteobacteria,c:Alphaproteobacteria,o:Sphingomonadales,f:Sphingomonadaceae,g:Sphingomonas,s:Sphingomonas gei
ASV949	93.182	440	30	0	1	440	282	721	0.0	647	tax=d:Bacteria,p:Proteobacteria,c:Alphaproteobacteria,o:Sphingomonadales,f:Sphingomonadaceae,g:Sphingomonas,s:Sphingomonas hylomeconis
ASV949	93.182	440	30	0	1	440	243	682	0.0	647	tax=d:Bacteria,p:Proteobacteria,c:Alphaproteobacteria,o:Sphingomonadales,f:Sphingomonadaceae,g:Sphingorhabdus,s:JX949388_s
ASV949	93.197	441	28	2	1	440	282	721	0.0	647	tax=d:Bacteria,p:Proteobacteria,c:Alphaproteobacteria,o:Sphingomonadales,f:Erythrobacteraceae,g:Altererythrobacter,s:JRQQ_s
ASV949	93.182	440	30	0	1	440	282	721	0.0	647	tax=d:Bacteria,p:Proteobacteria,c:Alphaproteobacteria,o:Sphingomonadales,f:Sphingomonadaceae,g:Sphingopyxis,s:JQFJ_s
ASV949	93.182	440	30	0	1	440	282	721	0.0	647	tax=d:Bacteria,p:Proteobacteria,c:Alphaproteobacteria,o:Sphingomonadales,f:Sphingomonadaceae,g:Sphingomonas,s:JOOE_s
ASV949	93.182	440	30	0	1	440	282	721	0.0	647	tax=d:Bacteria,p:Proteobacteria,c:Alphaproteobacteria,o:Sphingomonadales,f:Sphingomonadaceae,g:Sphingomonas,s:Sphingomonas kyungheensis
ASV949	93.182	440	30	0	1	440	283	722	0.0	647	tax=d:Bacteria,p:Proteobacteria,c:Alphaproteobacteria,o:Sphingomonadales,f:Sphingomonadaceae,g:Sphingomonas,s:Sphingomonas rubra
ASV949	93.182	440	30	0	1	440	282	721	0.0	647	tax=d:Bacteria,p:Proteobacteria,c:Alphaproteobacteria,o:Sphingomonadales,f:Sphingomonadaceae,g:Sphingomonas,s:Sphingomonas lutea
ASV949	93.182	440	30	0	1	440	282	721	0.0	647	tax=d:Bacteria,p:Proteobacteria,c:Alphaproteobacteria,o:Sphingomonadales,f:Sphingomonadaceae,g:Sphingomonas,s:JF176737_s
ASV949	93.182	440	30	0	1	440	282	721	0.0	647	tax=d:Bacteria,p:Proteobacteria,c:Alphaproteobacteria,o:Sphingomonadales,f:Sphingomonadaceae,g:Sphingomonas,s:JF139748_s
ASV949	93.182	440	30	0	1	440	277	716	0.0	647	tax=d:Bacteria,p:Proteobacteria,c:Alphaproteobacteria,o:Sphingomonadales,f:Sphingomonadaceae,g:Novosphingobium,s:HM069041_s
ASV949	93.182	440	30	0	1	440	282	721	0.0	647	tax=d:Bacteria,p:Proteobacteria,c:Alphaproteobacteria,o:Sphingomonadales,f:Sphingomonadaceae,g:Sphingomonas,s:GQ396809_s
ASV949	93.182	440	30	0	1	440	282	721	0.0	647	tax=d:Bacteria,p:Proteobacteria,c:Alphaproteobacteria,o:Sphingomonadales,f:Sphingomonadaceae,g:Sphingomonas,s:Sphingomonas glacialis
ASV949	93.182	440	30	0	1	440	282	721	0.0	647	tax=d:Bacteria,p:Proteobacteria,c:Alphaproteobacteria,o:Sphingomonadales,f:Sphingomonadaceae,g:Sphingomonas,s:FNZB_s
ASV949	93.182	440	30	0	1	440	282	721	0.0	647	tax=d:Bacteria,p:Proteobacteria,c:Alphaproteobacteria,o:Sphingomonadales,f:Sphingomonadaceae,g:Sphingomonas,s:Sphingomonas xinjiangensis
ASV949	93.182	440	30	0	1	440	282	721	0.0	647	tax=d:Bacteria,p:Proteobacteria,c:Alphaproteobacteria,o:Sphingomonadales,f:Sphingomonadaceae,g:Sphingomonas,s:Sphingomonas hankookensis
ASV949	93.182	440	30	0	1	440	282	721	0.0	647	tax=d:Bacteria,p:Proteobacteria,c:Alphaproteobacteria,o:Sphingomonadales,f:Sphingomonadaceae,g:Sphingopyxis,s:Sphingopyxis panaciterrulae
ASV949	93.182	440	30	0	1	440	284	723	0.0	647	tax=d:Bacteria,p:Proteobacteria,c:Alphaproteobacteria,o:Sphingomonadales,f:Sphingomonadaceae,g:Sphingomonas,s:Sphingomonas insulae
ASV949	93.182	440	30	0	1	440	282	721	0.0	647	tax=d:Bacteria,p:Proteobacteria,c:Alphaproteobacteria,o:Sphingomonadales,f:Sphingomonadaceae,g:EU580479_g,s:DQ295907_s
ASV949	93.182	440	30	0	1	440	282	721	0.0	647	tax=d:Bacteria,p:Proteobacteria,c:Alphaproteobacteria,o:Sphingomonadales,f:Sphingomonadaceae,g:Rhizorhabdus,s:Rhizorhabdus dicambivorans
ASV949	93.182	440	30	0	1	440	282	721	0.0	647	tax=d:Bacteria,p:Proteobacteria,c:Alphaproteobacteria,o:Sphingomonadales,f:Sphingomonadaceae,g:Sphingomonas,s:CP019511_s
ASV949	93.182	440	30	0	1	440	284	723	0.0	647	tax=d:Bacteria,p:Proteobacteria,c:Alphaproteobacteria,o:Sphingomonadales,f:Sphingomonadaceae,g:Sphingomonas,s:Sphingomonas panacis
ASV949	93.182	440	30	0	1	440	282	721	0.0	647	tax=d:Bacteria,p:Proteobacteria,c:Alphaproteobacteria,o:Sphingomonadales,f:Sphingomonadaceae,g:Sphingomonas,s:Sphingomonas pruni
ASV949	93.182	440	30	0	1	440	282	721	0.0	647	tax=d:Bacteria,p:Proteobacteria,c:Alphaproteobacteria,o:Sphingomonadales,f:Sphingomonadaceae,g:Sphingomonas,s:Sphingomonas mali
ASV949	93.182	440	30	0	1	440	282	721	0.0	647	tax=d:Bacteria,p:Proteobacteria,c:Alphaproteobacteria,o:Sphingomonadales,f:Sphingomonadaceae,g:Sphingomonas,s:Sphingomonas asaccharolytica
ASV949	93.182	440	30	0	1	440	282	721	0.0	647	tax=d:Bacteria,p:Proteobacteria,c:Alphaproteobacteria,o:Sphingomonadales,f:Sphingomonadaceae,g:Sphingomonas,s:Sphingomonas changbaiensis
ASV949	93.182	440	30	0	1	440	282	721	0.0	647	tax=d:Bacteria,p:Proteobacteria,c:Alphaproteobacteria,o:Sphingomonadales,f:Sphingomonadaceae,g:Sphingosinicella,s:Sphingosinicella xenopeptidilytica
ASV949	93.182	440	30	0	1	440	282	721	0.0	647	tax=d:Bacteria,p:Proteobacteria,c:Alphaproteobacteria,o:Sphingomonadales,f:Sphingomonadaceae,g:Sphingomonas,s:Sphingomonas kaistensis
ASV949	93.182	440	30	0	1	440	283	722	0.0	647	tax=d:Bacteria,p:Proteobacteria,c:Alphaproteobacteria,o:Sphingomonadales,f:Sphingomonadaceae,g:Novosphingobium,s:AY212578_s
ASV949	93.182	440	30	0	1	440	282	721	0.0	647	tax=d:Bacteria,p:Proteobacteria,c:Alphaproteobacteria,o:Sphingomonadales,f:Sphingomonadaceae,g:Sphingomonas,s:AM697355_s
ASV949	93.182	440	30	0	1	440	282	721	0.0	647	tax=d:Bacteria,p:Proteobacteria,c:Alphaproteobacteria,o:Sphingomonadales,f:Sphingomonadaceae,g:Sphingomonas,s:ALBQ_s
ASV949	93.182	440	30	0	1	440	282	721	0.0	647	tax=d:Bacteria,p:Proteobacteria,c:Alphaproteobacteria,o:Sphingomonadales,f:Sphingomonadaceae,g:Sphingobium,s:AJVL_s
ASV949	93.182	440	30	0	1	440	275	714	0.0	647	tax=d:Bacteria,p:Proteobacteria,c:Alphaproteobacteria,o:Sphingomonadales,f:Sphingomonadaceae,g:Sphingomonas,s:Sphingomonas panni
ASV949	93.182	440	30	0	1	440	282	721	0.0	647	tax=d:Bacteria,p:Proteobacteria,c:Alphaproteobacteria,o:Sphingomonadales,f:Sphingomonadaceae,g:Sphingopyxis,s:Sphingopyxis panaciterrae
ASV949	93.182	440	30	0	1	440	282	721	0.0	647	tax=d:Bacteria,p:Proteobacteria,c:Alphaproteobacteria,o:Sphingomonadales,f:Sphingomonadaceae,g:Sphingomonas,s:Sphingomonas humi
ASV949	93.182	440	30	0	1	440	282	721	0.0	647	tax=d:Bacteria,p:Proteobacteria,c:Alphaproteobacteria,o:Sphingomonadales,f:Sphingomonadaceae,g:Sphingosinicella,s:Sphingosinicella microcystinivorans
ASV949	93.182	440	30	0	1	440	282	721	0.0	647	tax=d:Bacteria,p:Proteobacteria,c:Alphaproteobacteria,o:Sphingomonadales,f:Sphingomonadaceae,g:Novosphingobium,s:Novosphingobium stygium
ASV949	93.182	440	29	1	1	440	282	720	0.0	645	tax=d:Bacteria,p:Proteobacteria,c:Alphaproteobacteria,o:Sphingomonadales,f:Sphingomonadaceae,g:Sphingomonas,s:Sphingomonas silvisoli
ASV949	93.182	440	28	1	1	440	235	672	0.0	645	tax=d:Bacteria,p:Proteobacteria,c:Alphaproteobacteria,o:Sphingomonadales,f:Sphingomonadaceae,g:Sphingomonas,s:Sphingomonas aestuarii
ASV949	92.955	440	31	0	1	440	282	721	0.0	641	tax=d:Bacteria,p:Proteobacteria,c:Alphaproteobacteria,o:Sphingomonadales,f:Sphingomonadaceae,g:Sphingomonas,s:Sphingomonas trueperi
ASV949	92.955	440	31	0	1	440	282	721	0.0	641	tax=d:Bacteria,p:Proteobacteria,c:Alphaproteobacteria,o:Sphingomonadales,f:Sphingomonadaceae,g:Sphingomonas,s:Sphingomonas spermidinifaciens
ASV949	92.955	440	31	0	1	440	282	721	0.0	641	tax=d:Bacteria,p:Proteobacteria,c:Alphaproteobacteria,o:Sphingomonadales,f:Sphingomonadaceae,g:Sphingomonas,s:Sphingomonas mucosissima
ASV949	92.955	440	31	0	1	440	282	721	0.0	641	tax=d:Bacteria,p:Proteobacteria,c:Alphaproteobacteria,o:Sphingomonadales,f:Sphingomonadaceae,g:Sphingomonas,s:LMQP_s
ASV949	92.955	440	31	0	1	440	282	721	0.0	641	tax=d:Bacteria,p:Proteobacteria,c:Alphaproteobacteria,o:Sphingomonadales,f:Erythrobacteraceae,g:Erythrobacter,s:Erythrobacter luteus
ASV949	92.986	442	27	4	1	440	282	721	0.0	641	tax=d:Bacteria,p:Proteobacteria,c:Alphaproteobacteria,o:Sphingomonadales,f:Erythrobacteraceae,g:Altererythrobacter,s:Altererythrobacter aquiaggeris
ASV949	92.955	440	31	0	1	440	282	721	0.0	641	tax=d:Bacteria,p:Proteobacteria,c:Alphaproteobacteria,o:Sphingomonadales,f:Sphingomonadaceae,g:Sphingomonas,s:Sphingomonas olei
ASV949	92.955	440	31	0	1	440	282	721	0.0	641	tax=d:Bacteria,p:Proteobacteria,c:Alphaproteobacteria,o:Sphingomonadales,f:Sphingomonadaceae,g:Sphingomonas,s:Sphingomonas metalli
ASV949	92.955	440	31	0	1	440	282	721	0.0	641	tax=d:Bacteria,p:Proteobacteria,c:Alphaproteobacteria,o:Sphingomonadales,f:Sphingomonadaceae,g:Sphingomonas,s:Sphingomonas vulcanisoli
ASV949	92.955	440	31	0	1	440	293	732	0.0	641	tax=d:Bacteria,p:Proteobacteria,c:Alphaproteobacteria,o:Sphingomonadales,f:Sphingomonadaceae,g:Sphingomonas,s:Sphingomonas panaciterrae
ASV949	92.955	440	31	0	1	440	264	703	0.0	641	tax=d:Bacteria,p:Proteobacteria,c:Alphaproteobacteria,o:Sphingomonadales,f:Sphingomonadaceae,g:Parablastomonas,s:Parablastomonas arctica
ASV949	92.971	441	30	1	1	440	264	704	0.0	641	tax=d:Bacteria,p:Proteobacteria,c:Alphaproteobacteria,o:Sphingomonadales,f:Erythrobacteraceae,g:Porphyrobacter,s:JQ427438_s
ASV949	92.955	440	31	0	1	440	282	721	0.0	641	tax=d:Bacteria,p:Proteobacteria,c:Alphaproteobacteria,o:Sphingomonadales,f:Sphingomonadaceae,g:Sphingomonas,s:Sphingomonas starnbergensis
ASV949	92.955	440	31	0	1	440	282	721	0.0	641	tax=d:Bacteria,p:Proteobacteria,c:Alphaproteobacteria,o:Sphingomonadales,f:Sphingomonadaceae,g:Sphingomonas,s:JIAU_s
ASV949	92.955	440	31	0	1	440	282	721	0.0	641	tax=d:Bacteria,p:Proteobacteria,c:Alphaproteobacteria,o:Sphingomonadales,f:Sphingomonadaceae,g:Sphingomonas,s:Sphingomonas echinoides
ASV949	92.955	440	31	0	1	440	282	721	0.0	641	tax=d:Bacteria,p:Proteobacteria,c:Alphaproteobacteria,o:Sphingomonadales,f:Sphingomonadaceae,g:Sphingomonas,s:JF459933_s
ASV949	92.955	440	31	0	1	440	282	721	0.0	641	tax=d:Bacteria,p:Proteobacteria,c:Alphaproteobacteria,o:Sphingomonadales,f:Sphingomonadaceae,g:Sphingomonas,s:Sphingomonas swuensis
ASV949	92.955	440	31	0	1	440	282	721	0.0	641	tax=d:Bacteria,p:Proteobacteria,c:Alphaproteobacteria,o:Sphingomonadales,f:Sphingomonadaceae,g:Sphingomonas,s:Sphingomonas limnosediminicola
ASV949	92.955	440	31	0	1	440	284	723	0.0	641	tax=d:Bacteria,p:Proteobacteria,c:Alphaproteobacteria,o:Sphingomonadales,f:Sphingomonadaceae,g:Sphingomonas,s:Sphingomonas ginsenosidivorax
ASV949	92.955	440	31	0	1	440	254	693	0.0	641	tax=d:Bacteria,p:Proteobacteria,c:Alphaproteobacteria,o:Sphingomonadales,f:Sphingomonadaceae,g:Sphingorhabdus,s:Sphingorhabdus contaminans
ASV949	92.955	440	31	0	1	440	282	721	0.0	641	tax=d:Bacteria,p:Proteobacteria,c:Alphaproteobacteria,o:Sphingomonadales,f:Sphingomonadaceae,g:Sphingomonas,s:Sphingomonas alpina
ASV949	92.955	440	31	0	1	440	256	695	0.0	641	tax=d:Bacteria,p:Proteobacteria,c:Alphaproteobacteria,o:Sphingomonadales,f:Sphingomonadaceae,g:Sphingomonas,s:FN421904_s
ASV949	92.955	440	31	0	1	440	282	721	0.0	641	tax=d:Bacteria,p:Proteobacteria,c:Alphaproteobacteria,o:Sphingomonadales,f:Sphingomonadaceae,g:Sphingomonas,s:FM875685_s
ASV949	92.955	440	31	0	1	440	278	717	0.0	641	tax=d:Bacteria,p:Proteobacteria,c:Alphaproteobacteria,o:Sphingomonadales,f:Sphingomonadaceae,g:Sphingomonas,s:Sphingomonas hunanensis
ASV949	92.955	440	31	0	1	440	262	701	0.0	641	tax=d:Bacteria,p:Proteobacteria,c:Alphaproteobacteria,o:Sphingomonadales,f:Sphingomonadaceae,g:Sphingosinicella,s:Sphingosinicella vermicomposti
ASV949	92.955	440	31	0	1	440	282	721	0.0	641	tax=d:Bacteria,p:Proteobacteria,c:Alphaproteobacteria,o:Sphingomonadales,f:Sphingomonadaceae,g:Sphingomonas,s:EU423301_s
ASV949	92.986	442	27	4	1	440	282	721	0.0	641	tax=d:Bacteria,p:Proteobacteria,c:Alphaproteobacteria,o:Sphingomonadales,f:Erythrobacteraceae,g:Erythrobacter,s:Erythrobacter jejuensis
ASV949	92.986	442	27	4	1	440	240	679	0.0	641	tax=d:Bacteria,p:Proteobacteria,c:Alphaproteobacteria,o:Sphingomonadales,f:Erythrobacteraceae,g:Altererythrobacter,s:Altererythrobacter indicus
ASV949	92.955	440	31	0	1	440	282	721	0.0	641	tax=d:Bacteria,p:Proteobacteria,c:Alphaproteobacteria,o:Sphingomonadales,f:Sphingomonadaceae,g:Sphingorhabdus,s:CP018154_s
ASV949	92.955	440	31	0	1	440	282	721	0.0	641	tax=d:Bacteria,p:Proteobacteria,c:Alphaproteobacteria,o:Sphingomonadales,f:Sphingomonadaceae,g:Sphingomonas,s:Sphingomonas koreensis
ASV949	92.955	440	31	0	1	440	282	721	0.0	641	tax=d:Bacteria,p:Proteobacteria,c:Alphaproteobacteria,o:Sphingomonadales,f:Sphingomonadaceae,g:Sphingopyxis,s:Sphingopyxis granuli
ASV949	92.955	440	31	0	1	440	284	723	0.0	641	tax=d:Bacteria,p:Proteobacteria,c:Alphaproteobacteria,o:Sphingomonadales,f:Sphingomonadaceae,g:Sphingomonas,s:Sphingomonas azotifigens
ASV949	92.955	440	31	0	1	440	281	720	0.0	641	tax=d:Bacteria,p:Proteobacteria,c:Alphaproteobacteria,o:Sphingomonadales,f:Sphingomonadaceae,g:Sphingomonas,s:Sphingomonas yunnanensis
ASV949	92.955	440	31	0	1	440	282	721	0.0	641	tax=d:Bacteria,p:Proteobacteria,c:Alphaproteobacteria,o:Sphingomonadales,f:Erythrobacteraceae,g:Altererythrobacter,s:Altererythrobacter luteolus
ASV949	92.955	440	31	0	1	440	282	721	0.0	641	tax=d:Bacteria,p:Proteobacteria,c:Alphaproteobacteria,o:Sphingomonadales,f:Sphingomonadaceae,g:Sphingomonas,s:Sphingomonas aerolata
ASV949	92.955	440	31	0	1	440	282	721	0.0	641	tax=d:Bacteria,p:Proteobacteria,c:Alphaproteobacteria,o:Sphingomonadales,f:Sphingomonadaceae,g:Sphingomonas,s:Sphingomonas faeni
ASV949	92.955	440	31	0	1	440	282	721	0.0	641	tax=d:Bacteria,p:Proteobacteria,c:Alphaproteobacteria,o:Sphingomonadales,f:Sphingomonadaceae,g:Sphingomonas,s:Sphingomonas aurantiaca
ASV949	92.955	440	31	0	1	440	284	723	0.0	641	tax=d:Bacteria,p:Proteobacteria,c:Alphaproteobacteria,o:Sphingomonadales,f:Sphingomonadaceae,g:Sphingomonas,s:Sphingomonas pituitosa
ASV949	92.955	440	31	0	1	440	282	721	0.0	641	tax=d:Bacteria,p:Proteobacteria,c:Alphaproteobacteria,o:Sphingomonadales,f:Sphingomonadaceae,g:Sphingopyxis,s:Sphingopyxis ginsengisoli
ASV949	92.955	440	31	0	1	440	282	721	0.0	641	tax=d:Bacteria,p:Proteobacteria,c:Alphaproteobacteria,o:Sphingomonadales,f:Sphingomonadaceae,g:Sphingomonas,s:Sphingomonas rosea
ASV949	92.955	440	31	0	1	440	282	721	0.0	641	tax=d:Bacteria,p:Proteobacteria,c:Alphaproteobacteria,o:Sphingomonadales,f:Sphingomonadaceae,g:Sphingomonas,s:Sphingomonas oligophenolica
ASV949	92.955	440	31	0	1	440	282	721	0.0	641	tax=d:Bacteria,p:Proteobacteria,c:Alphaproteobacteria,o:Sphingomonadales,f:Erythrobacteraceae,g:Erythrobacter,s:AAMW_s
ASV949	92.809	445	26	6	1	440	282	725	0.0	640	tax=d:Bacteria,p:Proteobacteria,c:Alphaproteobacteria,o:Sphingomonadales,f:Sphingomonadaceae,g:Sphingomonas,s:JN177917_s
ASV949	92.727	440	32	0	1	440	280	719	0.0	638	tax=d:Bacteria,p:Proteobacteria,c:Alphaproteobacteria,o:Sphingomonadales,f:Sphingomonadaceae,g:Sphingomonas,s:Sphingomonas abaci
ASV949	92.727	440	32	0	1	440	282	721	0.0	636	tax=d:Bacteria,p:Proteobacteria,c:Alphaproteobacteria,o:Sphingomonadales,f:Sphingomonadaceae,g:Pacificimonas,s:Pacificimonas aurantium
ASV949	92.744	441	30	2	1	440	282	721	0.0	636	tax=d:Bacteria,p:Proteobacteria,c:Alphaproteobacteria,o:Sphingomonadales,f:Erythrobacteraceae,g:Erythrobacter,s:LZRP_s
ASV949	92.727	440	32	0	1	440	282	721	0.0	636	tax=d:Bacteria,p:Proteobacteria,c:Alphaproteobacteria,o:Sphingomonadales,f:Sphingomonadaceae,g:Sphingomonas,s:LMLS_s
ASV949	92.727	440	32	0	1	440	282	721	0.0	636	tax=d:Bacteria,p:Proteobacteria,c:Alphaproteobacteria,o:Sphingomonadales,f:Sphingomonadaceae,g:Sphingomonas,s:LMID_s
ASV949	92.727	440	32	0	1	440	282	721	0.0	636	tax=d:Bacteria,p:Proteobacteria,c:Alphaproteobacteria,o:Sphingomonadales,f:Sphingomonadaceae,g:Sphingomonas,s:LARW_s
ASV949	92.727	440	32	0	1	440	282	721	0.0	636	tax=d:Bacteria,p:Proteobacteria,c:Alphaproteobacteria,o:Sphingomonadales,f:Sphingomonadaceae,g:Sphingomonas,s:Sphingomonas frigidaeris
ASV949	92.744	441	30	2	1	440	282	721	0.0	636	tax=d:Bacteria,p:Proteobacteria,c:Alphaproteobacteria,o:Sphingomonadales,f:Erythrobacteraceae,g:Altererythrobacter,s:Altererythrobacter confluentis
ASV949	92.727	440	32	0	1	440	282	721	0.0	636	tax=d:Bacteria,p:Proteobacteria,c:Alphaproteobacteria,o:Sphingomonadales,f:Sphingomonadaceae,g:Sphingobium,s:Sphingomonas faucium
ASV949	92.727	440	32	0	1	440	282	721	0.0	636	tax=d:Bacteria,p:Proteobacteria,c:Alphaproteobacteria,o:Sphingomonadales,f:Sphingomonadaceae,g:Novosphingobium,s:Novosphingobium fuchskuhlense
ASV949	92.727	440	32	0	1	440	282	721	0.0	636	tax=d:Bacteria,p:Proteobacteria,c:Alphaproteobacteria,o:Sphingomonadales,f:Sphingomonadaceae,g:Novosphingobium,s:Novosphingobium tardum
ASV949	92.727	440	32	0	1	440	292	731	0.0	636	tax=d:Bacteria,p:Proteobacteria,c:Alphaproteobacteria,o:Sphingomonadales,f:Sphingomonadaceae,g:Sphingorhabdus,s:Sphingorhabdus arenilitoris
ASV949	92.727	440	32	0	1	440	284	723	0.0	636	tax=d:Bacteria,p:Proteobacteria,c:Alphaproteobacteria,o:Sphingomonadales,f:Sphingomonadaceae,g:Sphingomonas,s:JROH_s
ASV949	92.727	440	32	0	1	440	264	703	0.0	636	tax=d:Bacteria,p:Proteobacteria,c:Alphaproteobacteria,o:Sphingomonadales,f:Erythrobacteraceae,g:Porphyrobacter,s:JQ426597_s
ASV949	92.727	440	32	0	1	440	282	721	0.0	636	tax=d:Bacteria,p:Proteobacteria,c:Alphaproteobacteria,o:Sphingomonadales,f:Sphingomonadaceae,g:Sphingomonas,s:Sphingomonas histidinilytica
ASV949	92.727	440	32	0	1	440	282	721	0.0	636	tax=d:Bacteria,p:Proteobacteria,c:Alphaproteobacteria,o:Sphingomonadales,f:Sphingomonadaceae,g:Sphingomonas,s:Sphingomonas jatrophae
ASV949	92.727	440	32	0	1	440	282	721	0.0	636	tax=d:Bacteria,p:Proteobacteria,c:Alphaproteobacteria,o:Sphingomonadales,f:Sphingomonadaceae,g:Sphingomonas,s:jgi.1071260_s
ASV949	92.727	440	32	0	1	440	282	721	0.0	636	tax=d:Bacteria,p:Proteobacteria,c:Alphaproteobacteria,o:Sphingomonadales,f:Sphingomonadaceae,g:Sphingomonas,s:JF703483_s
ASV949	92.727	440	32	0	1	440	281	720	0.0	636	tax=d:Bacteria,p:Proteobacteria,c:Alphaproteobacteria,o:Sphingomonadales,f:Sphingomonadaceae,g:Sphingomonas,s:Sphingomonas fonticola
ASV949	92.727	440	32	0	1	440	282	721	0.0	636	tax=d:Bacteria,p:Proteobacteria,c:Alphaproteobacteria,o:Sphingomonadales,f:Sphingomonadaceae,g:Sandaracinobacter,s:FR749805_s
ASV949	92.727	440	32	0	1	440	282	721	0.0	636	tax=d:Bacteria,p:Proteobacteria,c:Alphaproteobacteria,o:Sphingomonadales,f:Sphingomonadaceae,g:Hephaestia,s:Hephaestia caeni
ASV949	92.727	440	32	0	1	440	272	711	0.0	636	tax=d:Bacteria,p:Proteobacteria,c:Alphaproteobacteria,o:Sphingomonadales,f:Sphingomonadaceae,g:Novosphingobium,s:Novosphingobium sediminis
ASV949	92.727	440	32	0	1	440	282	721	0.0	636	tax=d:Bacteria,p:Proteobacteria,c:Alphaproteobacteria,o:Sphingomonadales,f:Erythrobacteraceae,g:Altererythrobacter,s:EU488078_s
ASV949	92.727	440	32	0	1	440	264	703	0.0	636	tax=d:Bacteria,p:Proteobacteria,c:Alphaproteobacteria,o:Sphingomonadales,f:Sphingomonadaceae,g:Sphingomonas,s:EU440723_s
ASV949	92.727	440	32	0	1	440	264	703	0.0	636	tax=d:Bacteria,p:Proteobacteria,c:Alphaproteobacteria,o:Sphingomonadales,f:Sphingomonadaceae,g:Sphingomonas,s:EU440718_s
ASV949	92.744	441	31	1	1	440	282	722	0.0	636	tax=d:Bacteria,p:Proteobacteria,c:Alphaproteobacteria,o:Sphingomonadales,f:Sphingomonadaceae,g:Stakelama,s:Stakelama sediminis
ASV949	92.727	440	32	0	1	440	284	723	0.0	636	tax=d:Bacteria,p:Proteobacteria,c:Alphaproteobacteria,o:Sphingomonadales,f:Sphingomonadaceae,g:Sphingomonas,s:ATTI_s
ASV949	92.727	440	32	0	1	440	282	721	0.0	636	tax=d:Bacteria,p:Proteobacteria,c:Alphaproteobacteria,o:Sphingomonadales,f:Sphingomonadaceae,g:Sphingomonas,s:AORY_s
ASV949	92.727	440	32	0	1	440	282	721	0.0	636	tax=d:Bacteria,p:Proteobacteria,c:Alphaproteobacteria,o:Sphingomonadales,f:Sphingomonadaceae,g:Sphingomonas,s:Sphingomonas desiccabilis
ASV949	92.727	440	32	0	1	440	282	721	0.0	636	tax=d:Bacteria,p:Proteobacteria,c:Alphaproteobacteria,o:Sphingomonadales,f:Sphingomonadaceae,g:Sphingomonas,s:Sphingomonas japonica
ASV949	92.727	440	31	1	1	440	264	702	0.0	634	tax=d:Bacteria,p:Proteobacteria,c:Alphaproteobacteria,o:Sphingomonadales,f:Sphingomonadaceae,g:Sphingomonas,s:HM447693_s
ASV949	92.500	440	33	0	1	440	282	721	4.75e-180	630	tax=d:Bacteria,p:Proteobacteria,c:Alphaproteobacteria,o:Sphingomonadales,f:Erythrobacteraceae,g:Croceicoccus,s:Croceicoccus mobilis
ASV949	92.551	443	27	5	1	440	282	721	4.75e-180	630	tax=d:Bacteria,p:Proteobacteria,c:Alphaproteobacteria,o:Sphingomonadales,f:Erythrobacteraceae,g:Croceicoccus,s:Croceicoccus pelagius
ASV949	92.500	440	33	0	1	440	282	721	4.75e-180	630	tax=d:Bacteria,p:Proteobacteria,c:Alphaproteobacteria,o:Sphingomonadales,f:Erythrobacteraceae,g:Croceicoccus,s:Croceicoccus marinus
ASV949	92.500	440	33	0	1	440	282	721	4.75e-180	630	tax=d:Bacteria,p:Proteobacteria,c:Alphaproteobacteria,o:Sphingomonadales,f:Erythrobacteraceae,g:Erythrobacter,s:LMAF_s
ASV949	92.500	440	33	0	1	440	282	721	4.75e-180	630	tax=d:Bacteria,p:Proteobacteria,c:Alphaproteobacteria,o:Sphingomonadales,f:Sphingomonadaceae,g:Sphingomonas,s:Sphingomonas naphthae
ASV949	92.500	440	33	0	1	440	284	723	4.75e-180	630	tax=d:Bacteria,p:Proteobacteria,c:Alphaproteobacteria,o:Sphingomonadales,f:Sphingomonadaceae,g:Sphingomonas,s:Sphingomonas zeae
ASV949	92.500	440	33	0	1	440	282	721	4.75e-180	630	tax=d:Bacteria,p:Proteobacteria,c:Alphaproteobacteria,o:Sphingomonadales,f:Erythrobacteraceae,g:Altererythrobacter,s:Altererythrobacter sediminis
ASV949	92.500	440	33	0	1	440	284	723	4.75e-180	630	tax=d:Bacteria,p:Proteobacteria,c:Alphaproteobacteria,o:Sphingomonadales,f:Sphingomonadaceae,g:Sphingomonas,s:Sphingomonas aeria
ASV949	92.500	440	33	0	1	440	282	721	4.75e-180	630	tax=d:Bacteria,p:Proteobacteria,c:Alphaproteobacteria,o:Sphingomonadales,f:Sphingomonadaceae,g:Rhizorhabdus,s:Rhizorhabdus argentea
ASV949	92.500	440	33	0	1	440	282	721	4.75e-180	630	tax=d:Bacteria,p:Proteobacteria,c:Alphaproteobacteria,o:Sphingomonadales,f:Sphingomonadaceae,g:Sphingomonas,s:Sphingomonas phyllosphaerae
ASV949	92.500	440	33	0	1	440	282	721	4.75e-180	630	tax=d:Bacteria,p:Proteobacteria,c:Alphaproteobacteria,o:Sphingomonadales,f:Sphingomonadaceae,g:Sphingomonas,s:Sphingomonas yantingensis
ASV949	92.500	440	33	0	1	440	282	721	4.75e-180	630	tax=d:Bacteria,p:Proteobacteria,c:Alphaproteobacteria,o:Sphingomonadales,f:Sphingomonadaceae,g:Sphingomonas,s:JF221650_s
ASV949	92.500	440	33	0	1	440	247	686	4.75e-180	630	tax=d:Bacteria,p:Proteobacteria,c:Alphaproteobacteria,o:Sphingomonadales,f:Sphingomonadaceae,g:Sphingomonas,s:Sphingomonas endophytica
ASV949	92.517	441	31	2	1	440	255	694	4.75e-180	630	tax=d:Bacteria,p:Proteobacteria,c:Alphaproteobacteria,o:Sphingomonadales,f:Sphingomonadaceae,g:Pacificimonas,s:HM100719_s
ASV949	92.500	440	33	0	1	440	282	721	4.75e-180	630	tax=d:Bacteria,p:Proteobacteria,c:Alphaproteobacteria,o:Sphingomonadales,f:Sphingomonadaceae,g:Sphingomonas,s:Sphingomonas canadensis
ASV949	92.500	440	33	0	1	440	281	720	4.75e-180	630	tax=d:Bacteria,p:Proteobacteria,c:Alphaproteobacteria,o:Sphingomonadales,f:Sphingomonadaceae,g:Sphingomonas,s:FJ849118_s
ASV949	92.500	440	33	0	1	440	282	721	4.75e-180	630	tax=d:Bacteria,p:Proteobacteria,c:Alphaproteobacteria,o:Sphingomonadales,f:Sphingomonadaceae,g:EU580479_g,s:EU937899_s
ASV949	92.500	440	33	0	1	440	256	695	4.75e-180	630	tax=d:Bacteria,p:Proteobacteria,c:Alphaproteobacteria,o:Sphingomonadales,f:Sphingomonadaceae,g:Sphingomonas,s:Sphingomonas jinjuensis
ASV949	92.500	440	33	0	1	440	282	721	4.75e-180	630	tax=d:Bacteria,p:Proteobacteria,c:Alphaproteobacteria,o:Sphingomonadales,f:Sphingomonadaceae,g:Sphingomonas,s:Sphingomonas wittichii
ASV949	92.500	440	33	0	1	440	284	723	4.75e-180	630	tax=d:Bacteria,p:Proteobacteria,c:Alphaproteobacteria,o:Sphingomonadales,f:Sphingomonadaceae,g:Sphingomonas,s:Sphingomonas parapaucimobilis
ASV949	92.517	441	31	2	1	440	282	721	4.75e-180	630	tax=d:Bacteria,p:Proteobacteria,c:Alphaproteobacteria,o:Sphingomonadales,f:Sphingomonadaceae,g:Sphingomonas,s:AB299584_s
ASV949	92.500	440	33	0	1	440	273	712	4.75e-180	630	tax=d:Bacteria,p:Proteobacteria,c:Alphaproteobacteria,o:Sphingomonadales,f:Sphingomonadaceae,g:Sphingomonas,s:Sphingomonas molluscorum
ASV949	92.500	440	33	0	1	440	282	721	4.75e-180	630	tax=d:Bacteria,p:Proteobacteria,c:Alphaproteobacteria,o:Sphingomonadales,f:Sphingomonadaceae,g:Sphingomonas,s:Sphingomonas ginsengisoli
ASV949	92.273	440	34	0	1	440	284	723	2.21e-178	625	tax=d:Bacteria,p:Proteobacteria,c:Alphaproteobacteria,o:Sphingomonadales,f:Sphingomonadaceae,g:Sphingomonas,s:Sphingomonas guangdongensis
ASV949	92.273	440	34	0	1	440	270	709	2.21e-178	625	tax=d:Bacteria,p:Proteobacteria,c:Alphaproteobacteria,o:Sphingomonadales,f:Sphingomonadaceae,g:Sphingomonas,s:Sphingomonas piscinae
ASV949	92.290	441	32	2	1	440	282	721	2.21e-178	625	tax=d:Bacteria,p:Proteobacteria,c:Alphaproteobacteria,o:Sphingomonadales,f:Erythrobacteraceae,g:Erythrobacter,s:Erythrobacter gangjinensis
ASV949	92.273	440	34	0	1	440	282	721	2.21e-178	625	tax=d:Bacteria,p:Proteobacteria,c:Alphaproteobacteria,o:Sphingomonadales,f:Sphingomonadaceae,g:Sphingomonas,s:Sphingomonas agri
ASV949	92.273	440	34	0	1	440	282	721	2.21e-178	625	tax=d:Bacteria,p:Proteobacteria,c:Alphaproteobacteria,o:Sphingomonadales,f:Sphingomonadaceae,g:Sphingomonas,s:Sphingomonas palustris
ASV949	92.290	441	32	2	1	440	282	721	2.21e-178	625	tax=d:Bacteria,p:Proteobacteria,c:Alphaproteobacteria,o:Sphingomonadales,f:Sphingomonadaceae,g:Sphingomonas,s:Sphingomonas morindae
ASV949	92.273	440	34	0	1	440	282	721	2.21e-178	625	tax=d:Bacteria,p:Proteobacteria,c:Alphaproteobacteria,o:Sphingomonadales,f:Erythrobacteraceae,g:Altererythrobacter,s:Altererythrobacter buctensis
ASV949	92.290	441	32	2	1	440	284	723	2.21e-178	625	tax=d:Bacteria,p:Proteobacteria,c:Alphaproteobacteria,o:Sphingomonadales,f:Sphingomonadaceae,g:Sphingomonas,s:Sphingomonas aerophila
ASV949	92.273	440	34	0	1	440	264	703	2.21e-178	625	tax=d:Bacteria,p:Proteobacteria,c:Alphaproteobacteria,o:Sphingomonadales,f:Sphingomonadaceae,g:Sphingomonas,s:JQ428017_s
ASV949	92.273	440	34	0	1	440	282	721	2.21e-178	625	tax=d:Bacteria,p:Proteobacteria,c:Alphaproteobacteria,o:Sphingomonadales,f:Sphingomonadaceae,g:Sphingorhabdus,s:Sphingorhabdus planktonica
ASV949	92.273	440	34	0	1	440	282	721	2.21e-178	625	tax=d:Bacteria,p:Proteobacteria,c:Alphaproteobacteria,o:Sphingomonadales,f:Sphingomonadaceae,g:Sphingomonas,s:JF309146_s
ASV949	92.273	440	34	0	1	440	282	721	2.21e-178	625	tax=d:Bacteria,p:Proteobacteria,c:Alphaproteobacteria,o:Sphingomonadales,f:Sphingomonadaceae,g:Sphingomonas,s:JF227203_s
ASV949	92.273	440	34	0	1	440	282	721	2.21e-178	625	tax=d:Bacteria,p:Proteobacteria,c:Alphaproteobacteria,o:Sphingomonadales,f:Erythrobacteraceae,g:Altererythrobacter,s:JF128290_s
ASV949	92.273	440	34	0	1	440	282	721	2.21e-178	625	tax=d:Bacteria,p:Proteobacteria,c:Alphaproteobacteria,o:Sphingomonadales,f:Sphingomonadaceae,g:Sphingorhabdus,s:Sphingorhabdus rigui
ASV949	92.290	441	33	1	1	440	247	687	2.21e-178	625	tax=d:Bacteria,p:Proteobacteria,c:Alphaproteobacteria,o:Sphingomonadales,f:Erythrobacteraceae,g:Altererythrobacter,s:HQ219287_s
ASV949	92.290	441	33	1	1	440	264	704	2.21e-178	625	tax=d:Bacteria,p:Proteobacteria,c:Alphaproteobacteria,o:Sphingomonadales,f:Sphingomonadaceae,g:Sphingomonas,s:HM438350_s
ASV949	92.273	440	34	0	1	440	282	721	2.21e-178	625	tax=d:Bacteria,p:Proteobacteria,c:Alphaproteobacteria,o:Sphingomonadales,f:Sphingomonadaceae,g:Sphingomonas,s:GU179687_s
ASV949	92.045	440	34	1	1	440	282	720	2.21e-178	625	tax=d:Bacteria,p:Proteobacteria,c:Alphaproteobacteria,o:Sphingomonadales,f:Sphingomonadaceae,g:Sphingomonas,s:FJ191452_s
ASV949	92.273	440	34	0	1	440	256	695	2.21e-178	625	tax=d:Bacteria,p:Proteobacteria,c:Alphaproteobacteria,o:Sphingomonadales,f:Sphingomonadaceae,g:Sphingomonas,s:Sphingomonas oryziterrae
ASV949	92.273	440	34	0	1	440	264	703	2.21e-178	625	tax=d:Bacteria,p:Proteobacteria,c:Alphaproteobacteria,o:Sphingomonadales,f:Erythrobacteraceae,g:Altererythrobacter,s:EU276570_s
ASV949	92.273	440	34	0	1	440	282	721	2.21e-178	625	tax=d:Bacteria,p:Proteobacteria,c:Alphaproteobacteria,o:Sphingomonadales,f:Sphingomonadaceae,g:Sphingomonas,s:DQ129620_s
ASV949	92.290	441	32	2	1	440	282	721	2.21e-178	625	tax=d:Bacteria,p:Proteobacteria,c:Alphaproteobacteria,o:Sphingomonadales,f:Erythrobacteraceae,g:Altererythrobacter,s:Altererythrobacter namhicola
ASV949	92.273	440	34	0	1	440	282	721	2.21e-178	625	tax=d:Bacteria,p:Proteobacteria,c:Alphaproteobacteria,o:Sphingomonadales,f:Sphingomonadaceae,g:Sphingomonas,s:Sphingomonas sanxanigenens
ASV949	92.273	440	34	0	1	440	282	721	2.21e-178	625	tax=d:Bacteria,p:Proteobacteria,c:Alphaproteobacteria,o:Sphingomonadales,f:Sphingomonadaceae,g:Sphingomonas,s:Sphingomonas soli
ASV949	92.273	440	34	0	1	440	282	721	2.21e-178	625	tax=d:Bacteria,p:Proteobacteria,c:Alphaproteobacteria,o:Sphingomonadales,f:Sphingomonadaceae,g:Sphingomonas,s:Sphingomonas sanguinis
ASV949	92.273	440	34	0	1	440	282	721	2.21e-178	625	tax=d:Bacteria,p:Proteobacteria,c:Alphaproteobacteria,o:Sphingomonadales,f:Sphingomonadaceae,g:Sphingomonas,s:Sphingomonas paucimobilis
ASV949	92.273	440	34	0	1	440	282	721	2.21e-178	625	tax=d:Bacteria,p:Proteobacteria,c:Alphaproteobacteria,o:Sphingomonadales,f:Sphingomonadaceae,g:Sphingomonas,s:AY921929_s
ASV949	92.273	440	34	0	1	440	280	719	2.21e-178	625	tax=d:Bacteria,p:Proteobacteria,c:Alphaproteobacteria,o:Sphingomonadales,f:Sphingomonadaceae,g:Sphingomonas,s:Sphingomonas pseudosanguinis
ASV949	92.273	440	34	0	1	440	282	721	2.21e-178	625	tax=d:Bacteria,p:Proteobacteria,c:Alphaproteobacteria,o:Sphingomonadales,f:Sphingomonadaceae,g:Sphingomonas,s:AFMP_s
ASV949	92.273	440	34	0	1	440	284	723	2.21e-178	625	tax=d:Bacteria,p:Proteobacteria,c:Alphaproteobacteria,o:Sphingomonadales,f:Sphingomonadaceae,g:Sphingomonas,s:Sphingomonas yabuuchiae
ASV949	92.273	440	32	2	1	440	279	716	7.96e-178	623	tax=d:Bacteria,p:Proteobacteria,c:Alphaproteobacteria,o:Sphingomonadales,f:Sphingomonadaceae,g:Sphingomonas,s:Sphingomonas aquatica
ASV949	92.255	439	34	0	1	439	282	720	7.96e-178	623	tax=d:Bacteria,p:Proteobacteria,c:Alphaproteobacteria,o:Sphingomonadales,f:Sphingomonadaceae,g:Sphingomonas,s:EU977746_s
ASV949	92.081	442	33	2	1	440	250	691	2.86e-177	621	tax=d:Bacteria,p:Proteobacteria,c:Alphaproteobacteria,o:Sphingomonadales,f:Sphingomonadaceae,g:Sphingomonas,s:Sphingomonas difficilis
ASV949	92.063	441	34	1	1	440	242	682	2.86e-177	621	tax=d:Bacteria,p:Proteobacteria,c:Alphaproteobacteria,o:Sphingomonadales,f:Erythrobacteraceae,g:Altererythrobacter,s:Altererythrobacter gangjinensis
ASV949	92.045	440	35	0	1	440	282	721	1.03e-176	619	tax=d:Bacteria,p:Proteobacteria,c:Alphaproteobacteria,o:Sphingomonadales,f:Sphingomonadaceae,g:Sphingomonas,s:MDDS_s
ASV949	92.045	440	35	0	1	440	282	721	1.03e-176	619	tax=d:Bacteria,p:Proteobacteria,c:Alphaproteobacteria,o:Sphingomonadales,f:Sphingomonadaceae,g:Sphingomonas,s:Sphingomonas zeicaulis
ASV949	92.045	440	35	0	1	440	282	721	1.03e-176	619	tax=d:Bacteria,p:Proteobacteria,c:Alphaproteobacteria,o:Sphingomonadales,f:Sphingomonadaceae,g:Sphingomonas,s:JQ072961_s
ASV949	92.045	440	35	0	1	440	282	721	1.03e-176	619	tax=d:Bacteria,p:Proteobacteria,c:Alphaproteobacteria,o:Sphingomonadales,f:Sphingomonadaceae,g:Sphingomonas,s:Sphingomonas indica
ASV949	92.045	440	35	0	1	440	282	721	1.03e-176	619	tax=d:Bacteria,p:Proteobacteria,c:Alphaproteobacteria,o:Sphingomonadales,f:Sphingomonadaceae,g:Sphingomonas,s:JF207636_s
ASV949	92.045	440	35	0	1	440	284	723	1.03e-176	619	tax=d:Bacteria,p:Proteobacteria,c:Alphaproteobacteria,o:Sphingomonadales,f:Sphingomonadaceae,g:Sphingomonas,s:JF204267_s
ASV949	92.081	442	31	4	1	440	282	721	1.03e-176	619	tax=d:Bacteria,p:Proteobacteria,c:Alphaproteobacteria,o:Sphingomonadales,f:Sphingomonadaceae,g:Sphingomonas,s:JF129021_s
ASV949	92.063	441	34	1	1	440	282	722	1.03e-176	619	tax=d:Bacteria,p:Proteobacteria,c:Alphaproteobacteria,o:Sphingomonadales,f:Sphingomonadaceae,g:Sphingomonas,s:HQ397198_s
ASV949	92.045	440	35	0	1	440	264	703	1.03e-176	619	tax=d:Bacteria,p:Proteobacteria,c:Alphaproteobacteria,o:Sphingomonadales,f:Sphingomonadaceae,g:Sphingomonas,s:FJ889336_s
ASV949	92.045	440	35	0	1	440	282	721	1.03e-176	619	tax=d:Bacteria,p:Proteobacteria,c:Alphaproteobacteria,o:Sphingomonadales,f:Sphingomonadaceae,g:EU580479_g,s:EU580479_s
ASV949	92.045	440	35	0	1	440	282	721	1.03e-176	619	tax=d:Bacteria,p:Proteobacteria,c:Alphaproteobacteria,o:Sphingomonadales,f:Sphingomonadaceae,g:Sphingomonas,s:CP018221_s
ASV949	92.045	440	35	0	1	440	282	721	1.03e-176	619	tax=d:Bacteria,p:Proteobacteria,c:Alphaproteobacteria,o:Sphingomonadales,f:Sphingomonadaceae,g:EU580479_g,s:AY792292_s
ASV949	92.045	440	35	0	1	440	282	721	1.03e-176	619	tax=d:Bacteria,p:Proteobacteria,c:Alphaproteobacteria,o:Sphingomonadales,f:Sphingomonadaceae,g:Sphingorhabdus,s:AY584571_s
ASV949	91.874	443	32	4	1	440	264	705	1.33e-175	616	tax=d:Bacteria,p:Proteobacteria,c:Alphaproteobacteria,o:Sphingomonadales,f:Sphingomonadaceae,g:Sphingomonas,s:JQ426894_s
ASV949	91.855	442	34	2	1	440	264	705	1.33e-175	616	tax=d:Bacteria,p:Proteobacteria,c:Alphaproteobacteria,o:Sphingomonadales,f:Sphingomonadaceae,g:Sphingomonas,s:HM438382_s
ASV949	91.855	442	32	4	1	440	282	721	4.79e-175	614	tax=d:Bacteria,p:Proteobacteria,c:Alphaproteobacteria,o:Sphingomonadales,f:Erythrobacteraceae,g:Erythrobacter,s:Erythrobacter marinus
ASV949	91.818	440	36	0	1	440	282	721	4.79e-175	614	tax=d:Bacteria,p:Proteobacteria,c:Alphaproteobacteria,o:Sphingomonadales,f:Erythrobacteraceae,g:Porphyrobacter,s:Porphyrobacter mercurialis
ASV949	91.818	440	36	0	1	440	282	721	4.79e-175	614	tax=d:Bacteria,p:Proteobacteria,c:Alphaproteobacteria,o:Sphingomonadales,f:Sphingomonadaceae,g:Sphingomonas,s:JN409232_s
ASV949	91.818	440	36	0	1	440	262	701	4.79e-175	614	tax=d:Bacteria,p:Proteobacteria,c:Alphaproteobacteria,o:Sphingomonadales,f:Sphingomonadaceae,g:Sphingomonas,s:JN020191_s
ASV949	91.818	440	36	0	1	440	282	721	4.79e-175	614	tax=d:Bacteria,p:Proteobacteria,c:Alphaproteobacteria,o:Sphingomonadales,f:Erythrobacteraceae,g:Qipengyuania,s:JF176555_s
ASV949	91.818	440	36	0	1	440	268	707	4.79e-175	614	tax=d:Bacteria,p:Proteobacteria,c:Alphaproteobacteria,o:Sphingomonadales,f:Sphingomonadaceae,g:Sphingomonas,s:EU642849_s
ASV949	91.818	440	36	0	1	440	279	718	4.79e-175	614	tax=d:Bacteria,p:Proteobacteria,c:Alphaproteobacteria,o:Sphingomonadales,f:Erythrobacteraceae,g:Altererythrobacter,s:AF468353_s
ASV949	91.818	440	36	0	1	440	280	719	4.79e-175	614	tax=d:Bacteria,p:Proteobacteria,c:Alphaproteobacteria,o:Sphingomonadales,f:Sphingomonadaceae,g:Polymorphobacter,s:Polymorphobacter multimanifer
ASV949	91.818	440	35	1	1	440	282	720	1.72e-174	612	tax=d:Bacteria,p:Proteobacteria,c:Alphaproteobacteria,o:Sphingomonadales,f:Sphingomonadaceae,g:Sphingomonas,s:Sphingomonas daechungensis
ASV949	91.591	440	37	0	1	440	284	723	1.72e-174	612	tax=d:Bacteria,p:Proteobacteria,c:Alphaproteobacteria,o:Sphingomonadales,f:Sphingomonadaceae,g:Sphingomonas,s:Sphingomonas roseiflava
ASV949	91.591	440	37	0	1	440	282	721	2.23e-173	608	tax=d:Bacteria,p:Proteobacteria,c:Alphaproteobacteria,o:Sphingomonadales,f:Sphingomonadaceae,g:Sphingomonas,s:JQ186108_s
ASV949	91.591	440	37	0	1	440	282	721	2.23e-173	608	tax=d:Bacteria,p:Proteobacteria,c:Alphaproteobacteria,o:Sphingomonadales,f:Erythrobacteraceae,g:Erythrobacter,s:Erythrobacter longus
ASV949	91.591	440	37	0	1	440	282	721	2.23e-173	608	tax=d:Bacteria,p:Proteobacteria,c:Alphaproteobacteria,o:Sphingomonadales,f:Sphingomonadaceae,g:Sphingomonas,s:Sphingomonas laterariae
ASV949	91.610	441	35	2	1	440	282	721	2.23e-173	608	tax=d:Bacteria,p:Proteobacteria,c:Alphaproteobacteria,o:Sphingomonadales,f:Sphingomonadaceae,g:Sandarakinorhabdus,s:FR682702_s
ASV949	91.591	440	37	0	1	440	282	721	2.23e-173	608	tax=d:Bacteria,p:Proteobacteria,c:Alphaproteobacteria,o:Sphingomonadales,f:Sphingomonadaceae,g:Sphingomonas,s:AM697187_s
ASV949	91.648	443	31	4	1	440	280	719	2.23e-173	608	tax=d:Bacteria,p:Proteobacteria,c:Alphaproteobacteria,o:Sphingomonadales,f:Sphingomonadaceae,g:AF170744_g,s:AF170744_s
ASV949	91.591	440	36	1	1	440	266	704	8.01e-173	606	tax=d:Bacteria,p:Proteobacteria,c:Alphaproteobacteria,o:Sphingomonadales,f:Sphingomonadaceae,g:Sphingomonas,s:JN023227_s
ASV949	91.610	441	34	3	1	440	256	694	8.01e-173	606	tax=d:Bacteria,p:Proteobacteria,c:Alphaproteobacteria,o:Sphingomonadales,f:Sphingomonadaceae,g:Sphingoaurantiacus,s:EU571151_s
ASV949	91.364	440	38	0	1	440	282	721	2.88e-172	604	tax=d:Bacteria,p:Proteobacteria,c:Alphaproteobacteria,o:Sphingomonadales,f:Sphingomonadaceae,g:Sphingomonas,s:GQ365185_s
ASV949	91.364	440	38	0	1	440	282	721	1.04e-171	603	tax=d:Bacteria,p:Proteobacteria,c:Alphaproteobacteria,o:Sphingomonadales,f:Sphingomonadaceae,g:Sphingomonas,s:Sphingomonas haloaromaticamans
ASV949	91.383	441	36	2	1	440	256	695	1.04e-171	603	tax=d:Bacteria,p:Proteobacteria,c:Alphaproteobacteria,o:Sphingomonadales,f:Sphingomonadaceae,g:Sphingoaurantiacus,s:Sphingoaurantiacus polygranulatus
ASV949	91.364	440	38	0	1	440	284	723	1.04e-171	603	tax=d:Bacteria,p:Proteobacteria,c:Alphaproteobacteria,o:Sphingomonadales,f:Sphingomonadaceae,g:Sphingomonas,s:JQMC_s
ASV949	91.364	440	38	0	1	440	264	703	1.04e-171	603	tax=d:Bacteria,p:Proteobacteria,c:Alphaproteobacteria,o:Sphingomonadales,f:Sphingomonadaceae,g:Sphingomonas,s:JQ427196_s
ASV949	91.403	442	34	4	1	440	282	721	1.04e-171	603	tax=d:Bacteria,p:Proteobacteria,c:Alphaproteobacteria,o:Rhodobacterales,f:Rhodobacteraceae,g:Amaricoccus,s:JF344173_s
ASV949	91.403	442	34	4	1	440	282	721	1.04e-171	603	tax=d:Bacteria,p:Proteobacteria,c:Alphaproteobacteria,o:Sphingomonadales,f:Sphingomonadaceae,g:Sphingomonas,s:Sphingomonas formosensis
ASV949	91.364	440	38	0	1	440	282	721	1.04e-171	603	tax=d:Bacteria,p:Proteobacteria,c:Alphaproteobacteria,o:Sphingomonadales,f:Sphingomonadaceae,g:Sphingomonas,s:EU133434_s
ASV949	91.364	440	38	0	1	440	282	721	1.04e-171	603	tax=d:Bacteria,p:Proteobacteria,c:Alphaproteobacteria,o:Sphingomonadales,f:Sphingomonadaceae,g:EU580479_g,s:DQ520195_s
ASV949	91.136	440	39	0	1	440	286	725	4.82e-170	597	tax=d:Bacteria,p:Proteobacteria,c:Alphaproteobacteria,o:Sphingomonadales,f:Sphingomonadaceae,g:Sphingomonas,s:Sphingomonas prati
ASV949	91.136	440	39	0	1	440	274	713	4.82e-170	597	tax=d:Bacteria,p:Proteobacteria,c:Alphaproteobacteria,o:Sphingomonadales,f:Sphingomonadaceae,g:Sphingomonas,s:Sphingomonas montana
ASV949	91.156	441	37	2	1	440	282	721	4.82e-170	597	tax=d:Bacteria,p:Proteobacteria,c:Alphaproteobacteria,o:Sphingomonadales,f:Sphingomonadaceae,g:Sphingoaurantiacus,s:Sphingoaurantiacus capsulatus
ASV949	91.136	440	39	0	1	440	286	725	4.82e-170	597	tax=d:Bacteria,p:Proteobacteria,c:Alphaproteobacteria,o:Sphingomonadales,f:Sphingomonadaceae,g:Sphingomonas,s:Sphingomonas arantia
ASV949	91.136	440	39	0	1	440	250	689	4.82e-170	597	tax=d:Bacteria,p:Proteobacteria,c:Alphaproteobacteria,o:Sphingomonadales,f:Sphingomonadaceae,g:Sandarakinorhabdus,s:HM008792_s
ASV949	91.196	443	33	4	1	440	282	721	4.82e-170	597	tax=d:Bacteria,p:Proteobacteria,c:Alphaproteobacteria,o:Sphingomonadales,f:Erythrobacteraceae,g:Altererythrobacter,s:FR686295_s
ASV949	91.156	441	37	2	1	440	282	721	4.82e-170	597	tax=d:Bacteria,p:Proteobacteria,c:Alphaproteobacteria,o:Sphingomonadales,f:Erythrobacteraceae,g:Erythrobacter,s:Erythrobacter atlanticus
ASV949	90.909	440	40	0	1	440	268	707	6.24e-169	593	tax=d:Bacteria,p:Proteobacteria,c:Alphaproteobacteria,o:Sphingomonadales,f:Sphingomonadaceae,g:Sandaracinobacter,s:Sandaracinobacter sibiricus
ASV949	90.971	443	37	3	1	440	282	724	6.24e-169	593	tax=d:Bacteria,p:Proteobacteria,c:Alphaproteobacteria,o:Sphingomonadales,f:Sphingomonadaceae,g:Sphingomonas,s:FM958423_s
